$SPEC_ID:
No sample description was entered.
$SPEC_REM:
DET# 2
DETDESC# JLAB-20 MCB 129
AP# Maestro Version 7.01
$DATE_MEA:
02/26/2016 15:16:52
$MEAS_TIM:
397 566
$DATA:
0 2047
       0
       0
       0
       0
       1
    1432
   34250
   13247
   15057
   15173
   14407
   14196
   14147
   14016
   14055
   14168
   14094
   14470
   14425
   14502
   14712
   14897
   14845
   14947
   15268
   15676
   16195
   16911
   17527
   18577
   20739
   24217
   24269
   21770
   21178
   22642
   26248
   31420
   36520
   41185
   48897
   58242
   67658
   77578
  105492
  199064
  229617
  127587
   51666
   30618
   30570
   48035
   62456
   47590
   27357
   15886
   12764
   12040
   12032
   11854
   11715
   11730
   11749
   11733
   11709
   11883
   11767
   11736
   11584
   11788
   11601
   11638
   11573
   11705
   11531
   11752
   11505
   11572
   11354
   11493
   11462
   11346
   11435
   11443
   11358
   11537
   11507
   11327
   11434
   11398
   11362
   11348
   11393
   10960
   11002
   11198
   11342
   11361
   11094
   11209
   11270
   11514
   11675
   12471
   13256
   12677
   13101
   14268
   12938
   11546
   10726
   10499
   10453
   10374
   10555
   10473
   10668
   10750
   10923
   10920
   11160
   11818
   11696
   10856
   10668
   10703
   10380
   10322
   10153
    9965
   10119
   10056
    9966
    9923
   10040
    9928
    9979
    9836
    9950
    9898
    9920
   10029
   10007
   10121
    9684
    9857
    9865
    9723
    9906
    9926
    9903
    9818
    9820
    9731
    9873
    9995
    9779
    9773
    9971
    9903
    9849
    9833
   10080
    9882
   10176
   10074
   10026
   10019
   10157
   10075
   10045
   10059
    9960
   10104
   10106
   10035
   10033
    9942
   10023
   10065
   10076
    9944
   10101
   10137
   10124
    9958
    9906
   10024
   10049
    9966
    9770
    9924
    9937
   10180
   10018
   10094
   10020
   10094
   10084
    9910
    9970
   10150
    9991
   10152
    9931
   10069
    9980
    9853
    9791
    9967
    9900
    9937
    9876
    9953
    9831
    9974
    9994
    9878
    9783
    9885
    9833
    9767
    9853
    9841
    9850
    9781
    9752
    9806
    9833
    9802
    9828
    9694
    9864
    9750
    9792
    9947
   10112
    9782
    9937
    9823
    9773
    9863
    9787
    9907
    9971
    9889
   10187
   10116
    9925
   10113
   10076
   10037
   10233
   10322
   10405
   10598
   10513
   10603
   10777
   11174
   11216
   11369
   11896
   11994
   12578
   12808
   12915
   13090
   13127
   13209
   12999
   13175
   13256
   13056
   12890
   13142
   12834
   12959
   13141
   12673
   12820
   12835
   12531
   12783
   12620
   12510
   12506
   12449
   12379
   12204
   12146
   12185
   12211
   12151
   11966
   11955
   12077
   11842
   12029
   11601
   11633
   11770
   11679
   11708
   11471
   11531
   11496
   11597
   11390
   10972
   11280
   11116
   11233
   11313
   11087
   11108
   10884
   10982
   10788
   10777
   11041
   10716
   10805
   10693
   10728
   10539
   10513
   10505
   10519
   10545
   10407
   10231
   10437
   10415
   10340
   10160
   10077
   10056
    9941
   10017
   10078
   10116
   10005
    9978
    9697
    9950
    9868
    9630
    9612
    9809
    9556
    9617
    9729
    9630
    9401
    9637
    9696
    9518
    9399
    9378
    9321
    9460
    9364
    9252
    9328
    9229
    9503
    9465
    9368
    9182
    9268
    9245
    9135
    9093
    9161
    9087
    9031
    9157
    9017
    8959
    9062
    9185
    8875
    9154
    8844
    8975
    8812
    8954
    8826
    8772
    8791
    8871
    8649
    8787
    8596
    8833
    8797
    8748
    8825
    8657
    8507
    8482
    8724
    8767
    8639
    8733
    8661
    8539
    8763
    8726
    8334
    8466
    8367
    8520
    8521
    8567
    8555
    8502
    8425
    8486
    8395
    8467
    8392
    8494
    8456
    8504
    8573
    8298
    8367
    8261
    8404
    8381
    8543
    8268
    8225
    8345
    8213
    8389
    8340
    8352
    8254
    8266
    8325
    8138
    8410
    8441
    8347
    8405
    8240
    8305
    8211
    8326
    8135
    8196
    8445
    8270
    8214
    8268
    8300
    8252
    8268
    8319
    8359
    8273
    8136
    8315
    8093
    8341
    8189
    8291
    8222
    8245
    8167
    8282
    8292
    8169
    8108
    8327
    8174
    8246
    8222
    8227
    8343
    8317
    8272
    8410
    8298
    8184
    8459
    8152
    8398
    8337
    8160
    8296
    8399
    8416
    8281
    8330
    8397
    8468
    8249
    8150
    8233
    8266
    8283
    8329
    8373
    8332
    8475
    8213
    8368
    8247
    8490
    8323
    8482
    8422
    8400
    8344
    8311
    8365
    8579
    8532
    8424
    8585
    8525
    8615
    8617
    8555
    8651
    8557
    8763
    8635
    8582
    8640
    8756
    8813
    8502
    8670
    8572
    8705
    8628
    8561
    8720
    8783
    8846
    8693
    8744
    8717
    8802
    8980
    8878
    8875
    8912
    8929
    9040
    8987
    9122
    9023
    9071
    8939
    9088
    9161
    9074
    9096
    9334
    9233
    9078
    9223
    9310
    9461
    9349
    9435
    9286
    9470
    9307
    9424
    9373
    9492
    9535
    9545
    9522
    9506
    9749
    9865
    9723
    9889
    9861
    9695
    9731
   10028
   10020
   10098
    9986
   10108
    9921
   10053
    9979
   10138
   10499
   10325
   10207
   10289
   10296
   10390
   10447
   10488
   10441
   10552
   10639
   10461
   10890
   10713
   10794
   10856
   11106
   10845
   10982
   11051
   11050
   11192
   11141
   11356
   11341
   11574
   11331
   11497
   11626
   11761
   12014
   11780
   11726
   11745
   12187
   11994
   12006
   12040
   12432
   12154
   12331
   12513
   12297
   12612
   12596
   12505
   12810
   12727
   13011
   12760
   13120
   13268
   13249
   13407
   13304
   13310
   13766
   13402
   13772
   13765
   13826
   13994
   13910
   14092
   13905
   13883
   13936
   14240
   14223
   14144
   13952
   14200
   14027
   14147
   14085
   13760
   13881
   13486
   13145
   12844
   12544
   12176
   11747
   11262
   10639
   10186
    9704
    9375
    8992
    8589
    8249
    8355
    8034
    7812
    7673
    7581
    7521
    7377
    7350
    7156
    6966
    6980
    6917
    6900
    6854
    6697
    6555
    6623
    6561
    6499
    6554
    6295
    6439
    6236
    6160
    6047
    6033
    6003
    5918
    5831
    5678
    5831
    5586
    5686
    5600
    5600
    5463
    5469
    5386
    5322
    5429
    5240
    5185
    5300
    5134
    5124
    5033
    4968
    4802
    4939
    4782
    4865
    4731
    4756
    4522
    4573
    4563
    4371
    4349
    4346
    4350
    4397
    4229
    4244
    4135
    4105
    3976
    4082
    3984
    3946
    3873
    3822
    3853
    3793
    3718
    3731
    3559
    3543
    3536
    3430
    3296
    3292
    3291
    3367
    3205
    3262
    3037
    3072
    3033
    2980
    2990
    2873
    2855
    2738
    2784
    2725
    2597
    2577
    2738
    2512
    2479
    2456
    2409
    2435
    2325
    2313
    2325
    2284
    2177
    2164
    2149
    2129
    2057
    2105
    2034
    2026
    2050
    2034
    1984
    2030
    1937
    1968
    1994
    1908
    1954
    1912
    1863
    1806
    1906
    1827
    1836
    1715
    1749
    1786
    1753
    1704
    1730
    1799
    1675
    1711
    1671
    1750
    1685
    1694
    1677
    1680
    1660
    1659
    1621
    1604
    1569
    1620
    1577
    1550
    1622
    1500
    1550
    1522
    1519
    1570
    1527
    1525
    1472
    1501
    1600
    1496
    1448
    1406
    1448
    1389
    1440
    1433
    1431
    1442
    1417
    1384
    1436
    1428
    1417
    1426
    1377
    1410
    1380
    1471
    1466
    1451
    1385
    1388
    1313
    1389
    1321
    1436
    1432
    1360
    1420
    1336
    1337
    1369
    1354
    1365
    1428
    1361
    1404
    1408
    1513
    1364
    1439
    1450
    1376
    1410
    1417
    1452
    1421
    1400
    1470
    1452
    1414
    1426
    1414
    1504
    1417
    1439
    1511
    1451
    1405
    1445
    1491
    1527
    1481
    1460
    1523
    1671
    1647
    1669
    1773
    1836
    2055
    2217
    2528
    3028
    3628
    4244
    5218
    6636
    8115
   10400
   13329
   17821
   23771
   29379
   36558
   44265
   54128
   68300
  103632
  201177
  327209
  297846
  148748
   44687
   10468
    3324
    2163
    1910
    1826
    1747
    1751
    1766
    1959
    1848
    1957
    1943
    1898
    1928
    1739
    1859
    1753
    1745
    1667
    1692
    1706
    1644
    1621
    1717
    1682
    1673
    1640
    1586
    1670
    1634
    1648
    1681
    1628
    1702
    1733
    1721
    1764
    1740
    1703
    1788
    1940
    1929
    1761
    1410
    1220
    1112
    1088
    1147
    1017
     960
     912
     871
     812
     799
     830
     837
     833
     809
     821
     813
     835
     816
     797
     811
     825
     739
     750
     781
     751
     758
     757
     774
     745
     813
     802
     766
     762
     736
     757
     759
     750
     746
     733
     784
     784
     719
     755
     783
     735
     775
     734
     758
     702
     745
     704
     734
     733
     733
     716
     735
     721
     737
     726
     736
     667
     689
     715
     714
     703
     707
     661
     677
     661
     640
     671
     714
     655
     673
     667
     646
     646
     670
     661
     639
     687
     648
     672
     656
     619
     648
     625
     604
     664
     648
     686
     674
     578
     660
     665
     605
     593
     660
     630
     599
     637
     639
     583
     625
     624
     650
     600
     650
     573
     630
     637
     603
     565
     585
     568
     656
     569
     551
     620
     575
     593
     576
     584
     616
     563
     589
     588
     611
     560
     576
     581
     580
     572
     636
     605
     577
     569
     597
     599
     582
     536
     548
     555
     583
     565
     560
     531
     538
     589
     566
     567
     551
     555
     543
     556
     557
     594
     543
     564
     530
     593
     567
     551
     501
     519
     551
     505
     516
     547
     569
     519
     553
     568
     490
     530
     478
     533
     488
     561
     502
     545
     497
     538
     564
     547
     547
     555
     529
     468
     549
     513
     522
     542
     528
     483
     539
     500
     482
     537
     477
     468
     485
     524
     526
     519
     510
     531
     509
     490
     531
     508
     556
     504
     480
     495
     458
     521
     511
     473
     495
     483
     470
     501
     499
     533
     487
     509
     474
     476
     526
     482
     478
     455
     467
     420
     501
     482
     423
     509
     490
     447
     443
     467
     442
     447
     468
     454
     444
     440
     468
     431
     449
     444
     434
     477
     437
     468
     429
     411
     433
     440
     422
     421
     429
     407
     458
     408
     402
     427
     412
     435
     416
     413
     417
     416
     412
     407
     401
     368
     394
     410
     409
     402
     386
     367
     378
     382
     411
     349
     388
     384
     343
     383
     374
     354
     389
     384
     316
     340
     369
     359
     343
     376
     356
     367
     365
     347
     351
     325
     356
     367
     320
     362
     359
     349
     354
     344
     345
     341
     338
     366
     364
     370
     374
     318
     376
     349
     346
     350
     295
     356
     358
     333
     353
     372
     357
     330
     332
     320
     323
     338
     344
     354
     356
     341
     300
     312
     296
     363
     297
     300
     322
     341
     328
     331
     309
     310
     321
     318
     320
     330
     313
     347
     295
     324
     306
     296
     291
     263
     315
     306
     339
     324
     305
     277
     301
     278
     279
     278
     302
     296
     306
     287
     314
     274
     284
     251
     286
     294
     293
     320
     283
     292
     286
     262
     292
     277
     287
     270
     274
     298
     257
     279
     255
     270
     262
     290
     238
     265
     294
     260
     274
     266
     272
     271
     258
     286
     274
     289
     274
     283
     233
     250
     269
     261
     277
     230
     249
     277
     233
     246
     278
     245
     259
     238
     239
     240
     233
     218
     248
     250
     244
     257
     257
     221
     224
     233
     256
     222
     244
     248
     252
     237
     250
     229
     267
     235
     269
     242
     234
     246
     217
     230
     233
     224
     224
     262
     226
     241
     208
     226
     222
     242
     244
     207
     220
     214
     219
     234
     242
     237
     211
     218
     216
     227
     224
     244
     235
     220
     222
     197
     232
     237
     223
     231
     233
     192
     252
     237
     216
     228
     223
     205
     228
     208
     210
     223
     202
     194
     198
     210
     215
     213
     203
     235
     201
     226
     216
     186
     233
     206
     184
     183
     184
     201
     201
     215
     201
     197
     188
     202
     229
     216
     188
     199
     198
     222
     216
     208
     226
     230
     202
     182
     197
     167
     205
     192
     187
     193
     185
     223
     189
     193
     184
     182
     193
     208
     190
     190
     202
     208
     183
     173
     190
     183
     203
     185
     179
     186
     205
     180
     166
     182
     184
     172
     176
     185
     177
     196
     174
     182
     154
     184
     178
     164
     179
     166
     161
     184
     145
     188
     183
     188
     155
     169
     157
     166
     175
     171
     154
     165
     170
     177
     159
     157
     147
     162
     176
     161
     129
     168
     151
     188
     162
     173
     140
     150
     135
     163
     134
     148
     129
     168
     161
     137
     125
     135
     120
     141
     130
     135
     114
     139
     120
     129
     103
     125
     110
     118
     118
     123
     109
     110
     107
     119
     112
     110
     115
     123
      89
     112
     112
      78
      97
     101
      94
     102
     102
      98
      84
     101
      84
      95
      94
      88
     101
     100
     107
      70
      76
      79
     110
      95
      95
      94
      83
      84
      99
     105
      82
      87
      83
      93
      86
     105
      77
      88
      88
      79
      81
      88
      55
      76
      82
      74
      68
      81
      78
      80
      96
      83
      75
      80
      73
      82
      63
      78
      54
      80
      61
      87
      65
      81
      75
      80
      69
      53
      71
      65
      64
      72
      63
      65
      75
      62
      64
      72
      68
      67
      80
      67
      64
      63
      55
      63
      57
      77
      62
      66
      76
      65
      65
      55
      57
      69
      64
      63
      61
      54
      78
      71
      76
      59
      59
      63
      56
      71
      67
      58
      66
      67
      71
      61
      53
      72
      63
      56
      56
      58
      64
      67
      64
      64
      63
      62
      62
      61
      69
      54
      67
      67
      53
      78
      69
      59
      50
      56
      47
      55
      66
      70
      67
      72
      70
      52
      59
      63
      64
      51
      58
      43
      57
      56
      56
      58
      71
      68
      55
      65
      49
      62
      60
      71
      71
      67
      62
      72
      53
      57
      46
      63
      60
      79
      60
      61
      56
      55
      68
      71
      59
      57
      61
      71
      60
      72
      78
      75
      59
      78
      76
      65
      63
      70
      76
      62
      59
      73
      74
      65
      74
      78
      69
      68
      71
      82
      69
      80
      62
      62
      84
      67
      91
      78
      85
      69
      87
      86
      89
      90
      74
      89
      98
      87
      88
     119
      88
      85
     116
     102
     109
      93
     122
     136
     145
     125
     133
     127
     155
     155
     158
     169
     179
     177
     216
     219
     213
     185
     120
      54
      24
      25
      22
      16
      18
      17
      18
      21
      14
      12
      16
      18
      14
      13
      10
      19
      16
      14
      19
      19
      19
      22
      18
      10
      11
      22
      13
      10
       8
      17
       9
      11
      16
       7
      13
      16
      20
      13
      10
      12
      14
      15
       8
      12
       9
       8
      11
      12
      12
       9
      11
      13
       8
      13
      10
      11
      10
      11
      13
      12
      11
      11
       9
      11
       8
       9
      10
      12
       8
      11
       8
       8
      11
      10
       9
      15
      12
      14
       8
       5
      10
       7
       8
       8
       9
       7
      11
       9
       5
      10
       9
      12
       8
       9
       5
       6
       8
       0
      11
      12
      11
       8
      14
      10
       9
       7
      16
       9
       7
      11
      14
       8
       6
      10
      10
      11
       8
       8
       6
      11
       9
       5
       9
       8
       7
       0
       0
       0
       0
       0
       0
       0
       0
       0
       0
       0
       0
       0
       0
       0
       0
       0
       0
       0
       0
       0
       0
       0
       0
       0
       0
       0
       0
       0
       0
       0
       0
$ROI:
1
11 2032
$PRESETS:
Live Time
500
0
$ENER_FIT:
0.000000 0.024067
$MCA_CAL:
3
0.000000E+000 2.406711E-002 0.000000E+000 keV
$SHAPE_CAL:
3
0.000000E+000 0.000000E+000 0.000000E+000
