$SPEC_ID:
No sample description was entered.
$SPEC_REM:
DET# 2
DETDESC# JLAB-20 MCB 129
AP# Maestro Version 7.01
$DATE_MEA:
02/25/2016 15:35:17
$MEAS_TIM:
301 434
$DATA:
0 2047
       0
       0
       1
       0
      13
    1468
   28697
   11625
   12917
   12918
   12651
   12592
   12661
   12555
   12572
   13015
   13027
   13189
   13130
   13365
   13178
   13322
   13907
   14377
   14872
   15740
   17346
   19835
   21977
   19460
   18618
   20493
   23901
   28701
   33427
   39271
   48432
   58007
   67768
   93696
  183108
  183005
   79713
   32051
   26378
   36896
   54504
   41507
   22253
   12783
   11014
   10570
   10494
   10591
   10450
   10426
   10392
   10568
   10359
   10392
   10387
   10486
   10593
   10332
   10337
   10361
   10236
   10282
   10148
   10489
   10281
   10107
   10151
   10244
   10285
   10123
   10275
   10130
   10125
   10251
   10021
   10073
    9986
    9921
    9952
   10051
   10112
   10021
   10074
   10189
   10295
   10724
   11572
   11657
   11492
   12644
   11624
   10044
    9455
    9383
    9406
    9470
    9327
    9554
    9371
    9478
    9892
   10448
   10433
    9701
    9506
    9541
    9329
    9091
    9155
    8951
    8763
    8849
    8943
    8974
    8921
    8774
    8920
    8813
    8912
    8746
    8976
    8764
    8954
    8757
    8711
    8861
    8819
    8746
    8847
    8615
    8695
    8782
    8693
    8823
    8823
    8817
    8935
    8796
    8873
    9022
    8975
    8929
    8988
    9007
    9018
    9020
    9160
    9125
    8923
    9099
    8806
    8937
    8954
    9131
    9026
    8908
    9080
    8946
    9006
    9173
    9103
    8942
    9100
    8858
    8975
    8978
    9015
    8690
    9016
    8843
    8811
    8941
    9028
    8907
    8907
    8769
    8957
    8911
    8921
    8804
    8895
    8886
    8807
    8778
    9011
    9009
    8685
    8651
    8873
    8858
    8758
    8894
    8748
    8953
    8817
    8763
    8880
    8800
    8769
    8853
    8932
    8791
    8662
    8798
    8804
    8844
    9053
    8726
    8819
    8943
    8776
    8832
    8816
    8794
    8926
    8826
    9029
    9045
    8990
    9167
    9269
    9549
    9574
    9510
    9647
    9888
   10268
   10596
   10747
   11247
   11395
   11743
   11836
   11688
   11802
   11540
   11839
   11788
   11502
   11604
   11537
   11647
   11560
   11630
   11452
   11278
   11160
   11238
   11248
   11132
   11213
   10807
   10872
   10909
   10947
   10855
   10747
   10636
   10658
   10747
   10466
   10340
   10448
   10306
   10182
   10202
   10295
   10119
   10091
    9936
    9978
   10109
    9834
   10119
    9778
    9641
    9869
    9816
    9807
    9784
    9458
    9617
    9534
    9346
    9385
    9379
    9250
    9234
    9186
    9231
    9121
    9022
    9016
    8925
    9106
    8943
    9022
    9081
    8905
    8809
    8953
    8770
    8814
    8769
    8791
    8767
    8558
    8696
    8725
    8532
    8684
    8663
    8392
    8320
    8498
    8541
    8402
    8331
    8287
    8354
    8263
    8338
    8225
    8320
    8091
    8141
    8198
    7989
    8302
    8104
    8022
    8026
    8174
    8094
    7999
    8000
    8000
    7934
    7980
    7978
    8003
    7861
    7772
    7842
    7803
    7746
    7692
    7800
    7779
    7799
    7710
    7758
    7833
    7663
    7725
    7649
    7661
    7641
    7535
    7631
    7737
    7615
    7732
    7587
    7629
    7544
    7700
    7497
    7571
    7690
    7526
    7447
    7596
    7375
    7534
    7532
    7483
    7467
    7549
    7617
    7480
    7468
    7411
    7493
    7449
    7632
    7500
    7311
    7302
    7613
    7472
    7431
    7451
    7290
    7406
    7414
    7407
    7410
    7333
    7386
    7521
    7416
    7439
    7464
    7445
    7396
    7436
    7249
    7359
    7262
    7562
    7451
    7537
    7434
    7591
    7510
    7412
    7410
    7418
    7417
    7443
    7419
    7391
    7434
    7408
    7387
    7397
    7380
    7494
    7475
    7561
    7628
    7430
    7528
    7318
    7439
    7534
    7437
    7465
    7360
    7506
    7534
    7582
    7579
    7526
    7567
    7523
    7394
    7711
    7574
    7474
    7552
    7595
    7502
    7626
    7413
    7626
    7628
    7657
    7553
    7785
    7720
    7622
    7733
    7715
    7682
    7901
    7705
    7909
    7672
    7814
    7817
    7925
    7931
    7880
    8058
    7868
    7733
    7944
    8016
    7880
    7932
    7939
    8105
    7989
    7922
    7952
    8064
    8169
    8236
    8167
    8335
    8099
    8352
    8190
    8351
    8062
    8267
    8405
    8517
    8386
    8244
    8511
    8454
    8457
    8602
    8435
    8534
    8695
    8585
    8656
    8744
    8631
    8842
    8643
    8796
    8871
    8810
    9072
    8982
    9068
    8933
    9139
    9107
    9070
    9076
    9252
    9440
    9212
    9261
    9425
    9446
    9499
    9561
    9568
    9439
    9806
    9635
    9653
    9793
    9743
    9672
    9916
    9834
   10114
   10121
   10276
   10405
   10448
   10226
   10521
   10436
   10425
   10499
   10619
   10716
   10582
   10831
   10695
   10921
   10892
   10928
   11075
   11162
   11305
   11502
   11491
   11629
   11498
   11667
   11768
   11630
   11804
   12010
   11703
   11891
   12015
   12292
   12123
   12294
   12414
   12432
   12540
   12377
   12631
   12621
   12705
   12602
   12613
   12398
   12388
   12301
   12101
   12132
   11889
   11557
   11299
   10777
   10278
    9873
    9178
    8854
    8589
    8114
    7763
    7653
    7275
    7037
    6862
    6716
    6684
    6620
    6238
    6399
    6224
    6264
    6235
    6201
    6048
    5834
    5817
    5936
    5678
    5583
    5632
    5549
    5505
    5384
    5387
    5362
    5375
    5302
    5173
    5155
    5086
    5205
    5075
    4938
    4839
    4712
    4731
    4769
    4652
    4588
    4632
    4574
    4427
    4383
    4379
    4244
    4290
    4272
    4157
    4077
    4044
    4020
    3978
    3895
    3883
    3955
    3807
    3773
    3763
    3727
    3639
    3591
    3564
    3503
    3460
    3394
    3368
    3241
    3336
    3176
    3158
    3201
    3074
    2963
    2984
    2947
    2913
    2947
    2796
    2725
    2660
    2564
    2561
    2572
    2511
    2419
    2455
    2357
    2302
    2337
    2263
    2281
    2239
    2124
    2164
    2042
    2160
    2082
    1986
    2003
    2034
    1890
    1844
    1882
    1864
    1855
    1740
    1832
    1769
    1724
    1714
    1733
    1707
    1648
    1647
    1700
    1635
    1604
    1634
    1721
    1621
    1585
    1526
    1605
    1532
    1549
    1557
    1525
    1562
    1589
    1560
    1492
    1508
    1498
    1506
    1500
    1413
    1462
    1444
    1397
    1462
    1394
    1434
    1374
    1446
    1370
    1307
    1343
    1377
    1346
    1360
    1403
    1294
    1377
    1283
    1266
    1232
    1278
    1307
    1255
    1304
    1285
    1317
    1342
    1350
    1251
    1270
    1229
    1305
    1224
    1256
    1324
    1264
    1296
    1298
    1199
    1238
    1212
    1171
    1227
    1283
    1239
    1250
    1300
    1294
    1277
    1267
    1313
    1262
    1334
    1269
    1339
    1308
    1281
    1349
    1279
    1296
    1335
    1274
    1364
    1350
    1320
    1309
    1375
    1416
    1352
    1459
    1514
    1500
    1618
    1708
    1961
    2175
    2471
    3163
    3954
    4834
    6108
    7673
   10230
   13886
   19236
   25203
   31847
   39344
   49373
   67600
  122245
  247755
  289914
  157546
   44303
    8687
    2673
    1851
    1697
    1663
    1656
    1679
    1801
    1744
    1734
    1787
    1664
    1647
    1625
    1632
    1597
    1608
    1529
    1541
    1515
    1501
    1465
    1592
    1524
    1542
    1556
    1543
    1479
    1477
    1448
    1615
    1505
    1624
    1683
    1633
    1696
    1721
    1732
    1364
    1135
    1058
     967
     969
     919
     857
     776
     792
     712
     761
     795
     811
     781
     725
     757
     750
     671
     727
     712
     702
     727
     726
     690
     684
     733
     719
     736
     686
     682
     745
     662
     728
     710
     688
     711
     678
     706
     680
     686
     672
     681
     651
     611
     662
     664
     704
     644
     694
     685
     689
     694
     657
     638
     629
     634
     711
     647
     628
     658
     639
     669
     651
     628
     603
     614
     672
     628
     640
     635
     596
     634
     647
     582
     638
     606
     620
     606
     599
     610
     612
     628
     616
     598
     634
     548
     614
     600
     567
     590
     619
     603
     522
     642
     551
     571
     566
     585
     600
     533
     596
     554
     548
     561
     537
     555
     552
     507
     482
     520
     519
     514
     573
     557
     541
     534
     537
     588
     555
     500
     561
     502
     510
     551
     508
     517
     557
     559
     538
     514
     549
     527
     543
     518
     522
     566
     519
     502
     473
     470
     510
     502
     512
     508
     535
     489
     503
     525
     491
     541
     510
     492
     454
     522
     491
     491
     515
     512
     488
     499
     490
     462
     521
     537
     466
     457
     505
     501
     510
     474
     508
     485
     533
     459
     491
     475
     503
     460
     498
     476
     445
     440
     465
     471
     465
     467
     484
     475
     445
     496
     458
     447
     464
     468
     471
     440
     483
     434
     461
     425
     442
     463
     447
     451
     466
     427
     437
     477
     438
     437
     419
     440
     408
     381
     450
     395
     462
     414
     401
     429
     402
     411
     425
     393
     410
     430
     403
     398
     392
     396
     379
     411
     369
     373
     377
     383
     360
     362
     358
     363
     355
     380
     395
     388
     394
     378
     398
     364
     377
     362
     358
     397
     371
     357
     380
     330
     352
     369
     363
     318
     335
     331
     327
     300
     366
     325
     335
     364
     309
     379
     348
     361
     325
     327
     331
     321
     325
     361
     330
     336
     307
     347
     333
     300
     307
     351
     336
     365
     333
     339
     322
     360
     286
     320
     299
     324
     333
     312
     322
     330
     365
     313
     328
     334
     330
     278
     326
     306
     291
     332
     312
     336
     284
     324
     257
     302
     281
     340
     266
     308
     277
     266
     282
     278
     276
     284
     300
     259
     301
     265
     269
     264
     289
     244
     226
     285
     243
     276
     262
     286
     283
     286
     269
     294
     259
     254
     246
     281
     215
     269
     261
     238
     266
     265
     281
     238
     242
     227
     254
     272
     229
     258
     234
     256
     239
     275
     245
     260
     233
     211
     243
     250
     241
     245
     257
     273
     226
     230
     266
     231
     227
     258
     246
     228
     258
     245
     251
     226
     258
     218
     230
     233
     238
     186
     229
     225
     250
     207
     220
     240
     235
     198
     204
     220
     213
     229
     228
     202
     224
     200
     217
     208
     238
     217
     213
     226
     215
     210
     190
     217
     210
     218
     208
     214
     231
     189
     209
     172
     216
     206
     185
     196
     202
     203
     240
     184
     195
     202
     177
     211
     183
     214
     197
     192
     203
     186
     197
     203
     210
     207
     215
     196
     195
     186
     175
     186
     186
     186
     228
     203
     213
     211
     183
     209
     190
     173
     172
     173
     200
     168
     202
     189
     195
     225
     165
     184
     195
     197
     165
     194
     190
     172
     173
     180
     186
     186
     188
     225
     170
     189
     177
     184
     184
     176
     177
     185
     197
     187
     170
     172
     186
     168
     172
     168
     153
     184
     188
     184
     167
     181
     168
     175
     166
     170
     182
     177
     173
     185
     175
     165
     165
     149
     166
     172
     167
     171
     153
     188
     168
     146
     173
     139
     163
     165
     159
     155
     157
     156
     149
     158
     165
     143
     149
     138
     124
     125
     158
     126
     128
     142
     161
     140
     120
     128
     106
     117
     119
     161
     119
     116
     113
     117
     120
     113
     124
     116
      98
     101
     108
     100
      95
      99
     106
     104
     102
      98
      89
      84
      83
     100
      93
      84
      94
     109
      92
     106
     113
      93
      94
      95
      80
      86
      71
      93
      70
      87
      83
      78
      91
      87
      83
      84
      77
      72
      79
      91
      75
      77
      84
      61
      73
      81
      68
      60
      96
      90
      61
      69
      65
      84
      81
      61
      74
      68
      57
      83
      65
      81
      73
      67
      61
      61
      61
      64
      59
      68
      72
      61
      61
      78
      79
      60
      69
      61
      65
      64
      52
      57
      49
      58
      72
      52
      63
      80
      69
      60
      64
      53
      63
      53
      65
      56
      69
      52
      51
      72
      64
      73
      62
      69
      42
      67
      66
      55
      59
      64
      58
      51
      59
      52
      48
      60
      74
      38
      66
      61
      58
      55
      49
      51
      63
      55
      69
      54
      53
      55
      52
      51
      51
      54
      70
      54
      61
      50
      52
      51
      64
      47
      65
      67
      50
      60
      49
      49
      51
      47
      56
      62
      78
      64
      65
      51
      58
      53
      56
      55
      58
      59
      60
      63
      60
      69
      49
      62
      57
      55
      68
      51
      63
      65
      60
      62
      72
      65
      55
      47
      62
      51
      76
      63
      59
      69
      52
      54
      50
      74
      65
      71
      73
      66
      70
      82
      70
      79
      62
      60
      86
      69
      62
      59
      72
      83
      65
      75
      81
      78
      85
     102
      83
      91
      85
      79
     110
     111
      90
     114
     125
     120
     130
     132
     138
     148
     155
     173
     215
     210
     213
     151
      83
      33
      15
      18
      12
      18
      16
      25
      16
      10
      13
      12
      13
      17
      13
      13
      10
      13
       7
      12
      13
      14
      11
       8
      15
      11
      16
      14
      14
      13
      10
      16
      16
      10
       9
      14
      10
      19
      15
      10
      12
      14
      10
      10
      14
       8
      17
      11
      11
       9
       8
      10
      11
      12
       7
       9
      12
       8
       8
       9
       4
       7
      12
      12
      12
       8
       5
       9
       5
      11
      14
       7
      15
       9
       5
       7
      13
      11
      13
       9
       8
       9
       5
      13
      14
      10
      11
       8
       8
      11
       8
      11
      11
       4
      11
       9
       8
       7
      10
      12
       6
       5
      10
       7
       8
       8
       7
       8
      12
       5
       7
       9
       6
       9
       6
       7
      11
       6
      11
       9
      12
      11
      11
      10
       5
       7
       8
       7
       5
       7
       8
      10
       6
       8
       5
      10
       5
       9
       6
       7
      10
       8
       7
      12
       5
       7
       7
       5
       8
       6
       8
      10
      11
       4
      11
       7
       9
       9
       5
       6
       6
       5
      11
       6
       8
       7
       9
       6
       3
       9
      10
       8
      11
      20
      14
      10
      17
       4
       2
       7
       9
       3
       9
       5
       4
       5
       3
       6
       4
       2
       3
       5
       6
       5
       3
       3
       8
       3
       5
       9
       3
       8
       3
       6
       3
       5
       1
       4
       6
      11
      14
       5
       5
       0
       4
       4
       3
       4
       9
       4
       3
       7
       2
       7
       5
       3
       2
       6
       2
       7
       5
       3
       8
       3
       5
       7
       6
       4
       5
       5
       2
      11
       2
       6
       3
       7
       6
       7
       2
       5
       7
       7
       6
       8
       9
       5
       8
       3
       1
       6
       6
       4
       3
       3
       4
       2
       4
       2
       6
       1
       4
       1
       6
       3
       3
       7
       4
       2
       4
       2
      10
       3
       3
       5
       5
       1
       1
       3
       4
       8
       6
       7
       4
       3
       3
       1
       3
      10
       1
       6
       5
       3
       2
       3
       3
       2
       2
       3
       4
       3
       3
       1
       2
       4
       3
       3
       3
       1
       5
       6
       4
       4
       1
       2
       2
       2
       5
       2
       6
       3
       0
       4
       3
       1
       1
       1
       3
       2
       0
       0
       0
       0
       0
       0
       0
       0
       0
       0
       0
       0
       0
       0
       0
       0
       0
       0
       0
       0
       0
       0
       0
       0
       0
       0
       0
       0
       0
       0
       0
       0
$ROI:
1
11 2032
$PRESETS:
Live Time
1000
0
$ENER_FIT:
0.000000 0.024067
$MCA_CAL:
3
0.000000E+000 2.406711E-002 0.000000E+000 keV
$SHAPE_CAL:
3
0.000000E+000 0.000000E+000 0.000000E+000
