$SPEC_ID:
No sample description was entered.
$SPEC_REM:
DET# 2
DETDESC# JLAB-20 MCB 129
AP# Maestro Version 7.01
$DATE_MEA:
02/26/2016 15:29:43
$MEAS_TIM:
264 400
$DATA:
0 2047
       0
       0
       1
       0
      37
   48590
  853162
   62214
   48633
   22989
   13074
    8442
    6462
    5529
    5365
    5135
    5087
    5106
    4899
    4973
    4831
    4666
    4891
    4770
    4636
    4651
    4633
    4710
    4648
    4630
    4845
    4663
    4747
    4779
    4809
    4809
    4901
    4848
    4879
    4885
    4927
    4993
    4988
    4942
    4890
    4977
    5040
    5138
    5101
    5150
    5385
    5428
    5401
    5419
    5541
    5763
    5788
    6003
    6081
    6275
    6259
    6571
    7004
    7729
    8304
    8613
    8443
    8163
    7981
    7630
    7920
    8110
    8441
    9093
    9719
   10818
   11622
   12856
   13697
   14618
   15622
   16853
   18229
   19686
   21244
   22813
   24601
   25660
   26867
   29113
   32501
   41134
   56660
   71978
   74360
   63997
   46306
   30042
   18892
   12809
   10445
    9816
   10239
   10727
   13436
   16853
   19852
   19298
   16884
   13562
    9926
    7323
    5769
    4672
    4349
    4207
    4025
    3776
    3997
    3954
    3969
    3930
    3855
    3922
    3961
    3815
    3980
    3907
    3891
    3881
    3954
    3891
    3939
    3936
    3888
    3948
    3861
    3868
    3865
    3894
    3872
    3882
    3904
    3942
    3892
    3814
    3889
    3764
    3836
    3885
    3893
    3865
    3761
    3875
    3836
    3834
    3970
    3968
    3872
    3770
    3783
    3770
    3776
    3771
    3746
    3944
    3803
    3753
    3735
    3720
    3815
    3772
    3744
    3884
    3806
    3737
    3769
    3709
    3880
    3851
    3686
    3811
    3793
    3864
    3848
    3762
    3727
    3793
    3913
    3785
    3795
    3758
    3646
    3748
    3703
    3696
    3707
    3705
    3659
    3729
    3910
    3832
    3867
    3795
    3796
    3802
    4062
    3976
    3843
    4027
    4059
    4376
    4419
    4485
    4375
    4233
    4160
    4481
    4537
    4566
    4371
    4003
    3847
    3623
    3595
    3583
    3652
    3535
    3459
    3452
    3534
    3532
    3518
    3439
    3496
    3626
    3582
    3489
    3645
    3565
    3544
    3516
    3627
    3568
    3720
    3793
    4016
    3959
    3924
    3729
    3597
    3644
    3523
    3494
    3477
    3655
    3587
    3550
    3595
    3397
    3427
    3398
    3418
    3351
    3276
    3378
    3339
    3335
    3357
    3337
    3418
    3398
    3289
    3433
    3311
    3229
    3354
    3444
    3424
    3301
    3294
    3286
    3406
    3340
    3272
    3355
    3284
    3322
    3229
    3184
    3247
    3247
    3252
    3336
    3356
    3256
    3284
    3264
    3289
    3247
    3287
    3307
    3302
    3288
    3167
    3290
    3249
    3191
    3249
    3248
    3306
    3261
    3384
    3328
    3380
    3135
    3257
    3313
    3302
    3282
    3210
    3268
    3348
    3342
    3394
    3238
    3288
    3348
    3360
    3278
    3182
    3325
    3359
    3353
    3423
    3217
    3243
    3408
    3203
    3261
    3291
    3367
    3365
    3354
    3396
    3364
    3347
    3286
    3356
    3356
    3370
    3411
    3376
    3329
    3455
    3330
    3404
    3330
    3384
    3460
    3438
    3411
    3448
    3390
    3285
    3397
    3368
    3511
    3379
    3390
    3257
    3262
    3339
    3363
    3348
    3382
    3261
    3332
    3381
    3335
    3317
    3291
    3446
    3256
    3341
    3296
    3358
    3444
    3191
    3333
    3231
    3331
    3301
    3309
    3232
    3308
    3378
    3343
    3427
    3310
    3296
    3373
    3422
    3424
    3302
    3270
    3350
    3289
    3255
    3381
    3386
    3248
    3367
    3299
    3312
    3311
    3317
    3340
    3322
    3303
    3335
    3196
    3255
    3247
    3377
    3324
    3280
    3323
    3309
    3429
    3264
    3294
    3263
    3228
    3317
    3346
    3316
    3228
    3305
    3323
    3218
    3336
    3297
    3209
    3279
    3396
    3278
    3280
    3256
    3197
    3288
    3332
    3198
    3243
    3312
    3292
    3379
    3337
    3261
    3295
    3220
    3265
    3243
    3269
    3320
    3264
    3281
    3284
    3214
    3222
    3378
    3277
    3380
    3268
    3272
    3181
    3252
    3278
    3147
    3295
    3333
    3272
    3228
    3431
    3234
    3273
    3205
    3229
    3293
    3338
    3231
    3324
    3233
    3247
    3247
    3312
    3252
    3332
    3240
    3354
    3350
    3327
    3283
    3208
    3355
    3352
    3251
    3367
    3274
    3377
    3414
    3468
    3361
    3391
    3386
    3480
    3509
    3441
    3413
    3475
    3526
    3572
    3625
    3510
    3659
    3670
    3669
    3651
    3756
    3880
    3867
    3770
    3956
    3913
    3933
    4005
    4143
    4177
    4081
    4248
    4252
    4346
    4322
    4525
    4444
    4449
    4368
    4498
    4363
    4323
    4451
    4394
    4407
    4420
    4235
    4351
    4313
    4279
    4376
    4368
    4477
    4234
    4316
    4285
    4275
    4274
    4283
    4194
    4278
    4277
    4265
    4295
    4224
    4353
    4259
    4311
    4218
    4185
    4150
    4250
    4142
    4221
    4247
    4202
    4061
    4160
    4151
    4005
    4121
    4123
    4034
    4046
    4060
    4011
    3998
    4020
    3943
    4083
    4075
    4156
    4037
    3915
    3943
    3979
    4058
    4048
    4070
    3982
    4036
    4023
    3955
    3958
    3809
    3861
    3926
    3868
    3764
    3864
    3915
    3814
    3854
    3792
    3746
    3964
    3853
    3781
    3903
    3744
    3761
    3783
    3799
    3718
    3671
    3806
    3733
    3676
    3632
    3700
    3553
    3642
    3629
    3695
    3625
    3588
    3777
    3696
    3664
    3629
    3708
    3589
    3654
    3538
    3664
    3583
    3573
    3575
    3485
    3560
    3582
    3604
    3454
    3607
    3467
    3339
    3400
    3441
    3532
    3409
    3563
    3380
    3473
    3374
    3540
    3563
    3444
    3476
    3508
    3331
    3450
    3538
    3444
    3431
    3419
    3379
    3435
    3421
    3374
    3373
    3391
    3423
    3278
    3476
    3268
    3288
    3387
    3377
    3378
    3216
    3288
    3224
    3243
    3288
    3189
    3357
    3209
    3231
    3324
    3214
    3226
    3279
    3336
    3270
    3278
    3201
    3261
    3139
    3226
    3215
    3214
    3192
    3160
    3274
    3175
    3166
    3194
    3092
    3046
    3048
    3203
    3102
    3099
    3163
    3044
    3208
    3092
    3170
    3044
    3188
    3086
    3058
    3175
    3073
    3125
    3130
    3107
    3220
    3052
    3142
    3027
    3072
    3134
    3068
    2973
    3067
    3065
    2992
    3092
    3003
    3007
    3037
    3110
    3132
    3129
    2964
    3024
    2937
    2953
    2952
    3109
    3020
    2979
    2972
    3050
    3086
    2979
    2949
    3023
    2979
    3034
    2984
    2949
    2911
    2985
    2962
    2970
    2948
    2883
    2973
    3059
    3009
    3011
    2920
    2923
    3048
    3013
    2996
    2849
    2863
    2887
    2952
    2909
    2921
    2943
    2874
    2883
    2942
    2911
    2909
    2958
    2926
    2881
    2860
    2903
    2961
    2851
    2968
    2825
    2991
    2821
    2912
    2911
    2866
    2805
    2893
    2887
    2828
    2783
    2802
    2845
    2880
    2836
    2889
    2828
    2782
    2903
    2762
    2781
    2953
    2839
    2862
    2800
    2878
    2838
    2814
    2803
    2803
    2828
    2816
    2782
    2859
    2850
    2761
    2775
    2810
    2832
    2791
    2795
    2765
    2855
    2755
    2795
    2817
    2739
    2803
    2844
    2813
    2757
    2858
    2879
    2768
    2813
    2840
    2790
    2801
    2875
    2748
    2771
    2741
    2845
    2828
    2699
    2799
    2809
    2952
    2801
    2771
    2848
    2726
    2766
    2724
    2796
    2625
    2766
    2704
    2858
    2899
    2831
    2810
    2819
    2720
    2777
    2789
    2822
    2791
    2782
    2754
    2715
    2694
    2689
    2846
    2858
    2739
    2746
    2633
    2796
    2781
    2784
    2711
    2804
    2675
    2737
    2723
    2777
    2733
    2727
    2750
    2754
    2751
    2760
    2823
    2740
    2698
    2761
    2717
    2720
    2803
    2741
    2821
    2752
    2818
    2766
    2788
    2774
    2807
    2715
    2712
    2813
    2736
    2796
    2778
    2778
    2917
    2862
    2739
    2793
    2666
    2832
    2792
    2775
    2718
    2813
    2788
    2643
    2858
    2709
    2718
    2647
    2860
    2769
    2848
    2781
    2760
    2780
    2736
    2705
    2779
    2718
    2726
    2702
    2821
    2737
    2734
    2711
    2735
    2726
    2757
    2805
    2817
    2824
    2765
    2699
    2789
    2800
    2793
    2759
    2689
    2776
    2768
    2833
    2819
    2774
    2755
    2756
    2696
    2746
    2733
    2745
    2744
    2821
    2771
    2930
    2811
    2895
    2622
    2771
    2845
    2757
    2834
    2855
    2725
    2754
    2803
    2769
    2804
    2750
    2749
    2778
    2850
    2804
    2810
    2830
    2801
    2721
    2762
    2793
    2784
    2948
    2851
    2699
    2780
    2809
    2774
    2829
    2778
    2815
    2886
    2784
    2804
    2870
    2794
    2842
    2749
    2827
    2831
    2824
    2875
    2725
    2828
    2802
    2861
    2856
    2782
    2844
    2675
    2755
    2986
    2945
    2756
    2898
    2840
    2882
    2785
    2894
    2861
    2865
    2879
    2845
    2887
    2869
    2831
    2843
    2848
    2806
    2838
    2863
    2944
    2873
    2898
    2965
    2861
    2910
    2904
    2846
    2919
    2902
    3007
    2896
    2933
    2899
    2944
    2907
    2959
    2988
    2906
    2885
    3022
    2977
    2933
    2989
    2924
    2949
    3009
    3008
    2932
    2943
    3017
    2919
    2857
    3062
    2965
    2960
    2967
    3066
    3018
    3009
    2989
    2966
    3030
    3035
    3103
    3019
    3041
    2985
    3059
    3040
    2995
    2995
    3042
    3081
    3048
    3023
    3067
    3033
    3057
    3084
    3045
    3053
    3078
    3072
    3017
    3073
    3071
    3078
    3158
    3181
    3195
    3086
    3118
    3180
    3277
    3046
    3176
    3091
    3210
    3144
    3089
    3110
    3162
    3190
    3272
    3135
    3124
    3257
    3185
    3262
    3307
    3237
    3183
    3291
    3239
    3136
    3221
    3204
    3175
    3227
    3203
    3329
    3289
    3107
    3287
    3245
    3245
    3218
    3264
    3318
    3326
    3204
    3383
    3265
    3327
    3327
    3296
    3287
    3412
    3297
    3380
    3506
    3352
    3381
    3333
    3360
    3405
    3436
    3370
    3367
    3368
    3440
    3446
    3408
    3355
    3438
    3386
    3396
    3520
    3385
    3648
    3470
    3429
    3498
    3608
    3512
    3511
    3456
    3588
    3525
    3485
    3646
    3514
    3562
    3588
    3649
    3630
    3615
    3691
    3567
    3647
    3624
    3582
    3644
    3748
    3635
    3593
    3816
    3674
    3602
    3661
    3677
    3650
    3661
    3712
    3657
    3724
    3732
    3717
    3808
    3797
    3843
    3792
    3839
    3891
    3882
    3843
    3795
    3869
    3946
    3908
    3852
    4028
    3947
    3947
    4062
    4003
    4079
    4079
    4023
    3982
    3975
    3949
    4154
    4097
    3968
    4021
    4075
    4064
    4143
    4052
    4201
    4144
    4045
    4277
    4229
    4278
    4213
    4291
    4263
    4271
    4206
    4225
    4256
    4310
    4295
    4344
    4464
    4303
    4273
    4339
    4448
    4461
    4313
    4491
    4323
    4526
    4520
    4425
    4554
    4421
    4448
    4557
    4571
    4429
    4474
    4470
    4452
    4637
    4666
    4625
    4608
    4547
    4619
    4674
    4625
    4645
    4611
    4596
    4735
    4694
    4649
    4650
    4624
    4717
    4793
    4792
    4718
    4812
    4687
    4667
    4716
    4705
    4730
    4633
    4756
    4677
    4718
    4718
    4648
    4687
    4587
    4674
    4646
    4561
    4539
    4517
    4449
    4334
    4317
    4224
    4290
    4191
    4126
    3961
    4043
    3956
    3909
    3760
    3578
    3552
    3590
    3438
    3320
    3294
    3303
    3138
    3001
    2981
    3008
    2912
    2874
    2929
    2782
    2775
    2784
    2693
    2728
    2542
    2563
    2569
    2552
    2617
    2450
    2527
    2426
    2418
    2423
    2405
    2333
    2311
    2382
    2372
    2356
    2329
    2255
    2344
    2297
    2259
    2282
    2264
    2244
    2229
    2253
    2200
    2143
    2177
    2278
    2154
    2132
    2096
    2130
    2108
    2075
    2131
    2144
    2089
    2058
    2096
    2045
    2095
    1984
    1978
    2004
    1965
    2123
    2056
    1978
    1922
    1966
    1984
    1870
    1923
    1919
    2021
    1890
    1947
    1882
    2020
    1872
    1885
    1888
    1928
    1837
    1847
    1841
    1803
    1850
    1806
    1843
    1827
    1817
    1698
    1816
    1693
    1668
    1751
    1733
    1788
    1704
    1764
    1676
    1719
    1770
    1629
    1669
    1707
    1664
    1640
    1652
    1658
    1598
    1642
    1548
    1589
    1557
    1615
    1633
    1534
    1633
    1499
    1509
    1559
    1533
    1498
    1550
    1555
    1550
    1489
    1479
    1467
    1477
    1533
    1416
    1463
    1437
    1460
    1418
    1462
    1445
    1448
    1419
    1359
    1419
    1344
    1338
    1364
    1367
    1374
    1279
    1349
    1378
    1328
    1287
    1338
    1297
    1271
    1258
    1221
    1273
    1279
    1276
    1246
    1200
    1178
    1253
    1184
    1194
    1158
    1214
    1151
    1231
    1142
    1209
    1123
    1169
    1108
    1111
    1118
    1109
    1063
    1086
    1095
    1076
    1072
    1056
    1045
    1039
     966
    1012
    1009
     997
    1022
     959
     970
     981
     999
     951
     931
     943
     933
     959
     974
     908
     920
     903
     890
     872
     868
     857
     859
     873
     846
     876
     847
     857
     855
     848
     835
     809
     804
     825
     789
     786
     760
     772
     754
     763
     782
     731
     730
     749
     750
     750
     725
     689
     766
     728
     718
     673
     720
     699
     754
     666
     679
     686
     676
     709
     669
     654
     678
     642
     631
     689
     663
     651
     643
     664
     656
     640
     622
     678
     617
     659
     625
     668
     605
     611
     649
     611
     591
     623
     638
     634
     667
     606
     623
     603
     594
     593
     561
     608
     609
     638
     594
     557
     608
     601
     596
     592
     587
     566
     561
     581
     551
     572
     538
     585
     548
     574
     582
     585
     586
     568
     574
     515
     547
     569
     555
     521
     591
     582
     550
     544
     565
     508
     569
     551
     535
     505
     519
     542
     542
     549
     536
     499
     486
     517
     514
     529
     525
     528
     529
     512
     499
     497
     461
     512
     495
     523
     478
     483
     489
     470
     499
     489
     483
     474
     497
     508
     473
     440
     505
     499
     503
     519
     503
     488
     489
     481
     444
     484
     517
     478
     459
     486
     505
     474
     488
     448
     485
     445
     433
     464
     516
     493
     495
     479
     487
     514
     441
     473
     458
     488
     452
     492
     441
     437
     472
     434
     487
     480
     471
     448
     462
     474
     482
     439
     489
     482
     420
     467
     512
     479
     451
     460
     459
     451
     453
     449
     502
     454
     515
     499
     491
     450
     453
     464
     450
     442
     442
     479
     422
     516
     445
     415
     458
     496
     456
     445
     445
     457
     467
     472
     469
     465
     438
     485
     426
     474
     474
     499
     447
     447
     485
     500
     440
     478
     494
     481
     445
     464
     467
     477
     462
     479
     490
     493
     466
     488
     502
     488
     481
     471
     466
     443
     468
     507
     473
     457
     497
     502
     477
     470
     494
     527
     511
     509
     545
     509
     515
     506
     563
     530
     526
     551
     508
     562
     568
     611
     617
     692
     710
     760
     790
     859
     841
    1003
    1022
    1191
    1251
    1404
    1611
    1835
    2028
    2221
    2488
    2751
    3130
    3493
    3886
    4379
    4904
    5607
    6698
    7505
    8626
    9873
   11247
   12553
   14212
   15485
   17032
   18605
   20354
   22508
   23971
   26474
   29520
   35010
   44258
   59849
   80535
   99219
  105886
   96893
   74420
   50606
   29546
   15013
    7257
    3322
    1801
    1102
     809
     750
     696
     631
     609
     634
     576
     617
     619
     580
     584
     637
     612
     596
     603
     647
     596
     639
     643
     646
     659
     651
     639
     644
     600
     609
     607
     597
     652
     560
     615
     607
     537
     570
     538
     612
     630
     595
     594
     554
     526
     568
     555
     558
     514
     558
     592
     562
     567
     551
     572
     547
     575
     536
     546
     562
     560
     526
     577
     554
     544
     592
     560
     555
     509
     558
     557
     597
     538
     547
     633
     591
     576
     624
     579
     582
     576
     614
     611
     621
     603
     612
     614
     531
     493
     471
     450
       0
       0
       0
       0
       0
       0
       0
       0
       0
       0
       0
       0
       0
       0
       0
       0
       0
       0
       0
       0
       0
       0
       0
       0
       0
       0
       0
       0
       0
       0
       0
       0
$ROI:
1
11 2032
$PRESETS:
Live Time
500
0
$ENER_FIT:
0.000000 0.024067
$MCA_CAL:
3
0.000000E+000 2.406711E-002 0.000000E+000 keV
$SHAPE_CAL:
3
0.000000E+000 0.000000E+000 0.000000E+000
