$SPEC_ID:
No sample description was entered.
$SPEC_REM:
DET# 2
DETDESC# JLAB-20 MCB 129
AP# Maestro Version 7.01
$DATE_MEA:
02/26/2016 14:48:43
$MEAS_TIM:
500 510
$DATA:
0 2047
       0
       0
       0
       0
       0
       0
       0
       0
       0
       0
       0
       0
       0
       0
       0
       0
       0
       0
       1
   20544
   90832
   72199
   56767
   45073
   33915
   24931
   17089
   10846
    6622
    3766
    2056
    1063
     513
     293
     172
      92
      67
      69
      49
      45
      56
      39
      50
      57
      46
      41
      41
      39
      32
      40
      36
      46
      44
      36
      30
      42
      44
      41
      36
      57
      47
      35
      46
      38
      36
      38
      49
      33
      36
      46
      42
      43
      35
      35
      40
      28
      37
      40
      27
      44
      39
      44
      29
      33
      40
      36
      28
      38
      27
      33
      39
      40
      33
      43
      36
      34
      40
      26
      32
      38
      32
      31
      34
      33
      32
      35
      28
      27
      35
      31
      34
      36
      24
      29
      39
      31
      25
      32
      26
      25
      28
      30
      30
      28
      34
      27
      30
      27
      23
      25
      25
      27
      32
      44
      27
      29
      34
      28
      23
      26
      32
      20
      31
      24
      17
      21
      27
      27
      35
      22
      23
      34
      20
      29
      37
      22
      30
      16
      23
      35
      28
      16
      27
      19
      28
      30
      16
      23
      15
      24
      19
      20
      15
      17
      29
      25
      32
      24
      31
      26
      21
      29
      22
      22
      21
      17
      27
      30
      27
      20
      21
      24
      27
      31
      25
      18
      23
      14
      22
      16
      19
      18
      31
      24
      19
      20
      29
      28
      23
      27
      18
      16
      17
      18
      19
      25
      23
      19
      17
      26
      26
      23
      22
      14
      17
      31
      15
      18
      12
      15
      21
      28
      21
      15
      17
      22
      24
      26
      14
      19
      16
      23
      27
      16
      22
      22
      32
      17
      22
      16
      30
      20
      24
      23
      18
      22
      15
      21
      20
      10
      10
      24
      24
      18
      19
      17
      15
      16
      23
      21
      18
      18
      19
      17
      26
      16
      18
      20
      16
      17
      15
      20
      21
      14
      15
      13
      16
      18
      17
      19
      15
      22
      31
      19
      19
      16
      24
      18
      17
      13
      14
      18
      12
      29
      19
      30
      24
      15
      17
      21
      17
      21
      24
      26
      16
      16
      23
      20
      21
      20
      14
      19
      17
      23
      17
      19
      17
      18
      25
      23
      18
      20
      21
      19
      20
      15
      23
      23
      16
       9
      16
      16
      18
      17
      14
      20
      22
      13
      16
      14
      21
      18
      20
      16
      25
      17
      17
      19
      11
      13
      19
      15
      28
      19
      20
      13
      15
      14
      17
      15
      23
       9
      25
      17
      15
      18
      19
      11
      25
      23
      18
      22
      19
       9
      19
      18
      27
      17
      14
      21
      20
      27
      15
      20
      21
      20
      26
      19
      28
      31
      17
      24
      32
      23
      24
      39
      36
      25
      33
      31
      30
      34
      35
      24
      41
      35
      39
      44
      40
      34
      22
      38
      23
      28
      30
      21
      28
      30
      38
      17
      25
      23
      27
      23
      16
      25
      25
      17
      23
      23
      24
      16
      27
      20
      17
      21
      24
      18
      27
      19
      26
      16
      22
      29
      16
      24
      14
      26
      25
      29
      20
      17
      23
      15
      24
      28
      21
      24
      29
      33
      24
      43
      25
      32
      33
      30
      30
      28
      25
      26
      32
      27
      32
      39
      35
      48
      47
      46
      48
      51
      60
      56
      44
      44
      61
      49
      52
      38
      44
      55
      53
      55
      57
      52
      66
      66
      52
      47
      52
      68
      62
      78
      70
      76
      94
      95
     105
     100
     143
     188
     204
     286
     356
     484
     581
     697
     806
     881
     934
    1004
    1109
    1235
    1409
    1520
    1615
    1765
    1792
    1757
    1628
    1500
    1307
    1174
    1029
     822
     701
     614
     526
     381
     337
     272
     211
     154
     118
     106
      71
      88
      73
      70
      65
      77
      79
      71
      75
      66
      75
      84
      83
      80
      73
     109
      87
      91
     102
      95
      95
     116
      98
     123
     132
     125
     143
     150
     183
     161
     161
     193
     220
     211
     209
     251
     234
     266
     287
     257
     284
     325
     329
     408
     470
     559
     685
     890
    1170
    1322
    1531
    1864
    2020
    1942
    2028
    1898
    1775
    1637
    1459
    1261
    1243
    1057
     946
     850
     785
     794
     764
     773
     786
     825
     830
     767
     663
     668
     527
     520
     439
     349
     314
     282
     258
     202
     150
     144
     107
     101
      84
      81
      59
      72
      68
      64
      60
      58
      50
      53
      52
      41
      60
      48
      55
      56
      57
      58
      42
      44
      45
      51
      50
      55
      55
      49
      39
      59
      46
      36
      51
      62
      68
      41
      56
      66
      51
      48
      55
      61
      58
      44
      57
      50
      50
      55
      45
      52
      50
      45
      59
      50
      41
      57
      59
      56
      53
      48
      50
      43
      47
      43
      42
      54
      41
      51
      44
      71
      83
      88
      99
     146
     195
     251
     299
     352
     445
     438
     456
     467
     457
     417
     390
     333
     285
     215
     181
     177
     147
     128
     103
      68
      43
      41
      39
      24
      18
      25
      14
      11
      14
      13
      21
      14
      15
      14
      19
       8
       6
      14
      17
      10
      10
      15
      15
      12
      10
      17
      13
      17
      10
      10
       5
      11
      12
       9
      13
      15
      15
      15
      10
      16
      15
      17
      14
      12
      10
       4
      12
      14
      11
      15
      15
      20
      15
      13
      12
      13
      15
      14
      13
      19
       9
      10
      15
      12
      21
      16
      13
      14
      11
      12
      12
      10
      10
      12
       7
      16
      25
      12
      12
      21
      19
      18
      11
      16
      16
       7
      26
      12
      22
      22
      17
      16
      17
      20
      23
      16
      21
      14
      20
      11
      14
      19
      18
      11
       8
      15
      10
      15
      16
      22
      19
      13
      17
      15
      19
      13
      13
      15
      15
      14
       9
      17
      12
      21
      16
      18
      10
       9
      19
      17
      21
      14
      14
      12
      19
      25
      25
      30
      22
      15
      34
      35
      45
      40
      50
      57
      47
      57
      55
      62
      52
      52
      46
      43
      39
      33
      26
      21
      22
      21
      37
      33
      17
      21
      37
      28
      52
      49
      63
      62
      76
      69
      92
      89
      94
      92
      71
      72
      71
      62
      60
      39
      40
      31
      24
      30
      28
      32
      22
      21
      21
      13
      14
      14
      14
      19
      19
      21
      14
      16
      11
      20
      15
      24
      19
      19
      13
      17
      20
      18
      18
      16
      13
      12
      28
      16
      11
      12
      20
       8
      17
      15
       7
      18
      19
      13
      11
      18
      17
      10
      19
      17
      22
      22
      17
      20
      12
      17
      12
      21
      12
      12
      15
      22
      27
      10
      12
      14
      17
      17
      14
       8
      15
       7
       9
       6
      15
      21
      16
      14
      12
      15
      12
      11
      12
      11
      21
      20
      16
      10
      11
      18
      13
      16
      15
      10
      19
      14
      20
      16
      18
      10
      21
      22
      31
      25
      28
      31
      37
      42
      41
      39
      41
      45
      41
      42
      41
      32
      36
      28
      36
      23
      18
      33
      27
      18
      25
      19
      12
      15
      31
      18
      11
      25
      18
      17
      16
      16
      14
      21
      21
      22
      20
      20
      25
      19
      25
      19
      15
      18
      29
      16
      16
      17
      15
      13
      14
      22
      13
      18
      18
      16
      12
      15
      19
      16
      15
       8
      24
      19
      13
      14
      12
      13
      11
      14
      18
      13
      13
      15
      15
      13
      11
      14
      17
      18
      10
      13
      10
      16
      20
      23
      15
      21
      14
       7
      19
      15
      10
      11
      16
      17
      11
      14
      14
      12
      11
      17
      11
      17
      13
      12
      13
      15
      13
      25
      22
      15
      12
      10
      14
      14
      17
      21
      15
      11
      14
      20
      11
      18
      15
      15
      15
      13
      13
      18
      21
      14
      10
      15
      18
      22
      10
      12
      11
      16
      14
      11
      18
       9
      10
       5
       8
      17
      18
      11
      17
      24
      20
      18
      16
      25
      18
      18
      17
       6
      17
      18
      13
       8
      19
      14
      17
      14
      16
      22
      18
      22
      21
      19
      12
      10
      13
      17
      18
      19
      13
      13
      20
      16
      13
      15
      14
      13
      14
       8
      18
      15
      15
      18
      17
      15
      16
      13
      11
      18
      17
      14
      28
      12
      17
      21
      16
      11
      11
      13
      16
      26
      19
      10
      19
      26
      18
      24
      11
      18
      16
      24
      18
      24
      16
      13
      23
      22
      22
      18
      17
      11
      14
      11
      20
      19
      15
      19
      14
      15
      14
      21
      15
      15
      18
      16
      11
      19
      22
      23
      15
      13
      19
      13
      16
      19
      16
      18
      17
      12
      17
      25
       7
      15
      10
      11
      17
      15
      13
      18
      23
      11
      12
      13
      20
      20
      22
      19
      19
      15
      16
      10
      16
      19
      13
      13
      14
       7
      12
      23
      13
      21
      22
      17
      17
      20
      19
      16
      17
      15
      18
      14
      28
      16
      13
      18
      17
      26
      19
      13
      15
       9
      16
      19
      15
      19
      15
      12
      17
      15
      16
      22
      19
      16
      19
      18
      13
      10
      19
      12
      17
      19
      25
      18
      11
      15
      12
      17
      16
      19
      17
      16
      11
      16
      13
      18
      13
      23
      19
      16
      14
      22
       9
      15
      15
      22
      20
      24
      14
      14
      23
      11
      19
      18
      19
      24
      20
      16
      21
      20
      20
      22
      21
      18
      17
      19
      21
      10
      16
      13
      16
      28
      19
      10
      17
      20
      21
      20
      16
      22
      13
      13
      12
      15
      13
      14
      17
      25
      19
      16
       8
      19
      23
      17
      16
      15
      17
      17
      18
      15
      17
      17
      16
      18
      19
      15
      16
      14
      13
      14
      10
      25
      20
      14
      17
      27
      15
      15
      11
      13
      19
      23
      13
      14
      18
      16
      19
      16
      19
      13
      14
      26
      20
      25
      17
      21
      20
      18
      16
      28
      25
      16
      17
      19
      20
      15
      24
      15
      21
      24
      14
      20
      16
      15
      18
      14
      12
      22
      19
      22
      11
      19
      13
      15
      22
       9
      18
      13
      20
       8
      13
      21
      18
      12
      19
      17
      21
      16
      16
      20
      18
      23
      24
      19
      25
      27
      26
      21
      26
      28
      24
      13
      20
      20
      18
      15
      18
      27
      15
      22
      17
      16
      17
      20
      19
      10
      18
      19
      14
      13
      14
      22
      15
      20
      22
       9
      19
      13
      11
      22
      18
      23
      20
      19
      14
      14
      11
      18
      13
      21
      21
      17
      22
      16
      12
      14
      12
      13
      17
      26
      13
      11
      16
      17
      18
      19
      19
      19
      17
      17
      17
      16
      26
      22
      13
      20
      15
      24
      23
      13
      15
      20
      21
      20
      21
      14
      19
      13
      14
      14
      23
      11
      19
      14
      19
      19
      17
      17
      12
      19
      18
      22
      15
      17
      16
      14
      14
      19
      25
      21
      14
      16
      11
      13
      21
      16
      15
      11
      23
      15
      25
      24
      19
      19
      13
      16
      22
      15
      12
      16
      12
      21
      22
      20
      23
      14
      14
      20
      17
      19
      25
      14
      16
      22
      27
      15
      17
      15
      15
      19
      24
      19
      14
      14
      22
      18
      15
      18
      15
      15
      19
      22
      22
      14
      11
       8
      16
      14
      20
      23
      19
      17
      13
      11
      21
      20
      13
      19
      14
      14
      15
      15
      14
      18
      16
       8
      14
      18
      15
      30
      15
      27
      22
       9
      19
      10
      20
      20
      20
      13
      16
      13
      14
      24
      21
      18
      29
      15
      14
      17
      14
      21
      15
      14
      11
      16
      13
      13
      24
      25
      20
      17
      13
      23
      13
      18
      15
      21
      16
      20
      25
      19
      24
      18
      21
      19
      12
      18
      15
      15
      18
      12
      15
      19
      20
      16
      11
      23
      19
      20
      17
      15
      16
      21
      22
      18
      24
      26
      22
      26
      23
      20
      18
      13
      21
      31
      24
      22
      20
      14
      21
      13
      22
      18
      34
      12
      23
      18
      18
      17
      21
      16
      14
      16
      16
      15
      16
      23
      16
      16
      12
      14
      19
      20
      18
      18
      18
      12
      17
      28
      25
      27
      17
      16
      25
      18
      16
      25
      27
      16
      11
      16
      20
      22
      24
      23
      27
      16
      11
      26
      17
      17
      19
      14
      24
      19
      24
      20
      20
      21
      16
      13
       9
      14
      23
      19
      13
      23
      19
      14
      23
      12
      12
      24
      12
      25
      21
      13
      19
      12
      18
      17
      13
      12
      16
      19
      22
      11
      14
      19
      18
      20
      10
      16
      25
      20
      22
      21
      16
      17
      12
      11
      19
      18
      17
      22
      20
      14
      20
      13
      14
      19
      19
      12
      13
      22
      15
      20
      23
      14
      18
      16
      20
      23
      17
      18
      12
      17
      10
      19
      21
      26
      17
      20
      15
      13
       9
      17
      21
      16
      12
      20
      28
      19
      20
      17
      22
      20
      16
      14
      19
      20
      17
      16
      18
      19
      20
      11
      24
      15
      18
      14
      11
      21
      16
      17
      16
      21
      19
      15
      18
      19
      16
      24
      16
      17
      10
       7
      19
       9
      12
      20
      17
      20
      20
      17
      19
      19
      12
      19
       9
      19
      15
      16
      12
      17
      11
      19
      24
      14
      22
      17
      19
      17
      28
      18
      17
      21
      21
      19
      22
      13
      25
      21
      23
      16
      21
      19
      19
      16
      19
      22
      22
      15
      26
      11
      25
      16
      17
      20
      17
      15
      24
      20
      15
      11
      22
      17
       0
       0
       0
       0
       0
       0
       0
       0
       0
       0
       0
       0
       0
       0
       0
       0
       0
       0
       0
       0
       0
       0
       0
       0
       0
       0
       0
       0
       0
       0
       0
       0
$ROI:
1
11 2032
$PRESETS:
Live Time
500
0
$ENER_FIT:
0.000000 0.024067
$MCA_CAL:
3
0.000000E+000 2.406711E-002 0.000000E+000 keV
$SHAPE_CAL:
3
0.000000E+000 0.000000E+000 0.000000E+000
