$SPEC_ID:
No sample description was entered.
$SPEC_REM:
DET# 2
DETDESC# JLAB-20 MCB 129
AP# Maestro Version 7.01
$DATE_MEA:
02/26/2016 14:27:50
$MEAS_TIM:
100 112
$DATA:
0 2047
       0
       0
       0
       0
       0
       0
       0
       0
       0
       0
       0
       0
       0
       0
       0
       0
       0
       0
       0
    4148
   18374
   14450
   11777
    9494
    7481
    5413
    4058
    2676
    1802
    1204
     788
     522
     345
     312
     266
     202
     210
     214
     189
     195
     176
     189
     193
     193
     153
     175
     178
     165
     148
     188
     179
     158
     185
     148
     177
     173
     166
     168
     170
     172
     158
     164
     187
     203
     168
     154
     183
     165
     173
     177
     163
     166
     170
     153
     182
     172
     178
     176
     177
     146
     140
     187
     158
     156
     166
     175
     144
     179
     151
     155
     131
     128
     127
     138
     139
     127
     109
     137
     143
     105
     130
     103
     130
      98
     113
     117
      97
     102
     108
      93
      87
     106
      98
     110
     107
      94
      96
      89
      80
      88
      92
      77
      80
      90
     100
      84
      81
      70
     101
      84
      70
      74
      97
      85
      93
      92
      92
      81
     106
      80
      78
      74
      76
      80
      73
      61
      74
      64
      93
      86
      69
      82
      69
      90
      80
      75
      77
      73
      73
      79
      57
      66
      78
      91
      77
      64
      87
      84
      67
      63
      69
      75
      80
      59
      65
      76
      83
      69
      77
      76
      68
      80
      65
      60
      78
      66
      71
      62
      67
      59
      60
      65
      65
      59
      58
      52
      62
      59
      75
      57
      70
      61
      65
      78
      74
      72
      63
      63
      72
      65
      69
      74
      52
      61
      74
      67
      59
      61
      66
      57
      49
      63
      58
      75
      55
      54
      49
      48
      67
      65
      64
      62
      67
      58
      51
      58
      51
      55
      51
      54
      58
      62
      58
      62
      60
      59
      52
      64
      62
      56
      58
      63
      54
      47
      47
      46
      54
      64
      37
      52
      48
      63
      43
      65
      58
      66
      57
      64
      65
      77
      48
      46
      73
      61
      51
      63
      43
      58
      57
      54
      64
      73
      54
      58
      64
      58
      53
      43
      53
      46
      54
      61
      61
      59
      54
      45
      52
      47
      43
      60
      43
      40
      48
      57
      53
      62
      53
      40
      59
      47
      51
      58
      56
      58
      52
      63
      45
      58
      61
      59
      64
      49
      48
      57
      49
      56
      59
      70
      58
      57
      59
      50
      53
      50
      57
      52
      51
      52
      60
      49
      68
      63
      57
      52
      54
      41
      62
      52
      53
      50
      54
      58
      65
      54
      50
      50
      52
      58
      70
      48
      57
      57
      60
      66
      60
      65
      68
      64
      66
      57
      72
      73
      65
      70
      61
      73
      90
      76
      76
      78
      72
      67
      87
      93
     105
      98
      78
     107
     145
     101
     117
     117
     112
     124
     133
     118
     143
     121
     142
     131
     184
     177
     214
     237
     223
     213
     252
     286
     287
     294
     312
     326
     323
     350
     387
     379
     417
     374
     422
     400
     313
     300
     263
     234
     224
     191
     197
     159
     183
     143
     123
     145
     125
     137
     113
     117
     119
     118
     125
     138
     115
     119
     110
     122
     143
     156
     121
     141
     148
     149
     138
     172
     172
     165
     200
     158
     190
     208
     204
     209
     210
     235
     207
     236
     239
     260
     247
     237
     248
     246
     247
     246
     261
     282
     268
     290
     317
     295
     291
     288
     280
     324
     324
     325
     372
     339
     422
     376
     447
     409
     423
     453
     435
     468
     413
     465
     435
     451
     476
     505
     516
     573
     544
     575
     615
     595
     686
     707
     669
     772
     841
     922
    1005
    1057
    1158
    1382
    1578
    1923
    2357
    2949
    3874
    5011
    6372
    8113
    9913
   11989
   13983
   15406
   16964
   18088
   19341
   20372
   22193
   23669
   25876
   27076
   27687
   27192
   26254
   23927
   21267
   18675
   15853
   13310
   11325
    9216
    7539
    6389
    4907
    3979
    2984
    2165
    1629
    1215
     922
     754
     668
     551
     485
     455
     397
     381
     371
     378
     323
     330
     355
     339
     358
     331
     356
     377
     399
     446
     437
     441
     433
     466
     446
     530
     574
     614
     620
     677
     711
     740
     825
     811
     867
     846
     950
     982
    1083
    1084
    1205
    1272
    1396
    1692
    1869
    2245
    2761
    3540
    4331
    5235
    6227
    7100
    7812
    8412
    8114
    7987
    7557
    6866
    6053
    5417
    4646
    4101
    3807
    3408
    2989
    2880
    2735
    2568
    2630
    2675
    2564
    2469
    2222
    2144
    1898
    1637
    1525
    1205
    1056
     872
     749
     595
     495
     359
     327
     238
     203
     143
     115
     117
      91
      84
      91
      90
      65
      75
      57
      56
      48
      67
      78
      56
      50
      59
      59
      49
      65
      49
      66
      54
      55
      58
      55
      64
      79
      56
      67
      63
      66
      55
      52
      72
      49
      63
      59
      53
      54
      58
      56
      54
      52
      45
      47
      53
      40
      49
      37
      60
      50
      53
      49
      52
      44
      50
      44
      45
      52
      53
      54
      61
      54
      53
      61
      64
      66
      94
     135
     153
     191
     269
     331
     399
     471
     560
     578
     585
     594
     521
     496
     446
     396
     359
     296
     214
     181
     169
     122
      82
      76
      56
      45
      32
      32
      25
      23
      17
      19
      17
      16
      18
      12
      14
      12
      17
      15
      13
      26
      22
      26
      27
      23
      20
      32
      33
      29
      35
      33
      30
      29
      24
      33
      26
      32
      29
      31
      28
      40
      40
      22
      34
      25
      31
      26
      20
      32
      23
      37
      41
      30
      33
      33
      30
      31
      34
      39
      32
      35
      34
      27
      33
      36
      37
      25
      35
      30
      35
      37
      33
      28
      44
      44
      43
      34
      46
      33
      39
      34
      37
      52
      38
      35
      47
      30
      40
      35
      44
      36
      39
      49
      46
      41
      45
      31
      36
      30
      41
      38
      51
      40
      39
      42
      36
      48
      37
      33
      40
      39
      34
      43
      37
      42
      31
      42
      52
      34
      46
      42
      37
      48
      38
      35
      46
      37
      53
      49
      38
      29
      34
      43
      45
      42
      35
      42
      44
      36
      47
      43
      56
      49
      51
      52
      38
      48
      51
      51
      52
      54
      49
      56
      60
      43
      54
      54
      41
      45
      55
      55
      45
      36
      45
      37
      47
      53
      44
      46
      50
      63
      52
      58
      61
      59
      58
      63
      64
      50
      64
      60
      52
      52
      51
      51
      56
      55
      50
      53
      39
      48
      57
      48
      43
      49
      45
      41
      57
      48
      55
      37
      48
      49
      55
      43
      52
      60
      34
      45
      38
      39
      40
      54
      55
      60
      47
      60
      44
      47
      46
      50
      47
      46
      48
      34
      39
      54
      47
      50
      53
      44
      67
      42
      51
      47
      38
      46
      47
      44
      40
      39
      53
      54
      52
      45
      51
      51
      51
      39
      41
      48
      46
      46
      50
      48
      53
      47
      57
      46
      49
      34
      63
      59
      55
      47
      57
      37
      46
      54
      57
      64
      64
      56
      38
      46
      63
      58
      54
      60
      51
      69
      60
      53
      61
      66
      61
      52
      74
      62
      62
      56
      70
      63
      59
      76
      77
      72
      69
      62
      55
      83
      65
      71
      62
      73
      68
      73
      57
      66
      76
      74
      64
      78
      77
      65
      68
      61
      83
      74
      63
      85
      69
      89
      77
      88
      93
      97
      96
      88
      70
     101
      93
      86
      94
      97
     108
     101
      74
      82
      72
      78
      83
      61
      73
      62
      68
      61
      59
      37
      50
      45
      44
      37
      49
      30
      29
      33
      32
      33
      33
      25
      38
      25
      27
      38
      42
      33
      33
      34
      31
      46
      27
      31
      26
      32
      30
      41
      30
      36
      36
      33
      36
      33
      29
      38
      36
      26
      29
      44
      41
      33
      41
      38
      38
      38
      49
      43
      50
      40
      42
      51
      48
      47
      50
      47
      56
      55
      42
      44
      35
      42
      36
      37
      44
      37
      32
      43
      30
      42
      24
      29
      25
      23
      21
      28
      25
      26
      20
      18
      19
      17
      14
      12
      13
       8
      15
      15
      12
      13
      11
      12
       8
       8
      14
       6
      14
      11
      11
       8
       6
      15
      10
       9
       6
      16
      13
       9
       9
       8
      12
       9
      11
      12
       8
      10
      13
      16
       8
      11
      12
      16
      14
      15
      13
      10
      12
       6
      13
      13
       9
      18
      10
      11
      12
      11
      12
      16
      11
       8
       7
       8
      11
      10
      10
       4
       8
      12
       9
       9
       5
       7
       8
       7
      10
       2
      10
      15
      12
       5
      10
       4
      11
      11
      10
       3
       9
       4
      11
      13
      11
       6
       5
       2
       9
      11
       6
       5
       7
      10
       7
       2
       4
       4
       5
       7
       4
       6
       2
       2
       5
       2
       3
       2
       3
       4
       0
       3
       4
       5
       3
       4
       3
       3
       5
       6
       5
       4
       3
       2
       1
       8
       2
       5
       3
       2
       7
       7
       7
       7
       5
       3
       5
       7
       5
       7
       5
       9
       7
       2
       6
       4
       5
       4
       3
       1
       9
      12
       4
       3
       7
       1
       4
       5
       5
       4
       3
       4
       4
       6
       7
       5
       1
       3
      12
       4
       3
       1
       4
       7
       7
       5
       6
       3
       3
       1
       3
       2
       5
       6
       8
       2
       7
       9
       4
       2
       5
       3
       1
       8
       4
       5
       5
       3
       3
       5
       4
       4
       5
       3
       2
       2
       1
       7
       2
       4
       7
       3
       8
       2
       5
       3
       3
       1
       7
       7
       4
       3
       5
       7
       4
       4
       4
       5
       5
       3
       3
       5
       7
       4
       4
       4
       5
       7
       8
       2
       3
      10
       4
       4
       5
       4
       3
       4
       1
       4
       4
       1
       2
       7
       2
      12
       5
       6
       3
       2
       5
       5
       4
       6
       2
       4
       2
       4
       2
       6
       4
       7
       2
       7
       4
       9
       1
       4
       4
       3
       2
       2
       4
       3
       3
       2
       9
       5
       1
       5
       3
       7
       2
       4
       6
       5
       5
       5
       3
       3
       3
       4
       4
       6
       4
       2
       6
       4
       4
       4
       7
       7
       2
       9
       2
       3
       4
       4
       7
       6
       7
       2
       7
       7
       6
       6
       5
       3
       4
       6
       0
       4
       2
       3
       5
       1
       5
       3
       6
       4
       2
       3
       4
       3
       7
       7
       9
       5
       9
       3
       7
       4
       5
       8
       8
      11
       1
       3
       5
       5
       5
      10
       4
       8
       2
       3
       7
       9
       2
       3
       9
       2
       4
       5
       2
       3
       2
       4
       1
       3
       5
       6
       5
       3
       6
       5
       3
       1
       5
       4
       3
       5
       2
       9
       1
       4
       0
       3
       7
       1
       4
       4
       4
       5
      10
       7
       6
       5
       0
       1
       1
       5
       4
       4
       5
       2
       5
       8
       5
       3
       4
       2
       7
       5
       3
       1
       6
       2
       6
       5
       3
       2
       1
       7
       4
       5
       5
       3
       6
       3
       5
       6
       3
       7
       8
       7
       6
       4
       4
       1
       6
       3
       3
       3
       2
       7
       4
       4
       5
       3
       3
       2
       4
       3
       2
       1
       3
       6
       6
       3
       0
       1
       6
       7
       2
       2
       6
       8
       1
       3
       5
       2
       1
       5
       4
       6
       5
       5
       4
       5
       5
       6
       5
       1
       5
       3
       4
       5
       5
       3
       1
       5
       6
       3
       4
       6
       6
       6
       0
       6
       3
       5
       4
       3
       5
       8
       5
       5
       5
       1
       5
       5
       4
       8
       6
       5
       3
       3
       2
       3
       5
       4
       4
       3
       6
       6
       2
       7
       2
       4
       6
       2
       9
       6
       3
       1
       5
       3
       6
       1
       5
       5
       6
       5
       4
       8
       2
       2
       5
       7
       5
       2
       5
       4
       3
       6
      11
       3
       4
       3
       3
       4
       4
       0
       2
       7
       4
       4
       4
       2
       3
       7
       5
       7
       3
       4
       3
       3
       5
       6
       2
       7
       6
       5
       7
       5
       5
       3
       2
       3
       1
       3
       7
       2
       4
       8
       6
       4
       3
       5
       6
       3
       3
       6
       5
       6
       3
       2
       4
       2
       6
       4
       1
      10
       3
       5
       2
       3
       6
       2
       5
       4
       2
       7
       3
       2
       4
       3
       9
       4
       2
       6
       6
       4
       1
       4
       5
       3
       6
       5
       3
       2
       3
       4
       5
       0
       6
       3
       5
       1
       2
       3
       4
       3
       4
       3
       8
       7
       2
       1
       5
       4
       0
       4
       3
       8
       4
       0
       8
       3
       6
       3
       3
       9
       2
       3
       4
       1
       5
       7
       2
       5
       4
       4
       4
       3
       2
       7
       6
       7
       6
       5
       8
       4
       2
       4
       9
       9
       6
       3
       5
       3
       3
       5
       3
       1
       2
       3
       1
       4
       2
       5
       3
       3
       5
       4
       4
       2
       6
       7
       7
       3
       3
       6
       4
       3
       5
       4
       0
       3
       2
       1
       6
       2
       1
       1
       5
       0
       6
       4
       4
       2
       0
       3
       3
       3
       4
       3
       3
       1
       1
      10
       5
       8
       2
       8
       3
       5
       3
       3
       3
       7
       6
       4
       6
       5
       9
       6
       4
       5
       3
       5
       4
       3
       5
       4
       5
       4
       5
       7
       2
       6
       3
       2
       3
       1
       5
       3
       8
       3
       4
       2
       1
       6
       4
       2
       6
       1
       6
       3
       3
       5
       4
       6
       4
       5
       6
       3
       3
       9
       8
       5
       3
       6
       6
       4
       2
       6
       5
       2
       1
       3
       2
       2
       3
       8
       4
       2
       8
       5
       5
       4
       3
       1
       3
       6
       6
       2
      10
       4
       2
       0
       0
       0
       0
       0
       0
       0
       0
       0
       0
       0
       0
       0
       0
       0
       0
       0
       0
       0
       0
       0
       0
       0
       0
       0
       0
       0
       0
       0
       0
       0
       0
$ROI:
1
11 2032
$PRESETS:
Live Time
100
0
$ENER_FIT:
0.000000 0.024067
$MCA_CAL:
3
0.000000E+000 2.406711E-002 0.000000E+000 keV
$SHAPE_CAL:
3
0.000000E+000 0.000000E+000 0.000000E+000
