$SPEC_ID:
No sample description was entered.
$SPEC_REM:
DET# 2
DETDESC# JLAB-20 MCB 129
AP# Maestro Version 7.01
$DATE_MEA:
02/23/2016 15:22:56
$MEAS_TIM:
300 302
$DATA:
0 2047
       0
       0
       0
       0
       0
      39
     668
     236
     268
     219
     220
     232
     208
     223
     199
     225
     191
     209
     220
     247
     232
     324
     407
     276
     255
     332
     456
     389
     256
     259
     256
     281
     244
     240
     211
     251
     181
     273
     245
     260
     230
     217
     232
     231
     266
     256
     229
     226
     266
     219
     259
     253
     263
     208
     264
     230
     262
     265
     273
     248
     254
     256
     254
     254
     252
     260
     277
     273
     260
     290
     249
     254
     239
     267
     261
     255
     239
     283
     255
     266
     262
     269
     279
     251
     267
     267
     278
     279
     295
     277
     260
     291
     272
     263
     254
     257
     290
     271
     271
     253
     251
     263
     294
     253
     296
     281
     267
     277
     281
     293
     227
     290
     294
     263
     280
     311
     283
     280
     283
     268
     282
     282
     277
     301
     320
     280
     285
     328
     295
     308
     328
     304
     333
     342
     312
     353
     287
     376
     378
     343
     342
     355
     375
     338
     380
     369
     344
     350
     353
     376
     361
     356
     386
     486
    1076
    2051
    1423
     705
     772
    2325
    3194
    1593
     548
     305
     262
     297
     237
     251
     266
     232
     226
     258
     253
     250
     262
     231
     271
     285
     299
     506
    1041
    1283
     807
     363
     277
     374
     523
     492
     312
     212
     211
     177
     189
     171
     187
     163
     165
     200
     181
     204
     169
     188
     196
     188
     202
     204
     153
     184
     193
     172
     161
     167
     164
     177
     165
     180
     175
     183
     193
     191
     182
     189
     198
     181
     173
     169
     179
     177
     173
     178
     165
     181
     162
     162
     164
     174
     163
     167
     152
     189
     169
     181
     158
     175
     147
     171
     197
     178
     194
     150
     164
     168
     159
     155
     172
     170
     156
     161
     173
     164
     180
     185
     155
     196
     172
     139
     173
     168
     169
     157
     141
     165
     156
     152
     153
     178
     156
     154
     150
     156
     178
     173
     146
     150
     174
     174
     147
     164
     157
     144
     159
     157
     178
     155
     161
     139
     165
     139
     139
     146
     129
     155
     151
     177
     148
     123
     163
     142
     138
     162
     164
     120
     137
     135
     124
     132
     132
     137
     126
     134
     150
     136
     139
     123
     130
     125
     148
     129
     135
     136
     156
     135
     146
     129
     151
     120
     129
     148
     149
     147
     132
     149
     140
     128
     141
     127
     126
     139
     136
     142
     135
     121
     124
     107
     125
     136
     132
     121
     138
     131
     138
     142
     146
     135
     126
     131
     113
     135
     128
     106
     129
     123
     108
     142
     118
     130
     127
     136
     127
     111
     127
     135
      99
     127
     120
     131
     120
      92
     111
     116
     123
     113
     113
     122
     119
     132
     123
     141
      95
     132
     129
     128
     106
     110
     119
      98
      92
     120
     115
     120
     109
     110
     116
     100
      93
     117
      98
     104
     128
     109
     109
     105
      79
     104
     113
     114
     111
     123
     122
     117
     104
     122
     105
      97
     116
      99
      92
     125
     120
     111
     104
     107
     116
      95
      98
      96
      96
      89
     114
     112
     105
     102
     102
      83
     113
     113
      99
      84
      89
      89
      86
      95
     101
     104
      90
     105
     108
     107
      99
      91
     104
      96
      77
      87
      84
      91
      88
      88
      96
      77
      83
     100
      92
      85
     101
      92
      93
      83
      72
      82
     107
      80
      86
      97
      99
      90
      82
      97
      97
      79
     107
     114
      73
      75
      92
     105
      89
      93
      73
      91
     112
      78
      89
      98
     103
      99
      66
     109
      80
      97
     102
      84
      95
      78
      91
      91
      67
      94
      84
      87
      93
      67
      71
      85
      79
      89
      92
      73
      62
      82
      76
      75
      84
      78
      67
      85
      79
      80
      84
      87
      80
      74
      76
      67
      70
      76
      63
      84
      77
      81
      87
      95
      88
      78
      88
      79
      94
      69
      75
      70
      71
      77
      64
      83
      79
      74
      69
      82
      65
      62
      62
      80
      93
      76
      69
      66
      78
      70
      69
      81
      83
      77
      76
      71
      87
      83
      74
      62
      64
      63
      75
      67
      75
      72
      59
      81
      84
      69
      68
      76
      69
      69
      72
      64
      74
      77
      60
      62
      85
      77
      75
      61
      72
      64
      77
      49
      56
      47
      77
      74
      76
      84
      76
      70
      72
      80
      69
      75
      75
      67
      64
      66
      70
      80
      64
      62
      65
      74
      92
      63
      71
      74
      63
      70
      72
      54
      66
      66
      78
      60
      65
      73
      58
      77
      62
      69
      64
      78
      66
      74
      63
      59
      66
      69
      79
      81
      68
      71
      66
      59
      76
      65
      75
      76
      61
      69
      48
      57
      61
      60
      66
      65
      58
      61
      74
      83
      67
      63
      71
      64
      60
      56
      59
      69
      64
      65
      64
      58
      70
      62
      71
      77
      55
      69
      80
      63
      65
      61
      63
      69
      67
      68
      72
      71
      74
      54
      68
      50
      66
      53
      57
      65
      58
      56
      60
      67
      66
      67
      65
      72
      46
      58
      57
      59
      55
      70
      55
      41
      61
      71
      66
      59
      62
      69
      66
      65
      58
      50
      55
      55
      44
      62
      59
      62
      53
      51
      53
      63
      54
      66
      60
      42
      50
      47
      50
      51
      58
      47
      57
      57
      64
      64
      64
      60
      52
      56
      56
      68
      54
      56
      59
      56
      64
      53
      50
      55
      48
      53
      67
      66
      54
      40
      61
      51
      58
      46
      59
      51
      43
      63
      52
      46
      58
      66
      46
      66
      46
      52
      49
      65
      60
      67
      55
      60
      54
      45
      51
      50
      58
      60
      44
      49
      55
      39
      49
      47
      39
      48
      50
      60
      44
      49
      53
      46
      54
      43
      51
      45
      44
      56
      62
      65
      48
      43
      43
      49
      43
      48
      51
      39
      60
      54
      52
      56
      44
      45
      47
      41
      60
      49
      46
      57
      34
      49
      48
      42
      50
      49
      34
      51
      53
      36
      51
      44
      54
      47
      44
      44
      49
      59
      50
      51
      42
      39
      45
      47
      23
      54
      40
      40
      57
      45
      42
      41
      37
      54
      46
      53
      38
      56
      58
      43
      44
      53
      39
      47
      44
      38
      49
      40
      42
      46
      50
      42
      58
      49
      43
      37
      47
      46
      45
      36
      55
      50
      53
      40
      41
      32
      40
      46
      41
      41
      46
      54
      52
      46
      33
      43
      50
      40
      39
      51
      41
      44
      47
      48
      43
      57
      44
      41
      35
      37
      44
      38
      36
      37
      50
      54
      43
      41
      39
      43
      22
      34
      40
      45
      37
      39
      48
      40
      37
      46
      41
      45
      28
      35
      34
      47
      47
      42
      51
      39
      34
      29
      40
      45
      38
      47
      35
      43
      33
      44
      31
      42
      43
      44
      40
      46
      53
      31
      40
      43
      46
      35
      47
      36
      37
      33
      43
      36
      41
      45
      36
      34
      39
      43
      33
      45
      38
      40
      27
      35
      37
      42
      46
      37
      35
      36
      36
      30
      33
      46
      29
      37
      30
      30
      34
      26
      37
      39
      33
      30
      41
      34
      36
      43
      33
      34
      30
      30
      27
      22
      30
      28
      29
      42
      30
      41
      38
      28
      34
      34
      28
      39
      36
      27
      22
      37
      29
      23
      32
      27
      32
      34
      30
      23
      26
      25
      32
      44
      45
      43
      49
      38
      39
      34
      45
      32
      40
      33
      33
      26
      21
      32
      44
      31
      24
      37
      33
      22
      34
      28
      36
      23
      28
      36
      27
      19
      22
      23
      35
      29
      30
      26
      23
      28
      22
      29
      41
      27
      23
      29
      26
      23
      24
      23
      23
      26
      35
      26
      19
      36
      31
      35
      30
      36
      30
      32
      27
      30
      28
      26
      28
      29
      27
      27
      32
      31
      28
      34
      31
      22
      23
      26
      24
      27
      26
      27
      34
      26
      22
      36
      23
      24
      25
      28
      23
      27
      22
      32
      27
      30
      23
      30
      28
      26
      29
      27
      31
      29
      33
      30
      31
      28
      32
      27
      31
      19
      27
      26
      26
      25
      30
      34
      20
      27
      20
      22
      24
      21
      29
      29
      24
      23
      16
      20
      31
      24
      21
      17
      24
      27
      25
      24
      31
      24
      27
      22
      29
      26
      27
      21
      26
      26
      22
      21
      22
      27
      24
      21
      13
      28
      26
      16
      29
      24
      21
      28
      17
      23
      26
      17
      22
      29
      27
      27
      17
      26
      33
      27
      26
      23
      24
      24
      24
      19
      19
      19
      30
      22
      28
      15
      25
      18
      17
      19
      20
      26
      19
      18
      22
      22
      23
      11
      19
      21
      23
      22
      32
      19
      20
      15
      29
      25
      19
      18
      18
      23
      22
      21
      34
      27
      32
      21
      23
      16
      33
      19
      18
      25
      11
      17
      15
      14
      16
      27
      14
      19
      17
      16
      22
      18
      21
      17
      24
      21
      23
      15
      22
      16
      24
      16
      24
      20
      15
      29
      18
      19
      18
      20
      21
      18
      27
      25
      29
      24
      18
      16
      16
      14
      22
      20
      19
      13
      18
      14
      17
      18
      13
      16
      23
      18
      16
      16
      12
      19
      18
      20
      20
      20
      15
      18
      22
      17
      18
      17
      12
      22
      23
      12
      21
      27
      21
      13
      27
      16
      18
      15
      22
      10
      27
      15
      23
      15
      15
      16
      18
      18
      18
      17
      18
      28
      14
      19
      21
      12
      12
      25
      20
      18
      15
      15
      22
      19
      26
      21
      16
      16
      17
      16
       8
      18
      19
      17
      12
      17
      10
      10
       9
      16
      17
      13
      16
      17
      18
      23
      21
      14
      20
      23
      22
      15
      11
      13
      14
      20
      12
      21
      16
      12
      19
      16
      15
      11
      21
      10
      16
      16
      15
      19
      21
      18
       9
      14
      15
      15
       9
      19
       6
      11
      16
      16
      12
      19
      17
      17
      15
      11
      12
      15
      22
      16
      14
      14
      21
      25
      18
      12
      14
      15
      18
      16
      15
       9
      11
      15
      16
      18
      12
      11
      21
      14
      12
      18
      14
      14
      19
      17
      11
      14
      15
       7
      14
      14
      18
      10
      12
      14
      16
      14
      10
      11
      18
      13
      16
      19
       9
      19
      16
      13
      13
      13
      14
       7
      12
       6
      13
      11
       9
      14
      21
      15
       9
      18
      15
      11
       9
       9
      16
       9
      17
      11
      14
       9
      13
      14
      12
      13
      16
      17
      12
      12
      13
      17
      13
      10
       9
      14
      10
       8
      12
      14
      13
      13
      13
      15
       7
      14
      14
      13
      13
      13
      12
      15
       8
      16
       8
      13
       9
      11
      12
       5
      19
      13
       9
       9
      12
      10
      11
       8
       3
      14
      11
      14
       6
      12
       7
      14
      15
      12
       8
       4
      11
       8
       9
      15
      14
       8
      11
      12
      14
      11
      17
       6
       9
       8
       8
       8
      12
      10
      10
       9
      18
       7
       4
      10
       9
      13
      13
      15
       7
      14
      17
      10
       8
       9
       8
      10
       5
       8
       9
      11
      11
       8
       8
       7
      11
      14
       8
      10
       7
      12
       9
      11
      12
      11
       9
       9
      10
      13
       7
       8
      11
       8
      11
       8
       6
      13
      18
      11
      14
      12
       8
       9
      12
      13
      10
      14
      14
       7
       9
      13
       3
      14
      10
      20
       5
      11
       7
      11
       3
      10
      13
       6
       8
      14
      13
      10
      12
      10
       8
      14
       9
      14
      11
       7
      10
       6
       7
       7
       7
       7
      10
       4
      10
      10
       2
       9
      15
      10
      10
       9
       9
      10
      10
       4
      11
       8
       9
       4
       6
       6
      12
       8
       8
      11
       9
      13
      10
       6
       7
       7
       7
      10
       7
       8
       6
      13
       7
       4
       7
      13
      11
      12
       9
      10
       4
       6
      12
       7
      13
       7
      10
       8
       6
      11
       6
       4
      10
       8
       6
      10
      12
      13
       9
       6
       6
       6
       7
       5
      11
       7
       9
       4
      10
      13
       3
      11
       8
       9
       8
       5
      13
       7
       6
      14
      12
       2
       9
       7
       6
      11
       8
      10
       4
       9
       8
      11
      12
       9
       7
       8
      12
       7
       4
       5
       4
      11
       6
       8
       7
      11
       6
      10
      10
       8
       3
      10
       8
       9
      10
      11
       5
       5
       4
       9
       6
       7
      13
      10
       5
       8
       5
       3
       7
       5
       8
       9
       4
       4
       4
       3
       9
       5
       6
       7
       5
       6
      10
      10
       6
       5
       8
       5
       4
       7
       8
       7
       5
       5
      10
       8
       3
       6
       5
       2
       8
       5
       8
      11
       7
       6
       7
       5
       3
       4
       7
      10
       4
       7
       7
       8
       3
       6
       5
       6
       8
       9
       6
       7
       4
       2
       8
       6
      10
       6
       3
      10
      10
       6
      10
       7
       6
       2
       7
       5
       3
      10
       9
       2
       4
       6
      10
       4
       9
       2
       2
       5
      13
       4
       3
      13
       3
       5
       4
       5
       9
       6
       8
       9
       3
      10
       6
       5
       8
       5
       4
       1
       7
       3
       7
       7
       4
       7
       3
       6
       3
       7
       6
       8
       4
       4
       5
       5
       5
       8
       5
       5
       6
       8
       4
       7
       4
       3
       9
       4
      12
       5
      10
       5
       3
       6
       7
       6
       6
       5
       5
       5
       4
      10
      10
       4
       3
       4
       5
       2
       6
       6
       4
       9
       5
       9
      10
       7
       4
       9
       0
       0
       0
       0
       0
       0
       0
       0
       0
       0
       0
       0
       0
       0
       0
       0
       0
       0
       0
       0
       0
       0
       0
       0
       0
       0
       0
       0
       0
       0
       0
       0
$ROI:
1
11 2032
$PRESETS:
Live Time
300
0
$ENER_FIT:
0.000000 0.024067
$MCA_CAL:
3
0.000000E+000 2.406711E-002 0.000000E+000 keV
$SHAPE_CAL:
3
0.000000E+000 0.000000E+000 0.000000E+000
