$SPEC_ID:
No sample description was entered.
$SPEC_REM:
DET# 2
DETDESC# JLAB-20 MCB 129
AP# Maestro Version 7.01
$DATE_MEA:
02/23/2016 14:50:17
$MEAS_TIM:
600 603
$DATA:
0 2047
       0
       0
       0
       0
       0
      58
    1049
     315
     378
     344
     330
     313
     349
     319
     300
     302
     323
     323
     332
     330
     374
     365
     383
     330
     313
     404
     410
     359
     382
     387
     321
     354
     366
     375
     360
     368
     360
     358
     385
     350
     318
     359
     321
     347
     342
     346
     338
     349
     346
     365
     381
     377
     390
     427
     366
     357
     361
     389
     382
     390
     391
     371
     344
     357
     405
     373
     377
     382
     380
     372
     372
     394
     386
     411
     340
     400
     366
     408
     363
     409
     396
     385
     339
     400
     406
     382
     384
     360
     405
     386
     364
     364
     408
     375
     399
     410
     405
     399
     405
     415
     415
     385
     410
     398
     379
     426
     396
     389
     414
     426
     365
     422
     420
     374
     414
     408
     437
     405
     438
     387
     436
     391
     425
     453
     456
     457
     459
     434
     471
     456
     502
     468
     454
     426
     442
     444
     506
     452
     457
     476
     476
     426
     448
     460
     485
     490
     472
     500
     507
     514
     503
     484
     531
     581
    1044
    1842
    1383
     765
     792
    2116
    2774
    1527
     616
     426
     341
     352
     351
     333
     335
     373
     368
     352
     322
     326
     340
     345
     352
     326
     371
     576
    1053
    1254
     859
     468
     377
     481
     581
     520
     397
     299
     256
     259
     294
     305
     242
     291
     277
     268
     280
     274
     255
     293
     280
     268
     302
     289
     289
     255
     298
     291
     261
     265
     285
     262
     279
     283
     268
     230
     258
     244
     272
     276
     276
     237
     277
     258
     253
     259
     239
     269
     279
     245
     223
     246
     270
     261
     259
     267
     267
     228
     254
     270
     269
     244
     266
     245
     265
     266
     255
     241
     254
     260
     281
     247
     236
     271
     230
     263
     256
     268
     257
     238
     234
     260
     232
     272
     256
     265
     244
     257
     266
     253
     243
     244
     248
     229
     261
     253
     252
     220
     229
     273
     240
     247
     234
     220
     241
     223
     239
     231
     253
     246
     258
     209
     221
     209
     228
     235
     222
     226
     235
     255
     233
     217
     220
     228
     234
     241
     227
     237
     254
     252
     233
     219
     222
     211
     211
     222
     235
     218
     225
     221
     241
     247
     221
     210
     206
     195
     231
     251
     225
     248
     215
     230
     229
     182
     222
     232
     224
     227
     244
     225
     220
     209
     205
     204
     233
     227
     224
     198
     219
     205
     217
     192
     214
     201
     223
     213
     208
     212
     209
     212
     211
     192
     202
     222
     211
     215
     216
     194
     235
     211
     202
     231
     207
     208
     211
     178
     222
     218
     225
     193
     221
     192
     210
     179
     201
     193
     180
     202
     196
     178
     221
     187
     220
     205
     196
     208
     168
     172
     182
     188
     191
     198
     194
     200
     195
     167
     198
     206
     209
     186
     189
     195
     204
     191
     182
     193
     184
     203
     178
     178
     183
     200
     156
     184
     183
     204
     176
     198
     172
     195
     166
     199
     187
     161
     183
     184
     176
     187
     188
     152
     176
     196
     179
     185
     172
     174
     162
     167
     162
     167
     155
     186
     168
     168
     190
     184
     175
     170
     174
     166
     175
     167
     152
     162
     163
     183
     188
     167
     170
     181
     155
     169
     156
     158
     144
     179
     159
     164
     162
     157
     161
     162
     159
     150
     161
     174
     162
     152
     148
     167
     168
     151
     152
     139
     180
     127
     161
     161
     167
     147
     151
     156
     149
     142
     142
     125
     172
     146
     181
     180
     166
     160
     167
     178
     155
     143
     133
     144
     135
     149
     141
     127
     184
     150
     152
     134
     153
     166
     147
     127
     145
     132
     168
     161
     153
     158
     166
     156
     141
     139
     145
     128
     146
     141
     139
     149
     169
     132
     123
     115
     136
     133
     153
     129
     143
     148
     129
     148
     145
     154
     145
     145
     161
     147
     145
     153
     138
     130
     126
     129
     121
     142
     154
     134
     136
     124
     132
     129
     128
     139
     133
     151
     133
     114
     141
     149
     135
     160
     130
     143
     122
     144
     108
     114
     135
     129
     146
     128
     138
     136
     109
     121
     135
     136
     130
     126
     133
     146
     128
     127
     133
     134
     116
     124
     110
     121
     139
     136
     118
     128
     123
     139
     154
     138
     102
     116
     136
     116
     141
     143
     138
     121
     144
     123
     145
     134
     123
     129
     123
     123
     142
     132
     115
     132
     128
     114
     105
     131
     123
     128
     119
     127
     128
     141
     108
     129
     133
     123
     119
     128
     121
     106
     124
     122
     132
     133
     130
     137
     134
     124
     122
     121
     118
     124
     120
     116
     134
     120
     120
     143
     122
     111
     120
     121
     112
     121
     111
     106
     108
     119
     112
     118
     101
     127
     126
     114
     114
     117
     119
     121
     111
     107
     101
     129
     115
     131
      99
     126
     127
     115
     115
     123
     103
     120
     119
     134
     134
     119
     131
     112
     107
     123
     120
     141
     115
     103
     112
     128
     122
     106
      98
     112
     111
     110
     121
     107
     105
     116
      91
     105
     102
     119
     123
     112
     123
     124
     129
     121
      93
     112
     120
     115
      98
     121
     109
     116
     124
     100
     102
     113
     102
     106
     104
     118
     112
      89
     125
     105
     106
     103
     119
     124
     104
     117
     116
     103
      98
     114
     124
      92
      81
     103
      91
      96
     102
     111
      97
      97
     110
     105
     100
      87
      91
     105
     117
     105
      90
      95
      99
     103
     105
      99
     100
      94
     110
      99
      79
     115
     100
      95
      93
     108
      89
      88
     104
      85
     114
      94
      88
      83
     105
      97
     103
      97
      77
      99
     108
      90
     121
      94
     100
      97
     104
      86
      92
      86
     100
      92
     122
      80
      97
      99
      87
      74
      91
     104
      98
      95
      96
      82
      86
      86
     100
      96
      82
      70
      99
      93
      84
      87
     105
     105
      78
      86
      95
     103
      88
      72
      96
     101
      76
      74
     102
      90
      99
     100
     104
      93
      85
      83
      89
      88
      90
      90
      97
      69
      87
      89
      87
      95
      83
      84
      80
      84
      88
      81
      77
      82
      69
     103
      79
      71
      84
      77
     106
      83
      86
     101
      83
      74
      76
      83
      76
      79
      63
      73
      92
      71
      74
      77
      94
      89
      66
      83
      84
      73
      82
      77
      75
      83
      77
      88
      76
      84
      85
      79
      93
      86
      62
      72
      74
      79
      80
      63
      68
      78
      84
      82
      73
      57
      83
      79
      78
      71
      78
      66
      70
      72
      70
      71
      74
      67
      73
      71
      66
      73
      77
      72
      79
      88
      81
      69
      72
      54
      59
      59
      69
      76
      64
      63
      58
      75
      81
      73
      88
      46
      59
      72
      65
      60
      66
      63
      70
      70
      68
      79
      59
      74
      77
      75
      64
      69
      74
      71
      68
      58
      55
      85
      65
      57
      77
      64
      64
      80
      67
      69
      73
      72
      67
      50
      58
      63
      66
      63
      67
      85
      76
      57
      69
      56
      71
      64
      61
      66
      56
      60
      52
      64
      52
      65
      64
      64
      63
      54
      70
      64
      69
      70
      63
      61
      48
      71
      49
      51
      61
      57
      62
      63
      59
      62
      70
      51
      51
      65
      63
      69
      53
      55
      49
      57
      58
      73
      61
      71
      50
      57
      92
      52
      58
      52
      67
      47
      54
      70
      65
      59
      64
      68
     107
      93
      75
      96
      77
      53
      54
      54
      53
      59
      44
      56
      47
      58
      64
      70
      42
      52
      57
      56
      55
      55
      47
      61
      39
      44
      44
      55
      64
      44
      48
      52
      60
      43
      49
      57
      49
      55
      44
      54
      46
      68
      48
      41
      49
      57
      43
      55
      58
      48
      64
      66
      57
      60
      44
      49
      53
      46
      36
      50
      50
      63
      41
      56
      36
      36
      44
      40
      35
      50
      41
      52
      43
      58
      39
      44
      43
      64
      50
      52
      55
      45
      53
      47
      47
      49
      47
      53
      55
      48
      42
      52
      49
      54
      48
      60
      40
      48
      57
      47
      44
      55
      53
      40
      41
      50
      51
      40
      48
      50
      44
      40
      40
      32
      37
      39
      44
      49
      43
      45
      47
      44
      44
      37
      59
      38
      56
      48
      45
      51
      47
      43
      53
      46
      39
      31
      44
      44
      40
      42
      43
      34
      51
      47
      46
      51
      35
      50
      42
      38
      50
      35
      42
      44
      44
      41
      35
      52
      38
      47
      36
      49
      38
      35
      41
      59
      45
      51
      37
      45
      48
      36
      36
      44
      43
      45
      37
      44
      34
      36
      37
      50
      40
      39
      40
      39
      31
      39
      37
      35
      37
      43
      51
      41
      43
      29
      45
      41
      38
      24
      51
      25
      44
      32
      27
      35
      43
      45
      36
      31
      39
      48
      40
      43
      49
      31
      42
      36
      34
      35
      41
      37
      31
      40
      27
      31
      41
      36
      40
      43
      30
      41
      26
      36
      33
      23
      19
      28
      32
      29
      32
      28
      17
      29
      44
      22
      43
      31
      31
      37
      29
      29
      27
      43
      38
      26
      34
      33
      31
      42
      22
      36
      30
      34
      21
      34
      39
      24
      28
      30
      28
      24
      26
      29
      29
      35
      30
      30
      35
      31
      25
      33
      31
      34
      33
      38
      32
      34
      17
      40
      39
      31
      38
      42
      37
      34
      29
      25
      34
      28
      35
      32
      29
      39
      36
      26
      28
      19
      31
      26
      29
      23
      42
      29
      36
      27
      32
      32
      30
      27
      36
      38
      45
      36
      44
      45
      29
      21
      31
      34
      20
      21
      25
      28
      28
      21
      34
      33
      24
      23
      23
      23
      35
      35
      33
      22
      34
      31
      20
      29
      23
      29
      24
      23
      23
      18
      20
      22
      23
      29
      23
      35
      29
      21
      24
      25
      27
      34
      31
      16
      23
      20
      25
      25
      34
      19
      30
      33
      29
      18
      35
      31
      26
      19
      22
      15
      23
      19
      38
      27
      26
      11
      22
      26
      12
      29
      25
      40
      27
      17
      17
      29
      25
      18
      23
      18
      28
      20
      27
      18
      29
      13
      31
      33
      25
      16
      24
      25
      10
      20
      25
      22
      27
      29
      15
      30
      21
      26
      29
      17
      24
      14
      24
      19
      23
      21
      27
      20
      30
      18
      28
      23
      24
      25
      15
      23
      25
      22
      27
      30
      22
      19
      21
      15
      15
      12
      27
      13
      23
      21
      22
      15
      27
      28
      24
      12
      30
      18
      24
      22
      18
      27
      20
      13
      25
      21
      27
      17
      17
      20
      27
      25
      19
      25
      19
      24
      22
      19
      11
      15
      20
      14
      11
      15
      23
      22
      23
      20
      22
      23
      19
      14
      16
      22
      31
      15
      23
      21
      13
      22
      26
      17
      25
      18
      17
      21
      14
      19
       9
      23
      18
       6
      20
      11
      25
      28
      18
      19
      18
      13
      14
      16
      20
      16
      24
      15
      12
      23
      25
      27
      16
      13
      19
      13
      24
      21
      22
      23
      14
      19
      14
      27
      12
      25
      14
      26
      13
      19
      21
      18
      25
      14
      17
      20
      17
      17
      16
      17
      16
      22
      14
      21
      15
      16
      12
      17
      21
      11
      16
      21
      11
      14
      23
      16
      14
      22
      25
      18
      18
      16
      13
      14
      12
      17
      18
      20
      18
      10
      12
      18
      13
      21
      16
      11
      20
      17
      20
      17
      19
      24
      19
      20
       9
      14
      15
      18
      13
      12
      16
      15
      12
      12
      17
      11
       9
      22
      12
      10
      17
      16
      18
      15
      19
      18
      13
      14
      20
      11
      18
      15
      16
       9
      17
      14
      18
      16
      19
      15
      18
      15
      11
      15
      15
       9
      19
      12
      11
      20
       6
      17
      11
      18
       8
      16
      11
      15
      18
      19
      10
      10
      20
      12
       9
      12
      12
      14
      10
      11
      15
      10
       8
      17
      16
      10
      20
      13
      19
      11
      13
      19
      17
      11
      18
      18
      10
      15
       9
       9
      12
      15
      14
      18
      10
      12
      12
      13
      10
      15
      11
      14
       9
      13
      14
      15
      16
       7
       9
      19
      13
      14
      16
      21
      19
      16
       8
       9
      10
       4
      14
       7
      13
      10
      20
      13
      19
       7
      14
      17
      13
      14
      16
      17
      11
       8
       9
      12
      14
      13
      13
      15
      14
      14
       8
      10
      16
       7
      13
      13
      12
       7
       7
      12
       8
       8
      15
      10
       8
      12
      12
      14
       7
      15
      10
      11
      23
       9
      13
      11
      11
      12
       9
      15
       9
      10
      11
      11
      12
       9
      12
       7
      13
      10
       6
       7
      15
      16
       6
       9
      10
      12
      11
      14
      13
      12
      13
      15
      13
       6
      10
      12
       6
       8
       9
      10
      10
      13
      10
      10
      11
      11
      11
       8
      11
      11
       9
      12
       9
       6
       8
      10
      11
      10
       7
      13
      13
      14
      13
       9
       8
      10
       8
      13
       4
      15
       6
       7
      16
      11
       9
      13
       9
      11
       6
      12
      14
      18
       8
      21
      12
       9
       7
      10
      11
       9
       8
      15
      11
       8
      10
      13
       9
      14
       5
       7
       7
       8
       8
      14
       5
       9
       6
       7
       7
       8
      10
      10
       9
       5
       7
       7
      12
       5
       8
       5
      13
       8
      10
      11
       8
       5
       1
      14
      10
       7
      13
      10
      10
      10
      10
       9
       9
       4
       9
       5
       8
      13
      11
      11
       9
       4
       8
       8
      10
       6
       9
      11
       0
       0
       0
       0
       0
       0
       0
       0
       0
       0
       0
       0
       0
       0
       0
       0
       0
       0
       0
       0
       0
       0
       0
       0
       0
       0
       0
       0
       0
       0
       0
       0
$ROI:
1
11 2032
$PRESETS:
Live Time
600
0
$ENER_FIT:
0.000000 0.024067
$MCA_CAL:
3
0.000000E+000 2.406711E-002 0.000000E+000 keV
$SHAPE_CAL:
3
0.000000E+000 0.000000E+000 0.000000E+000
