$SPEC_ID:
No sample description was entered.
$SPEC_REM:
DET# 2
DETDESC# JLAB-20 MCB 129
AP# Maestro Version 7.01
$DATE_MEA:
02/23/2016 14:35:53
$MEAS_TIM:
600 602
$DATA:
0 2047
       0
       0
       0
       0
       0
       0
       0
       0
       0
       0
       0
       0
       0
       0
       0
       0
       0
       0
       0
       0
       0
       0
       0
       0
       0
       0
       0
       0
       0
       0
       0
       0
       0
       0
       0
       0
       0
       0
       0
       0
       0
       0
       0
       0
       0
       0
       0
       0
       0
      34
    1088
    1082
    1083
    1134
    1147
    1099
    1094
    1133
    1183
    1165
    1161
    1213
    1485
    3879
    2294
    5599
    1268
     913
     848
     867
     855
     907
     907
    2134
    1992
    1010
    1262
     696
     670
     671
     677
     650
     694
     627
     620
     611
     644
     630
     688
     642
     650
     639
     604
     685
     610
     671
     610
     645
     658
     631
     649
     644
     610
     596
     557
     587
     650
     610
     607
     609
     611
     590
     584
     616
     587
     593
     538
     577
     617
     550
     530
     591
     592
     540
     562
     562
     552
     598
     567
     537
     530
     591
     524
     575
     539
     548
     498
     554
     561
     575
     492
     509
     523
     512
     523
     574
     544
     487
     520
     500
     505
     476
     515
     484
     504
     544
     499
     510
     502
     533
     460
     438
     491
     495
     459
     495
     486
     455
     418
     462
     453
     458
     458
     483
     457
     454
     419
     431
     419
     448
     427
     438
     436
     426
     392
     388
     382
     425
     393
     377
     412
     387
     385
     385
     411
     416
     358
     399
     399
     425
     379
     361
     392
     350
     374
     396
     378
     398
     396
     395
     393
     368
     349
     393
     338
     362
     337
     327
     370
     312
     345
     332
     350
     333
     338
     327
     338
     332
     331
     321
     348
     340
     350
     323
     342
     335
     363
     327
     348
     300
     337
     330
     357
     333
     308
     332
     332
     345
     321
     337
     335
     316
     311
     321
     331
     303
     303
     327
     317
     313
     304
     323
     305
     326
     304
     291
     303
     322
     329
     309
     325
     307
     280
     300
     326
     284
     298
     321
     305
     305
     289
     295
     320
     267
     297
     268
     304
     285
     273
     270
     278
     277
     256
     295
     303
     285
     279
     300
     272
     283
     295
     270
     274
     255
     253
     256
     268
     280
     255
     293
     251
     262
     265
     277
     255
     254
     267
     278
     234
     241
     237
     250
     277
     243
     234
     255
     217
     240
     231
     236
     230
     234
     238
     261
     246
     222
     232
     227
     239
     245
     250
     275
     247
     241
     213
     187
     210
     253
     233
     245
     255
     229
     209
     203
     229
     198
     216
     221
     224
     185
     232
     206
     220
     234
     222
     195
     199
     210
     198
     208
     196
     187
     196
     206
     235
     199
     242
     194
     202
     191
     199
     181
     193
     191
     194
     175
     180
     168
     205
     187
     183
     213
     199
     183
     169
     184
     200
     166
     179
     191
     177
     160
     165
     160
     195
     159
     175
     141
     175
     179
     153
     165
     155
     180
     153
     170
     155
     150
     176
     151
     171
     174
     142
     160
     134
     163
     144
     164
     182
     155
     148
     137
     143
     155
     134
     148
     158
     146
     140
     155
     155
     132
     147
     132
     152
     195
     203
     158
     131
     143
     137
     137
     120
     133
     125
     125
     143
     129
     132
     135
     128
     121
     129
     150
     112
     141
     132
     113
     127
     136
     131
     111
     125
     124
     127
     115
     113
     128
     115
     115
      99
     114
     105
     100
     135
     116
     107
     104
     126
     113
     103
      91
     101
     122
     111
      94
     100
     125
     133
     101
     103
     112
     124
     118
      90
     112
      86
     101
     121
     108
     109
     100
      86
     109
     106
      97
     105
      98
      89
     114
      90
      89
      84
      94
      81
      83
      93
      99
      90
      87
     106
     116
      98
      98
      91
      77
      82
      91
      93
      95
      89
      94
      80
      78
      91
      83
      78
      82
      83
      84
      95
      89
      65
      85
      80
      86
      83
      83
      87
      85
      81
      70
      82
      73
      77
      76
      78
      62
      61
      84
      70
      78
      74
      79
      58
      75
      90
      84
      67
      72
      69
      64
      67
      65
      65
      65
      68
      60
      60
      60
      72
      72
      67
      61
      56
      66
      63
      51
      75
      63
      66
      57
      47
      63
      52
      56
      53
      72
      70
      55
      47
      56
      63
      59
      62
      61
      54
      56
      63
      60
      51
      52
      62
      50
      53
      59
      54
      63
      62
      50
      55
      43
      64
      43
      57
      51
      61
      46
      58
      43
      55
      59
      54
      54
      48
      37
      40
      56
      47
      59
      55
      37
      47
      33
      56
      47
      59
      49
      43
      47
      41
      46
      35
      38
      41
      49
      35
      42
      47
      49
      48
      44
      52
      47
      32
      41
      43
      39
      47
      37
      37
      53
      55
      47
      30
      57
      50
      35
      47
      35
      54
      48
      42
      38
      36
      30
      34
      43
      36
      50
      39
      29
      29
      29
      30
      32
      31
      33
      35
      39
      40
      32
      22
      35
      50
      37
      33
      36
      33
      28
      36
      34
      33
      35
      29
      50
      33
      28
      37
      32
      36
      33
      30
      26
      23
      23
      29
      32
      35
      36
      22
      38
      25
      34
      18
      32
      37
      36
      32
      28
      32
      34
      28
      27
      39
      20
      38
      39
      32
      27
      37
      26
      24
      28
      22
      19
      29
      39
      28
      31
      26
      29
      28
      25
      34
      25
      29
      33
      28
      19
      25
      28
      22
      16
      28
      19
      20
      20
      28
      23
      29
      33
      21
      24
      30
      32
      20
      25
      20
      20
      26
      22
      27
      27
      29
      17
      21
      28
      21
      30
      26
      17
      22
      23
      22
      19
      30
      21
      19
      20
      20
      17
      17
      15
      19
      23
       8
      23
      23
      20
      19
      16
      22
      18
      15
      18
      25
      24
      13
      15
      17
      14
      19
      12
      21
      19
      16
      18
      24
      19
       9
      23
      21
      21
      15
       9
      17
      17
      22
      15
      19
      10
      18
      19
      21
      13
      13
      13
      14
      18
      17
      15
      14
      13
      19
      21
      15
      17
      14
      18
      15
      19
      17
      22
      18
      11
      20
       8
      16
       8
       5
      17
      12
      20
      17
      10
      13
       9
       9
      12
      17
      16
      16
      12
      11
      13
      11
      12
      14
      10
      11
      21
      13
      13
      16
       9
       8
      13
      12
       2
      13
      15
      11
       7
      10
      19
      15
      15
      16
      14
       5
       7
      19
      12
      11
      14
       9
       9
       8
      11
      11
       9
      13
      12
      10
      16
      13
      17
      12
       6
       7
       9
      11
      14
      11
      11
       8
       7
      10
      10
       6
      10
      10
       6
      10
      15
       7
      12
       8
      15
      13
      13
       9
      10
      11
      10
      11
      11
      11
       7
       8
      11
       6
      10
      12
       9
       8
       9
       6
      14
      12
       7
       9
      12
      13
      11
       3
       4
       9
       7
      12
      11
       8
      13
      15
      12
       7
       8
       7
       8
      11
       8
       8
      10
       8
       8
       8
       9
       6
      12
       9
       6
       8
       6
       6
       4
       6
       9
      11
       9
       4
       8
       5
       7
       3
       7
       6
       9
       9
      15
       7
      11
       6
       7
       8
       6
       5
       6
       5
       7
       8
       8
       7
      10
       9
      11
       2
       9
       5
       5
       8
       6
       4
       9
       5
       6
       7
       7
      10
       5
       8
       8
       6
       6
       9
       3
      12
       6
       4
       9
       9
       7
       5
       7
       9
       4
       5
       7
      10
       6
       5
       5
       4
       6
       6
       8
       5
       2
      10
       7
       3
       7
       4
       8
       2
       4
       3
       4
       4
       4
       2
       3
       7
       9
       5
       3
       3
       8
       3
       4
       4
      10
       3
       3
       3
       7
       3
       6
       6
       4
       3
       4
       8
       5
       4
       5
       2
       5
       0
       5
       0
       3
       0
       3
       2
       7
       5
       3
       3
       6
       1
       8
       7
       3
       2
       1
       2
       3
       3
       5
       5
       3
       1
       7
       2
       5
       1
       4
       3
       4
       2
       2
       1
       1
       0
       0
       4
       4
       2
       5
       2
       0
       4
       2
       3
       4
       5
       2
       3
       3
       4
       2
       1
       1
       2
       1
       4
       1
       2
       0
       5
       6
       7
       2
       2
       2
       3
       2
       2
       1
       0
       2
       5
       3
       1
       3
       6
       1
       2
       5
       3
       2
       2
       3
       3
       3
       2
       2
       2
       4
       2
       2
       1
       5
       4
       0
       2
       4
       3
       2
       1
       1
       1
       2
       1
       1
       1
       0
       2
       4
       5
       5
       1
       2
       2
       3
       1
       2
       4
       1
       0
       2
       2
       1
       1
       0
       2
       1
       3
       1
       0
       3
       8
      23
      21
       8
       2
       1
       1
       4
       4
       3
       2
       1
       1
       1
       0
       1
       1
       2
       1
       2
       0
       3
       0
       1
       1
       0
       1
       1
       1
       4
       1
       3
       2
       0
       2
       4
       0
       0
       2
       5
       2
       2
       1
       0
       2
       0
       2
       4
       0
       0
       0
       0
       0
       0
       2
       1
       2
       0
       1
       2
       1
       1
       1
       1
       1
       0
       1
       2
       1
       2
       0
       2
       0
       0
       0
       2
       1
       0
       2
       2
       2
       4
       0
       1
       4
       1
       2
       1
       2
       0
       1
       0
       2
       2
       0
       2
       2
       2
       1
       0
       1
       0
       2
       1
       0
       0
       1
       3
       1
       4
       1
       2
       2
       1
       2
       3
       6
       1
       1
       0
       0
       3
       2
       1
       2
       1
       0
       0
       5
       1
       2
       2
       2
       1
       0
       0
       0
       0
       0
       2
       1
       2
       0
       0
       1
       0
       1
       1
       1
       1
       2
       3
       0
       1
       0
       0
       1
       0
       0
       0
       1
       0
       0
       1
       1
       0
       0
       3
       2
       0
       1
       0
       0
       0
       1
       0
       0
       0
       0
       1
       1
       0
       1
       0
       0
       1
       0
       0
       0
       2
       0
       2
       0
       0
       1
       2
       2
       1
       1
       1
       1
       0
       2
       1
       2
       0
       3
       0
       1
       1
       2
       0
       0
       0
       0
       2
       2
       1
       1
       2
       2
       1
       0
       0
       1
       0
       0
       0
       1
       0
       1
       0
       1
       0
       0
       0
       0
       3
       0
       0
       0
       0
       0
       1
       0
       0
       1
       0
       1
       1
       1
       0
       0
       1
       1
       0
       0
       0
       0
       0
       1
       0
       1
       0
       0
       3
       8
       3
       2
       0
       0
       0
       2
       1
       0
       1
       0
       0
       1
       1
       0
       1
       1
       0
       0
       0
       2
       0
       0
       0
       1
       0
       1
       1
       1
       1
       0
       1
       0
       0
       0
       1
       0
       0
       0
       0
       1
       0
       1
       0
       0
       1
       0
       1
       0
       1
       0
       0
       0
       1
       0
       0
       0
       1
       0
       0
       0
       1
       0
       1
       1
       1
       0
       0
       0
       1
       1
       1
       1
       0
       0
       0
       0
       0
       0
       0
       1
       1
       0
       0
       0
       0
       0
       1
       0
       1
       1
       1
       0
       0
       0
       0
       0
       0
       0
       0
       0
       1
       0
       1
       2
       0
       0
       2
       0
       0
       0
       2
       0
       0
       0
       1
       1
       1
       0
       0
       0
       0
       0
       0
       2
       1
       0
       0
       1
       0
       0
       1
       0
       2
       0
       1
       2
       0
       1
       0
       1
       1
       1
       0
       0
       0
       0
       0
       0
       0
       0
       1
       1
       0
       0
       0
       0
       0
       0
       0
       0
       2
       0
       0
       1
       0
       1
       1
       0
       1
       1
       0
       0
       0
       0
       1
       0
       0
       0
       0
       0
       0
       1
       0
       0
       0
       0
       0
       0
       0
       0
       0
       0
       1
       0
       0
       0
       0
       0
       0
       1
       0
       0
       0
       0
       1
       0
       0
       0
       0
       1
       0
       0
       0
       0
       0
       0
       0
       0
       0
       1
       1
       0
       0
       1
       1
       0
       1
       0
       0
       0
       0
       0
       1
       0
       0
       0
       0
       0
       0
       0
       0
       1
       0
       0
       1
       0
       0
       0
       1
       0
       0
       2
       1
       2
       0
       1
       0
       1
       1
       0
       0
       2
       0
       0
       0
       1
       0
       0
       0
       0
       0
       0
       0
       0
       0
       1
       1
       0
       1
       1
       0
       0
       1
       1
       1
       0
       0
       0
       0
       0
       1
       0
       1
       0
       1
       0
       1
       1
       1
       1
       0
       1
       0
       0
       1
       0
       0
       2
       1
       0
       0
       0
       0
       0
       0
       0
       0
       1
       0
       0
       1
       0
       0
       1
       1
       0
       0
       0
       0
       0
       0
       0
       0
       1
       0
       0
       0
       0
       0
       0
       0
       1
       0
       0
       0
       0
       0
       0
       0
       0
       0
       0
       1
       0
       0
       0
       0
       0
       0
       0
       0
       0
       0
       0
       0
       0
       1
       0
       0
       1
       0
       0
       0
       1
       0
       0
       0
       1
       0
       0
       0
       0
       2
       0
       0
       0
       0
       0
       0
       0
       1
       0
       0
       0
       2
       0
       0
       0
       0
       0
       0
       0
       0
       0
       0
       0
       0
       0
       0
       0
       1
       0
       0
       0
       0
       0
       0
       0
       0
       0
       0
       0
       0
       1
       0
       0
       1
       0
       0
       1
       1
       1
       0
       0
       0
       2
       1
       0
       1
       0
       0
       0
       0
       0
       0
       1
       0
       0
       0
       0
       0
       0
       0
       0
       0
       0
       0
       0
       1
       0
       0
       0
       1
       0
       0
       1
       0
       0
       0
       0
       0
       0
       0
       0
       0
       0
       0
       0
       0
       0
       0
       0
       0
       0
       0
       0
       0
       0
       0
       0
       0
       0
       0
       0
       0
       0
       0
       0
       0
       0
       0
       0
       0
       0
       0
       0
       0
       0
       0
$ROI:
1
11 2032
$PRESETS:
Live Time
600
0
$ENER_FIT:
0.000000 0.024067
$MCA_CAL:
3
0.000000E+000 2.406711E-002 0.000000E+000 keV
$SHAPE_CAL:
3
0.000000E+000 0.000000E+000 0.000000E+000
