$SPEC_ID:
No sample description was entered.
$SPEC_REM:
DET# 2
DETDESC# JLAB-20 MCB 129
AP# Maestro Version 7.01
$DATE_MEA:
02/23/2016 15:44:06
$MEAS_TIM:
300 304
$DATA:
0 2047
       0
       0
       0
       0
      12
   11141
  314297
   45531
   27387
    7258
    1311
     262
     142
     152
     138
     123
     117
     124
     108
     131
     112
     142
     125
     110
     126
     114
      96
     102
     106
      98
     117
     101
     103
     122
     115
     121
     100
      98
     113
     113
     123
     119
     139
     155
     142
     155
     120
     112
     122
     129
     133
     120
     155
     164
     153
     156
     146
     129
     129
     127
     139
     128
     115
     150
     116
     127
     123
     154
     144
     117
     141
     137
     136
     130
     139
     132
     135
     112
     128
     132
     122
     134
     138
     148
     139
     124
     141
     161
     135
     148
     153
     144
     145
     154
     130
     145
     150
     155
     146
     161
     164
     162
     155
     145
     141
     152
     137
     167
     154
     145
     172
     158
     162
     161
     160
     151
     171
     173
     168
     157
     151
     171
     161
     183
     148
     163
     160
     157
     164
     149
     171
     167
     157
     155
     168
     169
     156
     179
     166
     159
     161
     186
     151
     154
     171
     159
     157
     184
     188
     185
     146
     167
     172
     162
     167
     179
     172
     182
     170
     176
     153
     162
     175
     170
     173
     180
     142
     193
     174
     166
     198
     177
     195
     163
     175
     181
     185
     189
     168
     183
     156
     181
     181
     160
     184
     162
     148
     196
     188
     166
     173
     167
     185
     185
     188
     178
     194
     175
     178
     174
     162
     167
     167
     176
     194
     187
     193
     184
     203
     197
     164
     185
     168
     200
     163
     167
     169
     193
     183
     178
     189
     198
     180
     178
     184
     175
     201
     178
     164
     164
     183
     191
     183
     197
     171
     211
     180
     189
     172
     194
     193
     155
     188
     176
     200
     212
     202
     190
     198
     225
     187
     202
     210
     166
     209
     223
     183
     207
     197
     176
     213
     203
     196
     211
     218
     219
     165
     250
     184
     198
     220
     218
     228
     212
     222
     187
     218
     218
     223
     210
     223
     220
     198
     193
     230
     234
     227
     209
     190
     196
     243
     208
     228
     205
     195
     177
     226
     200
     207
     198
     196
     208
     228
     226
     177
     205
     191
     202
     226
     233
     260
     390
     623
     757
     690
     566
     430
     310
     279
     271
     468
     719
    1126
    1117
     887
     616
     397
     255
     195
     182
     183
     171
     172
     166
     160
     172
     154
     136
     151
     154
     160
     162
     151
     147
     139
     155
     161
     148
     134
     147
     152
     143
     133
     145
     168
     120
     154
     135
     140
     155
     147
     213
     276
     357
     423
     472
     444
     408
     287
     214
     163
     165
     128
     172
     192
     208
     233
     215
     206
     197
     175
     105
     112
     111
     122
     139
     124
     104
     128
     123
     106
     106
     109
     113
     115
     122
     107
     128
     107
     126
     112
     121
     116
     117
     118
     108
      96
     105
     111
     103
     100
     111
     120
     100
      98
     125
     115
     123
     118
      93
     116
     105
     120
     105
     120
     104
     116
     101
     105
     125
     103
     103
     134
     102
      90
     119
      96
      96
     104
     105
     120
     115
     115
     101
     104
     102
     120
     114
      97
      93
     102
     101
     120
      86
     100
      98
      91
     101
     105
     104
     110
      89
     104
      95
     119
     145
     109
      96
     104
     105
      87
      85
     101
      97
     110
     111
     106
      87
     100
      99
      88
     106
      74
      88
     105
      98
      89
     114
     105
     100
      85
      86
     109
      94
      89
      95
     117
     107
      76
      76
      95
      86
     100
      93
      83
      97
     101
      98
      98
      85
      83
      82
     114
      77
     107
      92
     101
      91
      80
      79
      82
      92
      87
      97
     106
     104
      84
      83
      99
      88
      84
      83
      83
      80
      96
      96
      91
     105
      88
      91
      89
      94
      83
     101
      88
      83
     106
      92
      94
      79
     102
      75
      88
      76
      93
      83
      77
      93
      85
      96
      79
     104
      72
      89
      69
      89
      82
      72
      94
      75
      90
      95
      69
      99
      90
      77
      86
      85
      93
      83
      76
      93
      88
      85
      82
      78
      83
      80
      89
      99
      94
      70
      77
      72
      67
      90
      80
      80
      91
      66
      73
      75
      78
      69
      85
      78
      60
      78
      76
      76
      99
      71
      83
      75
      80
      79
      68
      80
      75
      87
      78
      78
      79
      66
      79
      80
      70
      77
      65
      80
      83
      43
      78
      59
      68
      81
      80
      80
      77
      79
      75
      69
      77
      76
      58
      70
      66
      81
      75
      73
      83
      82
      54
      66
      78
      86
      78
      59
      79
      77
      60
      80
      65
      84
      58
      72
      73
      76
      66
      73
      62
      71
      74
      69
      49
      72
      69
      86
      78
      83
      67
      60
      74
      67
      68
      64
      56
      74
      65
      54
      68
      62
      72
      78
      72
      72
      58
      56
      61
      74
      64
      52
      63
      59
      67
      76
      68
      56
      67
      64
      73
      79
      70
      66
      71
      64
      60
      53
      51
      71
      69
      60
      57
      58
      53
      63
      81
      66
      59
      49
      76
      59
      63
      68
      51
      62
      61
      63
      50
      69
      67
      68
      57
      69
      77
      61
      58
      64
      58
      53
      63
      70
      51
      64
      64
      62
      52
      64
      63
      53
      61
      72
      67
      53
      65
      63
      63
      64
      59
      67
      61
      61
      46
      59
      57
      69
      58
      69
      42
      55
      53
      55
      50
      56
      50
      67
      53
      67
      61
      57
      64
      64
      65
      67
      44
      48
      66
      52
      59
      59
      57
      48
      78
      47
      54
      65
      70
      55
      56
      60
      66
      67
      63
      48
      49
      53
      64
      62
      53
      57
      43
      46
      49
      52
      59
      50
      58
      58
      51
      56
      40
      52
      45
      59
      54
      62
      53
      56
      51
      54
      48
      55
      54
      55
      47
      56
      57
      66
      54
      42
      64
      64
      45
      44
      46
      59
      47
      40
      47
      43
      62
      41
      55
      47
      65
      42
      48
      44
      55
      52
      57
      43
      46
      36
      45
      54
      53
      51
      45
      54
      62
      59
      39
      51
      45
      35
      43
      66
      50
      39
      60
      48
      33
      41
      41
      56
      44
      53
      62
      50
      51
      50
      45
      44
      44
      44
      49
      45
      38
      64
      44
      44
      44
      50
      53
      52
      51
      48
      53
      48
      42
      39
      38
      48
      64
      47
      49
      50
      43
      47
      35
      45
      54
      46
      47
      35
      60
      39
      49
      30
      33
      42
      41
      49
      48
      51
      44
      41
      43
      37
      46
      44
      51
      42
      45
      33
      41
      40
      53
      54
      47
      42
      46
      53
      57
      26
      59
      38
      44
      42
      34
      39
      42
      36
      45
      40
      38
      35
      58
      50
      44
      60
      41
      53
      46
      39
      28
      36
      49
      45
      46
      39
      45
      51
      46
      41
      41
      44
      47
      33
      42
      41
      49
      47
      40
      49
      40
      39
      47
      38
      33
      42
      46
      34
      47
      38
      42
      44
      39
      31
      47
      38
      52
      38
      43
      44
      43
      33
      36
      44
      46
      42
      48
      30
      33
      48
      56
      49
      56
      39
      39
      37
      35
      34
      48
      35
      40
      34
      36
      42
      45
      26
      35
      33
      34
      45
      37
      43
      38
      36
      34
      38
      40
      39
      36
      34
      40
      29
      34
      39
      49
      38
      40
      50
      35
      33
      27
      42
      46
      43
      36
      35
      47
      31
      39
      33
      50
      35
      28
      34
      33
      38
      40
      41
      28
      45
      42
      44
      33
      43
      41
      34
      38
      27
      37
      33
      32
      41
      44
      36
      49
      36
      46
      34
      42
      33
      32
      24
      24
      41
      25
      36
      30
      40
      36
      26
      32
      29
      44
      31
      42
      31
      32
      35
      49
      33
      31
      34
      42
      32
      43
      30
      26
      36
      29
      34
      33
      41
      31
      41
      29
      43
      35
      32
      30
      40
      29
      40
      34
      30
      45
      33
      34
      42
      37
      34
      37
      44
      37
      38
      48
      32
      32
      45
      46
      31
      34
      42
      30
      30
      32
      44
      42
      33
      27
      34
      39
      40
      27
      30
      31
      32
      40
      26
      38
      20
      37
      31
      32
      30
      38
      35
      40
      35
      34
      35
      35
      35
      34
      27
      37
      36
      33
      29
      36
      44
      42
      32
      30
      45
      33
      32
      36
      33
      32
      37
      43
      35
      32
      35
      44
      37
      30
      31
      24
      30
      38
      26
      28
      31
      37
      31
      31
      25
      39
      25
      32
      24
      27
      27
      37
      33
      22
      43
      30
      33
      34
      39
      35
      30
      28
      26
      23
      28
      41
      36
      38
      35
      36
      25
      33
      36
      40
      26
      38
      33
      24
      28
      31
      39
      34
      44
      31
      39
      28
      37
      25
      32
      23
      23
      33
      33
      31
      33
      25
      32
      33
      40
      32
      43
      24
      30
      39
      28
      36
      34
      23
      35
      24
      25
      30
      27
      32
      42
      27
      36
      28
      32
      40
      30
      28
      35
      28
      31
      39
      35
      42
      30
      24
      34
      29
      32
      34
      28
      29
      34
      31
      27
      24
      27
      29
      29
      26
      39
      34
      34
      32
      34
      29
      28
      36
      32
      28
      34
      29
      34
      35
      34
      32
      34
      28
      25
      35
      29
      26
      25
      28
      36
      28
      29
      32
      23
      41
      26
      29
      36
      29
      26
      35
      27
      33
      27
      23
      24
      28
      26
      28
      28
      16
      47
      24
      26
      29
      39
      30
      34
      23
      32
      32
      33
      19
      29
      28
      28
      32
      36
      29
      31
      34
      25
      34
      28
      35
      21
      33
      33
      32
      31
      31
      32
      29
      35
      33
      32
      32
      27
      32
      33
      34
      37
      27
      33
      32
      32
      36
      32
      30
      22
      28
      13
      27
      30
      25
      25
      30
      29
      39
      20
      29
      29
      22
      33
      23
      33
      36
      26
      25
      24
      29
      32
      30
      37
      23
      25
      31
      31
      26
      26
      26
      41
      33
      25
      34
      29
      28
      24
      18
      26
      31
      21
      30
      19
      27
      30
      30
      22
      32
      34
      28
      26
      34
      32
      33
      27
      30
      30
      34
      22
      34
      27
      29
      22
      33
      27
      32
      26
      26
      34
      25
      23
      30
      34
      30
      24
      35
      31
      31
      30
      27
      46
      42
      23
      23
      32
      30
      19
      34
      24
      25
      28
      24
      25
      31
      23
      21
      16
      24
      28
      25
      17
      34
      28
      28
      29
      26
      28
      23
      25
      28
      37
      26
      30
      33
      23
      23
      32
      29
      39
      31
      35
      24
      24
      18
      25
      20
      30
      24
      36
      27
      31
      29
      25
      31
      23
      28
      20
      29
      30
      25
      36
      31
      33
      32
      22
      30
      32
      22
      21
      24
      19
      31
      20
      15
      26
      29
      21
      17
      26
      32
      24
      29
      33
      25
      19
      28
      18
      20
      19
      28
      20
      28
      26
      22
      18
      35
      24
      30
      26
      26
      26
      23
      21
      25
      26
      23
      25
      23
      23
      18
      32
      30
      20
      21
      25
      26
      24
      30
      34
      27
      27
      17
      23
      25
      30
      14
      19
      31
      21
      22
      18
      24
      32
      21
      26
      26
      21
      19
      24
      34
      20
      33
      18
      21
      18
      21
      25
      26
      21
      24
      11
      25
      20
      14
      17
      21
      17
      24
      33
      31
      17
      21
      17
      26
      22
      19
      23
      16
      23
      12
      30
      26
      23
      23
      31
      34
      12
      32
      22
      22
      19
      25
      24
      30
      24
      18
      19
      21
      18
      23
      29
      22
      29
      25
      21
      24
      25
      22
      15
      17
      22
      23
      14
      29
      19
      20
      23
      17
      17
      30
      23
      18
      27
      19
      25
      26
      18
      20
      23
      18
      26
      21
      20
      23
      19
      22
      19
      22
      21
      19
      22
      17
      19
      18
      27
      25
      24
      18
      20
      24
      19
      20
      21
      14
      26
      23
      24
      27
      29
      21
      18
      17
      21
      22
      25
      16
      18
      24
      20
      16
      28
      23
      24
      25
      17
      23
      18
      18
      24
      22
      32
      17
      25
      22
      20
      22
      24
      25
      23
      20
      21
      24
      30
      20
      23
      18
      22
      26
      17
      23
      15
      20
      28
      28
      14
      22
      27
      23
      21
      24
      19
      32
      22
      27
      16
      15
      16
      26
      21
      20
      22
      22
      19
      21
      20
      24
      20
      19
      16
      20
      14
      28
      19
      29
      21
      26
      27
      18
      15
      25
      20
      19
      22
      16
      26
      24
      26
      14
      14
      18
      16
      17
      26
      27
      19
      23
      18
       7
      20
      18
      15
      19
      20
      14
      17
      16
      18
      18
      20
      12
      21
      22
      24
      21
      17
      21
      26
      15
      27
      20
      18
      21
      20
      24
      26
      19
      19
      18
      19
      20
      16
      18
      18
      18
      25
      19
      26
      19
      14
      21
      15
      19
      21
      23
      20
      20
      15
      15
      26
      17
      23
      18
      19
      19
      13
      22
      21
      17
      18
      22
      20
      13
      19
      29
      11
      11
      13
      19
      15
      23
      21
      20
      28
      12
      26
      12
      14
      15
      15
      26
      23
      21
      17
      15
      22
      25
      17
      19
      15
      21
      20
      21
      18
      22
      18
      13
      15
      23
      21
      26
      24
      12
      19
      23
      18
      22
      23
      17
      24
      13
      20
      18
      16
      11
      22
      14
      14
      23
      19
      15
      19
      15
      24
      20
      12
      20
      24
      16
      25
      22
      14
      13
      21
      14
      22
      19
      12
      22
      15
      17
      19
      16
      20
      26
      16
      13
      19
       0
       0
       0
       0
       0
       0
       0
       0
       0
       0
       0
       0
       0
       0
       0
       0
       0
       0
       0
       0
       0
       0
       0
       0
       0
       0
       0
       0
       0
       0
       0
       0
$ROI:
1
11 2032
$PRESETS:
Live Time
300
0
$ENER_FIT:
0.000000 0.024067
$MCA_CAL:
3
0.000000E+000 2.406711E-002 0.000000E+000 keV
$SHAPE_CAL:
3
0.000000E+000 0.000000E+000 0.000000E+000
