$SPEC_ID:
No sample description was entered.
$SPEC_REM:
DET# 2
DETDESC# JLAB-20 MCB 129
AP# Maestro Version 7.01
$DATE_MEA:
02/23/2016 15:37:31
$MEAS_TIM:
300 304
$DATA:
0 2047
       0
       0
       0
       0
       8
   10415
  303898
   42883
   25690
    6432
    1141
     307
     183
     148
     127
     145
     102
     127
     123
     131
     117
     128
     108
     132
     111
     116
     129
     126
      98
     107
      95
     102
     113
     112
     109
      98
     113
     117
     106
     107
     121
     122
     140
     177
     214
     194
     167
     156
     137
     116
     129
     132
     204
     226
     235
     213
     178
     146
     115
     114
     134
     135
     105
     151
     147
     133
     128
     123
     140
     121
     107
     104
     124
     124
     117
     120
     119
     125
     138
     140
     105
     120
     131
     108
     129
     103
     111
     110
     130
     167
     110
     134
     128
     106
     125
     113
     119
     123
     125
     133
     118
     124
     131
     148
     116
     127
     126
     121
     119
     124
     138
     138
     128
     144
     113
     129
     149
     134
     133
     133
     136
     132
     125
     131
     121
     118
     154
     133
     131
     139
     138
     137
     144
     132
     137
     145
     142
     121
     128
     129
     138
     126
     158
     144
     127
     117
     122
     135
     128
     134
     125
     129
     147
     148
     138
     120
     119
     148
     136
     131
     142
     128
     141
     149
     143
     144
     120
     127
     151
     116
     130
     165
     133
     145
     134
     121
     157
     146
     147
     153
     166
     149
     144
     139
     152
     140
     132
     136
     137
     162
     146
     132
     135
     138
     143
     142
     188
     160
     135
     145
     138
     127
     141
     145
     142
     134
     135
     145
     161
     157
     148
     152
     147
     137
     132
     143
     157
     133
     130
     165
     116
     153
     157
     149
     138
     126
     139
     156
     144
     159
     140
     135
     145
     150
     147
     161
     163
     165
     171
     135
     136
     150
     158
     177
     156
     142
     160
     170
     159
     163
     177
     152
     169
     155
     175
     187
     158
     148
     160
     147
     161
     161
     148
     158
     174
     180
     193
     157
     167
     149
     155
     154
     178
     175
     178
     171
     187
     183
     178
     170
     182
     178
     154
     191
     171
     192
     168
     173
     179
     198
     183
     156
     177
     197
     186
     193
     195
     206
     176
     180
     204
     205
     208
     188
     199
     185
     186
     189
     203
     261
     310
     501
     828
    1080
     976
     705
     489
     367
     299
     334
     612
    1146
    1605
    1664
    1345
     848
     526
     285
     203
     136
     156
     158
     133
     135
     148
     136
     133
     109
     143
     133
     113
     134
     131
     127
     135
     144
     136
     133
     149
     135
     146
     120
     126
     151
     129
     144
     137
     152
     146
     131
     186
     221
     318
     477
     609
     712
     609
     495
     314
     255
     171
     138
     154
     139
     213
     269
     302
     292
     208
     149
     115
     130
     108
     113
     112
      79
     104
      92
      85
     110
      79
     107
      94
     108
     112
     100
      95
      90
      99
      94
      98
     101
      77
      91
      89
      76
      96
      98
      92
     114
      95
      94
      75
      96
     100
      97
      80
     100
     102
      74
     110
      95
      94
      95
      93
     100
      96
      72
      79
      85
     101
      84
      99
     103
      82
      86
      83
      78
      87
      89
      94
     103
     106
      81
      89
      94
      90
      84
     101
      90
     101
      85
      83
      79
     114
      86
      81
      90
      80
      80
      98
      77
      90
      91
      72
     102
      93
      86
     102
      90
      91
      96
     102
      86
      68
      72
      90
      67
      88
     100
      77
      80
      73
      71
      89
      82
      82
      69
     111
      82
      87
      93
     108
      94
      83
      91
      73
      74
      85
      97
      86
      81
      82
      84
      77
      92
      94
      77
      91
      91
      74
      71
      79
      80
      83
      88
      89
      86
      99
      79
      93
      77
      69
      89
      88
     102
      86
      80
      95
      85
      91
      76
      95
      70
      68
      76
      80
      81
      85
      79
      86
      82
      91
      88
      82
      78
      85
      56
      81
      86
      73
      89
      80
      81
      90
      67
      84
      90
      86
      71
      86
      83
      73
      92
      80
      81
      80
      65
      80
      76
      61
      88
      73
      84
      79
      71
      91
      64
      82
      79
      93
      86
      93
      86
      76
      81
      79
      89
      66
      79
      70
      66
      74
      78
      87
      61
      69
      84
      86
      73
      90
      79
      73
      74
      69
      89
      83
      83
      58
      78
      81
      89
      91
      78
      63
      66
      72
      80
      75
      61
      66
      77
      83
      76
      86
      76
      65
      72
      80
      65
      97
      69
      70
      72
      63
      68
      80
      64
      51
      64
      72
      65
     106
      71
      74
      84
      71
      80
      90
      67
      84
      94
      67
      89
      78
      59
      71
      52
      80
      73
      73
      61
      86
      58
      69
      65
      88
      71
      52
      61
      86
      70
      90
      74
      73
      76
      79
      65
      60
      75
      52
      78
      66
      55
      64
      58
      63
      72
      58
      62
      56
      63
      71
      71
      59
      53
      61
      76
      64
      68
      63
      86
      61
      71
      74
      80
      73
      46
      73
      56
      62
      67
      70
      69
      71
      63
      76
      50
      60
      69
      74
      73
      72
      55
      58
      69
      80
      57
      79
      63
      65
      61
      83
      66
      48
      55
      80
      76
      69
      53
      57
      63
      63
      59
      71
      74
      55
      61
      60
      59
      57
      66
      66
      68
      65
      68
      62
      67
      62
      75
      52
      56
      62
      65
      62
      71
      71
      76
      60
      65
      77
      66
      56
      72
      61
      58
      46
      80
      46
      59
      40
      66
      52
      70
      62
      67
      57
      60
      50
      61
      58
      54
      59
      67
      47
      61
      66
      60
      55
      57
      51
      52
      74
      62
      60
      64
      59
      53
      55
      64
      46
      54
      64
      66
      54
      55
      56
      46
      63
      55
      66
      67
      62
      53
      60
      62
      49
      58
      67
      47
      57
      57
      60
      54
      51
      60
      51
      63
      56
      68
      74
      42
      46
      69
      54
      50
      52
      51
      49
      49
      53
      53
      58
      63
      53
      51
      55
      62
      64
      59
      49
      48
      68
      55
      57
      51
      51
      50
      49
      62
      45
      61
      38
      47
      42
      55
      49
      57
      50
      45
      41
      54
      42
      60
      54
      53
      50
      54
      51
      50
      51
      50
      49
      53
      52
      47
      48
      58
      48
      48
      54
      42
      52
      60
      37
      66
      54
      63
      41
      69
      56
      55
      59
      40
      44
      51
      48
      55
      59
      45
      50
      47
      36
      48
      53
      51
      48
      48
      37
      57
      44
      55
      40
      48
      45
      55
      59
      49
      53
      45
      57
      54
      43
      45
      37
      42
      49
      54
      44
      48
      64
      53
      65
      38
      44
      47
      43
      47
      41
      50
      43
      50
      45
      44
      35
      52
      56
      45
      39
      41
      40
      40
      46
      48
      49
      42
      50
      44
      47
      52
      36
      47
      38
      53
      58
      47
      49
      45
      43
      33
      44
      51
      45
      46
      52
      55
      41
      59
      33
      38
      48
      44
      39
      55
      40
      44
      54
      36
      45
      37
      62
      31
      44
      34
      39
      34
      51
      42
      44
      46
      38
      48
      51
      41
      52
      44
      45
      38
      33
      45
      53
      42
      51
      50
      35
      32
      35
      41
      55
      45
      40
      41
      38
      46
      34
      41
      41
      45
      39
      43
      42
      54
      29
      35
      35
      45
      32
      43
      34
      44
      41
      41
      51
      42
      36
      41
      39
      45
      49
      34
      47
      45
      34
      50
      38
      33
      41
      33
      47
      43
      42
      44
      58
      36
      45
      48
      42
      30
      41
      44
      32
      44
      29
      42
      44
      41
      57
      48
      33
      46
      46
      40
      40
      37
      40
      46
      42
      40
      37
      41
      34
      49
      34
      32
      30
      39
      37
      45
      38
      45
      39
      44
      26
      41
      38
      46
      50
      35
      51
      36
      39
      53
      41
      49
      40
      40
      39
      48
      36
      47
      40
      36
      34
      40
      41
      36
      39
      31
      36
      36
      35
      37
      39
      37
      41
      47
      56
      40
      43
      34
      32
      45
      48
      42
      45
      31
      46
      32
      36
      29
      30
      40
      43
      39
      38
      35
      33
      35
      33
      33
      41
      39
      31
      51
      30
      40
      31
      40
      37
      38
      34
      30
      31
      40
      41
      30
      41
      42
      38
      43
      39
      36
      25
      29
      39
      49
      33
      50
      36
      33
      36
      44
      33
      38
      44
      35
      32
      41
      32
      31
      34
      31
      31
      33
      48
      36
      38
      45
      30
      35
      36
      24
      31
      37
      43
      34
      41
      48
      37
      30
      48
      51
      32
      36
      35
      37
      36
      29
      42
      39
      35
      38
      37
      39
      40
      27
      32
      31
      30
      34
      44
      41
      25
      35
      27
      37
      25
      35
      49
      35
      33
      41
      47
      41
      42
      43
      34
      45
      36
      28
      46
      30
      33
      41
      36
      26
      55
      34
      33
      36
      35
      31
      33
      29
      45
      32
      36
      33
      34
      28
      31
      29
      31
      28
      34
      37
      50
      38
      39
      33
      37
      25
      27
      49
      36
      28
      30
      40
      43
      35
      35
      46
      37
      42
      25
      35
      34
      37
      36
      41
      29
      42
      34
      29
      32
      33
      35
      41
      37
      37
      31
      35
      28
      32
      26
      33
      43
      36
      40
      36
      41
      33
      37
      33
      42
      39
      25
      34
      23
      30
      26
      31
      30
      30
      36
      29
      30
      36
      32
      37
      38
      31
      25
      32
      31
      31
      37
      30
      35
      27
      37
      32
      30
      42
      28
      27
      32
      19
      49
      36
      28
      45
      30
      33
      38
      31
      35
      31
      40
      35
      27
      25
      39
      30
      39
      38
      41
      27
      35
      20
      28
      33
      30
      33
      28
      27
      24
      39
      34
      32
      35
      38
      30
      25
      26
      22
      35
      39
      29
      51
      33
      46
      29
      33
      25
      26
      33
      35
      29
      22
      37
      26
      39
      29
      31
      34
      43
      29
      19
      32
      41
      33
      33
      30
      25
      27
      39
      35
      39
      35
      33
      38
      27
      32
      33
      33
      38
      35
      40
      25
      28
      30
      30
      28
      19
      36
      34
      33
      33
      44
      28
      28
      38
      36
      33
      27
      36
      35
      24
      27
      40
      37
      25
      41
      24
      25
      23
      36
      29
      28
      33
      26
      39
      29
      27
      36
      36
      40
      30
      31
      38
      34
      33
      31
      32
      35
      29
      41
      25
      33
      35
      31
      28
      22
      35
      33
      33
      29
      31
      26
      32
      38
      23
      30
      33
      32
      26
      26
      33
      30
      16
      31
      35
      29
      37
      28
      34
      26
      19
      33
      31
      30
      33
      34
      25
      30
      30
      24
      31
      35
      39
      39
      20
      27
      29
      30
      38
      24
      34
      31
      27
      27
      33
      33
      28
      34
      37
      31
      25
      23
      27
      37
      37
      28
      33
      32
      30
      24
      32
      35
      35
      30
      29
      38
      24
      34
      29
      25
      45
      27
      28
      33
      34
      19
      21
      24
      30
      28
      29
      29
      31
      27
      28
      24
      25
      21
      25
      30
      27
      32
      15
      32
      24
      25
      29
      24
      36
      24
      31
      29
      25
      31
      32
      31
      35
      25
      20
      33
      23
      33
      24
      17
      29
      23
      25
      23
      33
      29
      26
      31
      28
      32
      30
      31
      33
      31
      17
      38
      21
      25
      23
      26
      27
      27
      25
      26
      22
      25
      24
      27
      32
      30
      34
      22
      29
      16
      32
      18
      34
      27
      26
      24
      24
      32
      28
      19
      24
      27
      25
      27
      24
      26
      22
      29
      22
      19
      30
      25
      29
      25
      23
      32
      25
      24
      28
      27
      22
      25
      18
      25
      23
      29
      21
      28
      33
      25
      40
      30
      32
      26
      29
      30
      22
      19
      20
      34
      24
      20
      22
      25
      27
      33
      19
      15
      23
      31
      23
      33
      25
      15
      22
      30
      28
      23
      34
      22
      32
      22
      28
      27
      26
      24
      23
      29
      24
      27
      25
      24
      21
      25
      24
      34
      22
      32
      19
      29
      13
      33
      32
      26
      22
      21
      28
      20
      26
      30
      13
      35
      19
      29
      23
      31
      30
      20
      28
      31
      27
      24
      19
      19
      28
      24
      27
      24
      25
      31
      27
      25
      23
      29
      18
      23
      32
      23
      23
      27
      18
      28
      15
      22
      27
      26
      25
      35
      29
      22
      31
      25
      27
      20
      17
      16
      15
      34
      25
      24
      23
      13
      16
      17
      18
      18
      18
      23
      28
      23
      15
      32
      22
      22
      17
      22
      27
      26
      24
      23
      22
      30
      28
      23
      20
      16
      23
      29
      21
      19
      18
      19
      26
      16
      19
      18
      21
      28
      22
      18
      18
      20
      25
      17
      23
      25
      24
      18
      16
      22
      19
      26
      24
      17
      25
      17
      16
      21
      27
      23
      29
      34
      23
      27
      28
      14
      24
      17
      31
      17
      26
      17
      21
      18
      17
      23
      29
      18
      30
      30
      19
      27
      15
      19
      15
      22
      18
      20
      23
      22
      18
      24
      20
      25
      24
      19
      26
      26
      20
      27
      18
      27
      18
      19
      28
      34
      19
      15
      15
      24
      19
      14
      26
      23
      14
      20
      15
      31
      22
      13
      21
      21
      24
      21
      14
      17
      18
      26
      26
      18
      21
      22
      11
      25
      24
      18
      17
      19
      21
      23
      22
      25
      24
      22
      11
      32
      20
      22
      18
      17
      17
      17
      17
      19
      27
      18
      17
      29
      19
      21
      15
      24
      20
      24
      15
      28
      14
      23
      13
      23
      14
      27
      32
      21
      24
      22
      15
      21
      19
      16
      18
      25
      16
      16
      19
      18
      24
      16
      25
      13
       0
       0
       0
       0
       0
       0
       0
       0
       0
       0
       0
       0
       0
       0
       0
       0
       0
       0
       0
       0
       0
       0
       0
       0
       0
       0
       0
       0
       0
       0
       0
       0
$ROI:
1
11 2032
$PRESETS:
Live Time
300
0
$ENER_FIT:
0.000000 0.024067
$MCA_CAL:
3
0.000000E+000 2.406711E-002 0.000000E+000 keV
$SHAPE_CAL:
3
0.000000E+000 0.000000E+000 0.000000E+000
