$SPEC_ID:
No sample description was entered.
$SPEC_REM:
DET# 2
DETDESC# JLAB-20 MCB 129
AP# Maestro Version 7.01
$DATE_MEA:
02/23/2016 16:22:34
$MEAS_TIM:
300 354
$DATA:
0 2047
       0
       0
       0
       0
     583
  184471
 3442633
  735789
  688013
  462672
  296234
  197388
  132628
   90060
   61952
   43020
   28240
   16652
    8834
    4106
    1771
     780
     357
     182
     141
     146
      95
     105
      99
      91
      76
      76
      86
      86
      94
      99
      78
      77
      83
      80
      80
      76
      67
      85
      79
      86
      87
      74
     101
      73
      85
      64
      81
      70
      74
      93
      71
      75
      61
      72
      72
      59
      70
      67
      74
      71
      70
      80
      71
      72
      72
      73
      59
     100
      74
      70
      94
      65
      98
      90
      79
      79
      88
      84
      97
      88
     109
     138
     149
     184
     194
     206
     204
     188
     172
     176
     138
     108
      96
     102
     116
     108
      95
     135
     128
     172
     192
     222
     265
     253
     222
     235
     177
     155
     162
     147
     132
     108
      95
      78
      82
      82
      99
      83
     100
      90
      99
     122
      86
     115
     102
     102
      98
      71
     120
      98
      76
      79
      74
      71
      89
      74
      71
      73
      87
      78
      98
      85
      74
      82
      84
      77
      87
     106
      79
      94
      71
      89
      78
      86
      69
      89
      72
      97
      85
      87
      94
      76
      85
      90
      78
      96
      80
      90
      81
      97
     106
      80
      80
      93
      93
     101
      95
      83
      82
      85
      91
      85
      96
      88
      96
      85
      84
      93
      90
     101
      76
      81
      96
      70
      91
      95
      87
     102
      83
      93
     107
     104
      90
      83
      96
      95
      93
     108
      74
      79
     104
     100
      97
     105
      94
      85
      81
     105
     103
      92
      83
      91
      89
      90
      90
      97
      88
      91
      85
      96
      85
     101
     101
      89
      85
      94
      82
      91
      93
      90
     106
     103
     119
      96
     119
     105
      98
      99
     101
     102
      97
     102
      95
      91
      92
     110
      81
      98
      93
      92
      88
     107
     102
      97
      89
      90
      80
     101
     108
     102
     103
      84
      91
     108
      92
      99
      98
      89
      92
     104
      84
      98
      93
     100
      67
      94
     105
     127
     112
     120
      94
      88
     109
     108
     109
      95
     117
      94
     121
     106
      98
     114
      88
      90
      95
     103
     107
     116
     115
     109
     101
      91
     101
     105
     109
     101
      86
     105
      96
     116
     112
     119
      82
     110
     101
     106
      76
     103
     101
      99
     101
      96
     106
     108
      96
      93
     110
     106
     107
     114
      95
     117
      97
      88
     109
      95
     109
      99
     112
      99
      95
      98
     108
     101
     107
      93
     130
     104
     100
     105
     110
     106
      87
     106
     113
     105
     102
     102
     107
     105
     102
      99
     106
     106
      87
     101
      85
      86
     102
     111
     121
      85
     100
     102
      82
     100
     119
      88
     106
     110
     108
     101
     114
      79
      95
     117
     104
     108
     106
      90
     103
     105
     109
      89
     111
      92
     100
      97
      91
      97
     111
      99
      93
     107
     103
     102
     104
     117
     118
      86
     100
      94
     101
     110
     105
     108
      94
     110
      95
      99
     104
     119
      96
      97
     122
     111
     102
     124
     113
     101
     102
      92
     125
      77
     105
      86
     110
      97
     116
     107
      93
      88
     107
      91
     119
     101
     105
     104
     105
     107
     118
     119
     112
     101
     125
     112
     103
      88
     122
     108
     107
     106
     108
     100
     107
     107
     107
     104
     113
     105
     120
     103
     113
     100
     114
     112
     101
     114
     116
     101
      91
     104
     108
      99
     110
     110
     104
     110
     113
     121
     133
     104
     107
      99
     104
     140
     125
     102
     112
     105
     125
     111
     123
     100
     102
     126
     109
     118
      97
     113
      99
     114
     120
     119
     123
     116
     131
     125
      95
     111
     100
     128
     104
     138
     137
     118
     127
     115
     129
     118
     116
     130
     116
     135
     117
     133
     132
     117
     102
     104
     118
     120
     129
     123
     135
     130
     121
     125
     124
     123
     130
     116
     116
     125
     120
     132
     117
     118
     107
     140
     117
     114
     123
     127
     119
     121
     113
     133
     113
     137
     146
     109
     132
     122
     120
     131
     122
     131
     117
      99
     146
     138
     130
     135
     137
     146
     136
     133
     168
     136
     135
     142
     131
     146
     138
     130
     132
     137
     154
     132
     136
     127
     127
     141
     137
     146
     162
     149
     163
     177
     177
     237
     275
     321
     454
     578
     742
     768
     825
     796
     721
     661
     555
     438
     392
     292
     294
     255
     228
     221
     270
     345
     500
     737
     945
    1132
    1310
    1306
    1276
    1128
    1006
     797
     631
     548
     374
     305
     249
     201
     156
     137
     134
     102
      98
     110
     108
     100
     105
     104
     100
      96
      94
     115
     106
      91
      90
      88
      98
      81
     102
      97
     106
      96
      91
     107
     102
      96
      92
     114
     101
      93
      95
      90
      95
     108
      93
      83
      89
      87
     106
     101
      83
     109
      94
      89
     100
      83
      97
      82
      94
      91
      90
      87
      94
     105
      99
      88
      89
     100
     118
     123
     102
     103
      99
     130
     132
     183
     209
     256
     315
     340
     391
     445
     506
     543
     482
     417
     399
     332
     273
     256
     238
     159
     154
     115
     119
     105
     105
     114
     101
     108
     127
     170
     170
     191
     201
     211
     222
     218
     178
     145
     152
     147
     112
     115
      93
      74
      96
      69
      72
      60
      75
      70
      68
      67
      55
      80
      62
      61
      63
      64
      67
      64
      91
      52
      59
      86
      56
      67
      64
      72
      64
      57
      69
      78
      60
      51
      51
      73
      57
      50
      65
      65
      54
      58
      57
      57
      76
      56
      67
      58
      63
      59
      74
      64
      73
      62
      71
      59
      75
      69
      66
      70
      63
      76
      62
      68
      62
      63
      64
      74
      72
      55
      49
      53
      65
      66
      68
      63
      78
      51
      62
      81
      56
      65
      60
      87
      60
      64
      48
      65
      68
      61
      68
      47
      67
      55
      66
      55
      76
      67
      60
      60
      70
      64
      64
      57
      69
      62
      74
      58
      61
      53
      73
      54
      57
      66
      58
      70
      69
      60
      60
      65
      58
      59
      63
      67
      55
      47
      57
      58
      57
      50
      66
      51
      67
      58
      67
      62
      67
      57
      73
      63
      68
      70
      65
      74
      54
      57
      58
      63
      71
      52
      56
      55
      57
      77
      58
      62
      64
      53
      64
      69
      73
      54
      44
      64
      56
      65
      81
      59
      63
      69
      73
      58
      55
      66
      51
      59
      62
      54
      58
      60
      63
      67
      59
      75
      62
      53
      75
      47
      55
      62
      54
      77
      59
      71
      56
      58
      50
      61
      54
      54
      51
      59
      51
      61
      70
      51
      43
      54
      65
      50
      65
      60
      67
      58
      56
      71
      52
      57
      54
      48
      62
      47
      69
      63
      59
      48
      56
      45
      49
      51
      51
      57
      64
      52
      56
      71
      53
      43
      53
      59
      56
      47
      68
      75
      59
      59
      72
      57
      47
      58
      68
      54
      61
      66
      60
      70
      63
      53
      50
      70
      53
      54
      57
      72
      52
      46
      63
      60
      53
      50
      56
      62
      51
      70
      71
      55
      71
      46
      58
      62
      68
      51
      55
      49
      54
      53
      63
      51
      54
      42
      67
      44
      59
      73
      55
      60
      62
      61
      62
      50
      56
      56
      51
      48
      65
      60
      64
      48
      55
      60
      38
      50
      58
      49
      53
      48
      50
      63
      45
      51
      36
      55
      63
      57
      46
      52
      64
      56
      51
      60
      63
      43
      60
      68
      58
      61
      42
      60
      58
      57
      54
      55
      56
      55
      50
      65
      57
      44
      56
      57
      47
      54
      53
      46
      52
      43
      61
      46
      56
      51
      52
      42
      48
      40
      70
      42
      55
      51
      41
      69
      41
      61
      56
      50
      43
      64
      52
      46
      66
      65
      47
      45
      62
      48
      48
      64
      55
      47
      55
      62
      47
      47
      69
      58
      52
      53
      48
      56
      47
      66
      51
      49
      48
      54
      61
      45
      49
      46
      38
      58
      59
      55
      54
      43
      50
      61
      60
      52
      63
      43
      47
      51
      53
      53
      58
      55
      50
      32
      59
      53
      60
      48
      45
      39
      46
      52
      69
      63
      48
      46
      36
      50
      58
      47
      50
      52
      55
      46
      67
      58
      50
      56
      44
      45
      62
      53
      53
      46
      44
      57
      52
      50
      45
      44
      58
      40
      42
      50
      38
      46
      47
      49
      33
      44
      49
      47
      48
      48
      58
      37
      53
      58
      40
      39
      43
      50
      58
      47
      55
      51
      46
      57
      51
      46
      56
      45
      51
      44
      66
      53
      40
      57
      52
      51
      46
      49
      46
      48
      51
      49
      39
      41
      43
      59
      60
      46
      43
      53
      41
      52
      61
      43
      45
      39
      54
      42
      44
      51
      52
      56
      63
      44
      49
      55
      50
      37
      38
      58
      60
      39
      50
      43
      37
      43
      34
      44
      59
      37
      37
      59
      49
      45
      58
      55
      41
      45
      40
      38
      52
      36
      32
      47
      43
      62
      49
      41
      47
      35
      47
      49
      53
      35
      50
      46
      52
      28
      36
      46
      55
      52
      45
      39
      37
      50
      42
      41
      41
      53
      36
      48
      42
      36
      52
      43
      46
      44
      44
      51
      33
      47
      49
      45
      45
      41
      47
      38
      42
      46
      29
      41
      46
      46
      58
      70
      41
      47
      47
      42
      34
      35
      45
      33
      41
      41
      30
      36
      54
      45
      41
      43
      34
      42
      51
      45
      49
      55
      43
      37
      33
      49
      46
      47
      49
      34
      45
      35
      32
      40
      53
      39
      31
      43
      37
      41
      41
      56
      55
      57
      52
      38
      34
      40
      32
      48
      42
      34
      46
      49
      48
      46
      38
      41
      40
      55
      48
      41
      50
      33
      46
      44
      52
      43
      40
      30
      33
      51
      34
      57
      44
      49
      42
      37
      39
      29
      47
      37
      48
      39
      31
      43
      36
      43
      45
      41
      33
      41
      47
      51
      56
      35
      40
      45
      55
      34
      43
      55
      40
      43
      35
      42
      38
      39
      36
      37
      38
      37
      48
      41
      37
      33
      42
      36
      61
      38
      38
      39
      28
      43
      46
      26
      34
      37
      42
      41
      49
      42
      47
      39
      32
      34
      36
      38
      27
      42
      30
      38
      32
      42
      34
      43
      26
      38
      36
      43
      39
      42
      36
      34
      38
      49
      50
      42
      44
      31
      42
      40
      46
      35
      32
      35
      34
      35
      44
      49
      27
      51
      38
      23
      44
      42
      49
      45
      41
      41
      48
      47
      32
      42
      39
      48
      33
      36
      40
      36
      43
      38
      38
      44
      35
      40
      35
      38
      46
      39
      46
      44
      41
      40
      40
      47
      43
      35
      33
      34
      34
      31
      38
      39
      37
      35
      35
      44
      41
      51
      34
      41
      31
      32
      38
      41
      51
      38
      33
      31
      35
      31
      42
      36
      45
      41
      44
      34
      34
      40
      44
      46
      46
      35
      26
      37
      41
      34
      37
      48
      32
      36
      42
      33
      44
      39
      37
      34
      31
      39
      33
      35
      37
      31
      41
      36
      37
      28
      33
      38
      49
      35
      35
      32
      42
      37
      31
      34
      28
      37
      33
      34
      29
      27
      39
      32
      32
      43
      30
      41
      37
      34
      41
      38
      29
      37
      40
      40
      31
      31
      33
      39
      50
      27
      36
      25
      35
      32
      43
      42
      35
      40
      40
      27
      32
      45
      33
      35
      28
      30
      39
      26
      36
      32
      30
      34
      30
      38
      27
      33
      35
      21
      36
      27
      41
      44
      43
      30
      41
      32
      35
      28
      29
      32
      29
      35
      34
      31
      32
      29
      36
      27
      14
      36
      42
      29
      27
      26
      39
      36
      37
      28
      36
      29
      37
      28
      47
      28
      29
      43
      31
      32
      33
      45
      31
      33
      35
      32
      49
      32
      31
      32
      35
      32
      30
      26
      33
      36
      23
      31
      42
      33
      30
      38
      36
      36
      27
      31
      20
      24
      27
      28
      26
      24
      27
      34
      33
      29
      24
      31
      32
      28
      38
      29
      35
      28
      34
      32
      32
      31
      39
      39
      29
      33
      27
      35
      28
      33
      30
      22
      25
      22
      36
      23
      38
      30
      31
      32
      32
      40
      35
      28
      34
      30
      34
      34
      35
      23
      38
      33
      25
      31
      25
      34
      36
      22
      27
      33
      25
      33
      24
      35
      33
      37
      25
      35
      34
      31
      44
      28
      24
      24
      37
      22
      26
      29
      34
      30
      45
      27
      26
      35
      31
      39
      35
      32
      27
      33
      29
      29
      37
      27
      36
      37
      28
      27
      35
      30
      22
      32
      38
      34
      28
      28
      28
      27
      38
      22
      30
      29
      34
      34
      42
      29
      30
      35
      22
      33
      20
      27
      37
      24
      27
      28
      29
      30
      41
      23
      41
      29
      25
      26
      29
      30
      41
      29
      39
      40
      26
      30
      28
      35
      35
      30
      25
      36
      29
      28
      35
      23
      35
      38
      27
      28
      26
      28
      34
      33
      23
      24
      24
      21
      20
      28
      28
      35
      38
      32
      30
      32
      25
      32
      38
      35
      24
      24
      31
      33
      32
      30
      44
      26
      33
      30
      29
      22
      27
      35
      31
      25
      17
      31
      28
      31
      39
      23
      34
      26
      13
      30
      39
      33
      26
      33
      24
      20
      26
      29
      35
      26
      28
      25
      29
      23
      32
      28
      21
      25
      28
      32
      33
      25
      27
      34
      26
      24
      26
      28
      37
      31
      43
      16
      25
      26
       0
       0
       0
       0
       0
       0
       0
       0
       0
       0
       0
       0
       0
       0
       0
       0
       0
       0
       0
       0
       0
       0
       0
       0
       0
       0
       0
       0
       0
       0
       0
       0
$ROI:
1
11 2032
$PRESETS:
Live Time
300
0
$ENER_FIT:
0.000000 0.024067
$MCA_CAL:
3
0.000000E+000 2.406711E-002 0.000000E+000 keV
$SHAPE_CAL:
3
0.000000E+000 0.000000E+000 0.000000E+000
