       0
       0
       0
       0
     248
  412604
 6227852
 1725270
 1880721
 1720766
 1511132
 1373125
 1264421
 1161241
 1051897
  945498
  834547
  729636
  625340
  527902
  438104
  360979
  294297
  240215
  195723
  160975
  134539
  114464
   98505
   85944
   75109
   65333
   57599
   50219
   43760
   37846
   32609
   27833
   23809
   19713
   16647
   13976
   11535
    9730
    8066
    7159
    5965
    5330
    4732
    4626
    4146
    4082
    3999
    3745
    3784
    3678
    3602
    3643
    3465
    3521
    3408
    3490
    3389
    3323
    3399
    3268
    3250
    3128
    3173
    3243
    3131
    3264
    3130
    3203
    3017
    3080
    3079
    3013
    2939
    3034
    2937
    2873
    2946
    2933
    2840
    2858
    2851
    2909
    2803
    2800
    2859
    2807
    2771
    2789
    2819
    2721
    2726
    2713
    2717
    2606
    2710
    2670
    2704
    2630
    2679
    2628
    2698
    2647
    2703
    2626
    2562
    2624
    2657
    2552
    2542
    2624
    2500
    2545
    2666
    2554
    2545
    2571
    2473
    2501
    2545
    2546
    2472
    2460
    2466
    2483
    2539
    2469
    2506
    2468
    2493
    2507
    2391
    2503
    2582
    2538
    2497
    2500
    2596
    2480
    2580
    2551
    2639
    2629
    2577
    2482
    2521
    2513
    2506
    2598
    2507
    2524
    2503
    2547
    2517
    2529
    2558
    2483
    2499
    2448
    2498
    2498
    2565
    2567
    2467
    2577
    2522
    2567
    2574
    2600
    2554
    2486
    2503
    2540
    2564
    2537
    2619
    2575
    2535
    2449
    2617
    2607
    2617
    2552
    2581
    2558
    2643
    2512
    2624
    2514
    2573
    2596
    2606
    2601
    2549
    2553
    2514
    2499
    2436
    2552
    2619
    2462
    2619
    2581
    2598
    2557
    2697
    2628
    2603
    2656
    2592
    2708
    2691
    2742
    2723
    2749
    2766
    2845
    2802
    2782
    2741
    2847
    2853
    2687
    2798
    2970
    2955
    2880
    2884
    2978
    2980
    3038
    3070
    3102
    3177
    3219
    3063
    3378
    3257
    3294
    3358
    3340
    3386
    3526
    3576
    3566
    3602
    3771
    3741
    3770
    3867
    3978
    3981
    4053
    4272
    4190
    4203
    4343
    4262
    4463
    4518
    4671
    4682
    4819
    4876
    4955
    5104
    5172
    5172
    5433
    5336
    5510
    5476
    5667
    5723
    5832
    5865
    6132
    6184
    6435
    6550
    6605
    6735
    7026
    7218
    7254
    7470
    7571
    7737
    7803
    7905
    8296
    8254
    8492
    8742
    8868
    9203
    9406
    9426
    9639
    9761
   10210
   10093
   10192
   10031
    9821
    9361
    9274
    8965
    8332
    8072
    7284
    6985
    6704
    6209
    5719
    5433
    4978
    4922
    4524
    4384
    4078
    4029
    3786
    3833
    3661
    3726
    3607
    3694
    3741
    3751
    3746
    3741
    3829
    3754
    3799
    3924
    4080
    4247
    4320
    4466
    4624
    4605
    4729
    4915
    5208
    5313
    5553
    5588
    5671
    5822
    5989
    6424
    6639
    6852
    7099
    7284
    7533
    7765
    8187
    8301
    8663
    9180
    9272
    9590
    9969
   10324
   10573
   10971
   11261
   11385
   11866
   12148
   12568
   13025
   13360
   13910
   14263
   15175
   15592
   15869
   16704
   17307
   18011
   18939
   19326
   20314
   20916
   21854
   23077
   23638
   24924
   26337
   27204
   28271
   29964
   31266
   32518
   34266
   35740
   37442
   39056
   40659
   42259
   43997
   45692
   46999
   49069
   50816
   52503
   54319
   55838
   58139
   59667
   61956
   63485
   66006
   67980
   70569
   72395
   74909
   77201
   79144
   81646
   84251
   87060
   90477
   92706
   96199
   99610
  102755
  106773
  111473
  115412
  121016
  126850
  133446
  140077
  147209
  155687
  164335
  172543
  180440
  188498
  196970
  201341
  206854
  208222
  207734
  204980
  199301
  191007
  182026
  170260
  157750
  144364
  132342
  120025
  107565
   96081
   85258
   76251
   66938
   59042
   51277
   45361
   39719
   35059
   31760
   28109
   25744
   23644
   22315
   21261
   20750
   20219
   19904
   19928
   19636
   19939
   19998
   20274
   20576
   20786
   21431
   21747
   22330
   22754
   23603
   24223
   24550
   25496
   26152
   27360
   28114
   29200
   30864
   31998
   33753
   35495
   37435
   39281
   41831
   43710
   45567
   47094
   48404
   49281
   49445
   49096
   47898
   46442
   44693
   42531
   40604
   37841
   35638
   33559
   31322
   29589
   27210
   25306
   22761
   20805
   19159
   16998
   15325
   13604
   12025
   10744
    9490
    8448
    7386
    6697
    6096
    5544
    5084
    4482
    4061
    3733
    3459
    3246
    3027
    2812
    2692
    2587
    2541
    2407
    2388
    2248
    2221
    2171
    2226
    2210
    2290
    2264
    2168
    2202
    2181
    2159
    2199
    2204
    2211
    2054
    2171
    2122
    2146
    2056
    2150
    2180
    2063
    2168
    2066
    2184
    2181
    2219
    2124
    2111
    2123
    2122
    2228
    2204
    2151
    2252
    2197
    2202
    2203
    2214
    2251
    2226
    2255
    2303
    2322
    2266
    2326
    2314
    2330
    2340
    2326
    2212
    2401
    2338
    2437
    2400
    2361
    2488
    2435
    2470
    2485
    2480
    2510
    2609
    2541
    2593
    2508
    2580
    2640
    2702
    2592
    2720
    2702
    2775
    2785
    2845
    2907
    2812
    2892
    2829
    2914
    2899
    3088
    2967
    2887
    2979
    2895
    3019
    2944
    2968
    3111
    3089
    3015
    3035
    3108
    3126
    3117
    3226
    3063
    3238
    3079
    3172
    3048
    3149
    3158
    3154
    3166
    3278
    3236
    3095
    3205
    3226
    3242
    3256
    3205
    3232
    3164
    3218
    3324
    3399
    3265
    3283
    3283
    3264
    3264
    3294
    3325
    3321
    3395
    3376
    3561
    3417
    3358
    3395
    3335
    3446
    3503
    3473
    3500
    3548
    3493
    3437
    3465
    3456
    3451
    3624
    3573
    3504
    3621
    3552
    3552
    3594
    3576
    3606
    3625
    3660
    3764
    3756
    3563
    3779
    3769
    3743
    3787
    3726
    3805
    3831
    3817
    3859
    3925
    3971
    3838
    3962
    4044
    4030
    4073
    4057
    4110
    4142
    4307
    4242
    4247
    4306
    4332
    4435
    4461
    4545
    4597
    4595
    4572
    4705
    4795
    4784
    4786
    5041
    4982
    5007
    5074
    5187
    5208
    5410
    5217
    5440
    5663
    5569
    5617
    5799
    5762
    5780
    5961
    5975
    6084
    6149
    6252
    6492
    6722
    6704
    6935
    6905
    7140
    7506
    7714
    7906
    8204
    8495
    8574
    8360
    8349
    8421
    8179
    7974
    7904
    7343
    6999
    6815
    6502
    6302
    5902
    5508
    5359
    5016
    4815
    4673
    4495
    4500
    4445
    4277
    4099
    4167
    4094
    4004
    4042
    4015
    4037
    4037
    4013
    3957
    4127
    4125
    4017
    4062
    4180
    4070
    4150
    4088
    4211
    4234
    4172
    4254
    4357
    4264
    4224
    4279
    4349
    4393
    4535
    4416
    4539
    4602
    4548
    4585
    4555
    4557
    4653
    4736
    4662
    4689
    4652
    4847
    4839
    4885
    4881
    5117
    5112
    5186
    5195
    5275
    5340
    5527
    5493
    5442
    5658
    5716
    5819
    5927
    5944
    6007
    6130
    6229
    6351
    6298
    6468
    6541
    6686
    6777
    6924
    6896
    7028
    7125
    7161
    7163
    7304
    7573
    7443
    7649
    7748
    7820
    8065
    7913
    8222
    8034
    8397
    8436
    8667
    8732
    8945
    9121
    9183
    9495
    9824
    9835
    9904
   10391
   10396
   10745
   10990
   11041
   11322
   11392
   11448
   11441
   11431
   11252
   11180
   10844
   10790
   10400
   10100
    9593
    9262
    8803
    8455
    8254
    7679
    7704
    7334
    7173
    6583
    6767
    6383
    6275
    6059
    6135
    5969
    5932
    5837
    5857
    5812
    6024
    5851
    5874
    5791
    6016
    5857
    5857
    5919
    6067
    6057
    5977
    6032
    6120
    6041
    6417
    6230
    6482
    6269
    6452
    6524
    6498
    6614
    6568
    6704
    6872
    6845
    7013
    7101
    7190
    7115
    7337
    7414
    7350
    7090
    7157
    7128
    7011
    6868
    6902
    6650
    6467
    6215
    6136
    5987
    5747
    5665
    5516
    5365
    5218
    5103
    4894
    4686
    4722
    4668
    4454
    4427
    4408
    4418
    4232
    4120
    4076
    3982
    4076
    3996
    3915
    3981
    3966
    3965
    3911
    3976
    3870
    3941
    3965
    3882
    3953
    3998
    3878
    4044
    3906
    3980
    3952
    3996
    4039
    4027
    3882
    4157
    4085
    4143
    4128
    4219
    4195
    4190
    4136
    4097
    4151
    4150
    4275
    4075
    4097
    4086
    4227
    3967
    4213
    4086
    4193
    4099
    4167
    4196
    4010
    4105
    4135
    4078
    4111
    4044
    4062
    3963
    4052
    4063
    4020
    4057
    3883
    3956
    3891
    3916
    3975
    4024
    3994
    4020
    4019
    4041
    4100
    4137
    4168
    4160
    4230
    4308
    4230
    4274
    4164
    4156
    4170
    4140
    4306
    4138
    4228
    4142
    4253
    4228
    4097
    4299
    4261
    4196
    4355
    4436
    4365
    4433
    4585
    4491
    4490
    4570
    4548
    4631
    4664
    4822
    5016
    4866
    5110
    5029
    5012
    5037
    5248
    5087
    5226
    5256
    5289
    5344
    5374
    5438
    5244
    5576
    5511
    5627
    5619
    5916
    6072
    6256
    6131
    6391
    6437
    6609
    6914
    6955
    7345
    7564
    7743
    7948
    8167
    8501
    8620
    9248
    9232
    9811
   10210
   10524
   10924
   11434
   11926
   12375
   13005
   13367
   13898
   14541
   15059
   15828
   16190
   16878
   17666
   18322
   18990
   20018
   20666
   21375
   22540
   23105
   24559
   25549
   26838
   27792
   28790
   30371
   31754
   33213
   34412
   35299
   36811
   38049
   38930
   40615
   41886
   43534
   44655
   46630
   48436
   51078
   53611
   56019
   59474
   62806
   66776
   70871
   73803
   77139
   80715
   81818
   82761
   82040
   80562
   78159
   74859
   70643
   65999
   60044
   55290
   50058
   44577
   39630
   35070
   30964
   27095
   23039
   20247
   17301
   14584
   12186
   10463
    8960
    7574
    6614
    5851
    5196
    4724
    4326
    4085
    3760
    3578
    3422
    3388
    3308
    3086
    3065
    3043
    2862
    3049
    2823
    2918
    2858
    2829
    2840
    2852
    2849
    2707
    2786
    2787
    2833
    2829
    2722
    2686
    2647
    2640
    2691
    2681
    2538
    2616
    2612
    2570
    2439
    2384
    2399
    2405
    2413
    2304
    2441
    2311
    2267
    2349
    2242
    2361
    2251
    2298
    2230
    2293
    2289
    2238
    2174
    2271
    2175
    2223
    2205
    2250
    2278
    2215
    2227
    2325
    2270
    2284
    2264
    2223
    2262
    2272
    2251
    2324
    2339
    2308
    2285
    2205
    2301
    2391
    2246
    2364
    2300
    2293
    2294
    2274
    2303
    2418
    2282
    2315
    2328
    2238
    2258
    2186
    2317
    2260
    2298
    2185
    2208
    2286
    2271
    2295
    2343
    2350
    2279
    2302
    2405
    2281
    2360
    2334
    2268
    2418
    2342
    2319
    2501
    2375
    2396
    2362
    2386
    2534
    2400
    2462
    2474
    2393
    2545
    2533
    2585
    2632
    2552
    2503
    2581
    2613
    2586
    2590
    2583
    2558
    2574
    2602
    2663
    2595
    2575
    2615
    2640
    2596
    2608
    2670
    2568
    2572
    2659
    2663
    2602
    2542
    2531
    2555
    2642
    2689
    2606
    2601
    2693
    2469
    2597
    2584
    2562
    2595
    2546
    2553
    2641
    2548
    2600
    2572
    2469
    2628
    2671
    2510
    2593
    2539
    2586
    2550
    2553
    2552
    2514
    2617
    2623
    2574
    2537
    2594
    2563
    2568
    2512
    2603
    2591
    2667
    2531
    2554
    2585
    2625
    2543
    2574
    2570
    2637
    2514
    2559
    2717
    2619
    2543
    2606
    2573
    2632
    2556
    2573
    2560
    2571
    2596
    2642
    2572
    2483
    2618
    2551
    2540
    2525
    2573
    2506
    2570
    2607
    2602
    2502
    2580
    2513
    2641
    2591
    2515
    2501
    2606
    2556
    2564
    2441
    2583
    2591
    2680
    2539
    2546
    2637
    2547
    2539
    2607
    2601
    2550
    2573
    2603
    2571
    2619
    2531
    2672
    2594
    2653
    2715
    2527
    2572
    2700
    2680
    2588
    2702
    2770
    2756
    2621
    2694
    2691
    2685
    2705
    2734
    2616
    2623
    2754
    2723
    2726
    2676
    2755
    2763
    2844
    2739
    2707
    2784
    2761
    2769
    2725
    2777
    2663
    2666
    2838
    2641
    2672
    2649
    2678
    2663
    2681
    2665
    2669
    2594
    2686
    2654
    2553
    2670
    2668
    2672
    2644
    2604
    2706
    2538
    2540
    2627
    2530
    2632
    2530
    2713
    2635
    2545
    2699
    2615
    2661
    2661
    2684
    2652
    2661
    2700
    2770
    2764
    2690
    2708
    2774
    2857
    2713
    2782
    2831
    2732
    2747
    2836
    2860
    2912
    2854
    2899
    2791
    2893
    2948
    2881
    3009
    3022
    3016
    3030
    3018
    2992
    2905
    3051
    3057
    3059
    2945
    3143
    2953
    3025
    3187
    3112
    3115
    3329
    3221
    3253
    3157
    3314
    3305
    3353
    3523
    3454
    3455
    3503
    3577
    3655
    3616
    3710
    3787
    3770
    3865
    3935
    3948
    3990
    3972
    4199
    4158
    4219
    4261
    4329
    4482
    4352
    4528
    4512
    4510
    4740
    4756
    4836
    5031
    4968
    5085
    5153
    5307
    5379
    5453
    5456
    5421
    5784
    5816
    5827
    5835
    5992
    5992
    6144
    6160
    6257
    6333
    6525
    6709
    6615
    6909
    7054
    7056
    7216
    7549
    7704
    7891
    7901
    8016
    7815
    7729
    7702
    7346
    7253
    6851
    6467
    6249
    5890
    5541
    5127
    4737
    4595
    4195
    3912
    3730
    3550
    3396
    3170
    3026
    2930
    2759
    2599
    2659
    2618
    2545
    2494
    2481
    2568
    2503
    2474
    2526
    2493
    2587
    2474
    2560
    2601
    2556
    2463
    2622
    2585
    2552
    2657
    2668
    2714
    2619
    2762
    2789
    2873
    2836
    2731
    2863
    2950
    2973
    2989
    2992
    2949
    3050
    3137
    3161
    3185
    3203
    3057
    3078
    2982
    2857
    2939
    2728
    2791
    2602
    2635
    2495
    2512
    2342
    2318
    2307
    2147
    2084
    2173
    2160
    1978
    1947
    1893
    1945
    1871
    1826
    1774
    1780
    1808
    1799
    1774
    1781
    1757
    1796
    1742
    1691
    1740
    1776
    1708
    1710
    1819
    1674
    1707
    1715
    1796
    1728
    1705
    1704
    1663
    1718
    1673
    1672
    1776
    1673
    1677
    1678
    1668
    1662
    1698
    1795
    1728
    1657
    1636
    1719
    1710
    1704
    1784
    1733
    1679
    1763
    1736
    1685
    1779
    1748
    1760
    1717
    1755
    1718
    1718
    1635
    1708
    1653
    1723
    1711
    1790
    1689
    1741
    1745
    1727
    1784
    1726
    1648
    1732
    1748
    1737
    1766
    1751
    1797
    1743
    1758
    1677
    1723
    1724
    1740
    1670
    1746
    1671
    1746
    1805
    1774
    1757
    1780
    1809
    1733
    1698
    1748
    1728
    1725
    1811
    1694
    1682
    1683
    1722
    1839
    1764
    1670
    1669
    1716
    1765
    1693
    1715
    1763
    1640
    1768
    1729
    1752
    1799
    1729
    1774
    1764
    1739
    1772
    1717
    1825
    1768
    1798
    1790
    1769
    1831
    1716
    1792
    1706
    1702
    1774
    1690
    1866
    1723
    1722
    1854
    1705
    1832
    1801
    1743
    1766
    1633
    1705
    1780
    1718
    1788
    1765
    1760
    1826
    1867
    1720
    1760
    1732
    1775
    1751
    1796
    1727
    1823
    1739
    1767
    1853
    1767
    1801
    1754
    1777
    1812
    1844
    1742
    1808
    1886
    1708
    1709
    1824
    1847
    1788
    1761
    1786
    1801
    1856
    1820
    1843
    1869
    1765
    1814
    1787
    1858
    1788
    1791
    1807
    1787
    1815
    1873
    1842
    1910
    1850
    1824
    1847
    1801
    1783
    1802
    1816
    1826
    1758
    1784
    1857
    1804
    1959
    1852
    1797
    1864
    1884
    1892
    1854
    1860
    1887
    1847
    1895
    1821
    1875
    1943
    1860
    1884
    1901
    1893
    1916
    1953
    1924
    1947
    1897
    1868
    1926
    1982
    1918
    1955
    1897
    1876
    1980
    2025
    1919
    1982
    1881
    2001
    1934
    2020
    1972
    1977
    1934
    1910
    1914
    2051
    1947
    1942
    1948
    1984
    1950
    1935
    1907
    1903
    1915
    1888
    1896
    1895
    1866
    1916
    1999
    1908
    1920
    1839
    1849
    1806
    1965
    1947
    1908
    1845
    1901
    1918
    1851
    1938
    1806
    1940
    1853
    1843
    1865
    1834
    1829
    1950
    1869
    1918
    1961
    1933
    1932
    1857
    1919
    1917
    1887
    1944
    1868
    1888
    1889
    1908
       0
       0
       0
       0
       0
       0
       0
       0
       0
       0
       0
       0
       0
       0
       0
       0
       0
       0
       0
       0
       0
       0
       0
       0
       0
       0
       0
       0
       0
       0
       0
       0
