       0
       0
       0
       0
     698
  197727
 3690338
  805435
  813123
  589693
  403682
  280704
  196024
  139387
  101146
   74229
   54444
   39608
   27767
   18402
   12065
    7594
    4782
    3047
    2333
    1828
    1511
    1547
    1429
    1393
    1337
    1259
    1304
    1209
    1183
    1269
    1124
    1079
    1102
    1112
    1125
    1099
    1108
    1107
    1057
    1000
    1010
    1008
    1001
    1015
     972
     964
     944
     934
     927
     964
     953
     944
     923
     896
     895
     889
     856
     858
     867
     860
     906
     854
     840
     832
     850
     814
     832
     815
     819
     890
     846
     849
     830
     833
     786
     821
     806
     837
     862
     838
     800
     783
     821
     882
     877
     806
     857
     814
     832
     802
     806
     843
     841
     830
     799
     819
     810
     830
     796
     827
     829
     841
     842
     887
     869
     844
     872
     785
     828
     835
     782
     847
     798
     872
     824
     770
     803
     803
     789
     827
     793
     855
     831
     861
     831
     876
     822
     854
     832
     839
     833
     812
     873
     897
     880
     874
     906
     918
     874
     930
     921
     960
     975
    1041
    1020
     954
    1021
    1109
    1035
    1134
    1096
    1157
    1170
    1201
    1196
    1225
    1304
    1344
    1313
    1390
    1385
    1497
    1553
    1686
    1846
    1932
    2032
    2135
    2200
    2333
    2488
    2833
    3115
    3414
    3993
    4206
    4404
    4459
    4324
    3630
    3318
    2788
    2314
    2017
    1619
    1464
    1247
    1065
     988
     946
     900
     885
     883
     824
     844
     847
     860
     886
     894
     941
     984
    1004
    1059
    1075
    1132
    1146
    1227
    1267
    1395
    1529
    1751
    1749
    1900
    1920
    1955
    1982
    1990
    1981
    2113
    2112
    2189
    2206
    2305
    2409
    2545
    2667
    2840
    3017
    3480
    3629
    4131
    4507
    5061
    5690
    6131
    6881
    7577
    7954
    8426
    9050
    9446
   10008
   10615
   11036
   11627
   12307
   12917
   13593
   14580
   15405
   16540
   17679
   19328
   21506
   24218
   29133
   35754
   45355
   57237
   70921
   86086
   98893
  107373
  109540
  104490
   93932
   80159
   65387
   52413
   40813
   30913
   23104
   17019
   12375
    9033
    6771
    5730
    4847
    4142
    4008
    3738
    3699
    3602
    3683
    3892
    3890
    4165
    4419
    4627
    4965
    5571
    6348
    7591
    9468
   12267
   15622
   19289
   22578
   24841
   24863
   23372
   21196
   18706
   16451
   14929
   13234
   11657
    9738
    8068
    6429
    5084
    4065
    3232
    2476
    1987
    1580
    1288
     953
     849
     760
     704
     691
     617
     622
     579
     606
     566
     559
     629
     596
     537
     560
     547
     594
     555
     576
     588
     562
     502
     535
     553
     567
     538
     531
     557
     541
     555
     541
     535
     607
     531
     538
     522
     564
     570
     592
     628
     583
     564
     607
     627
     556
     581
     561
     575
     605
     585
     628
     621
     633
     631
     667
     718
     672
     692
     667
     659
     673
     712
     696
     670
     741
     724
     701
     733
     699
     679
     685
     675
     725
     666
     728
     717
     705
     764
     693
     726
     730
     747
     648
     791
     736
     769
     744
     738
     715
     766
     733
     731
     781
     756
     735
     727
     731
     730
     796
     779
     748
     777
     794
     772
     777
     777
     802
     776
     795
     791
     822
     813
     874
     868
     887
     905
     887
     966
     920
     864
     929
     966
    1013
    1004
     995
    1068
    1085
    1093
    1204
    1216
    1239
    1223
    1256
    1406
    1536
    1757
    2101
    2562
    3038
    3275
    3575
    3455
    3153
    2901
    2532
    2128
    1850
    1614
    1361
    1154
    1007
     935
     867
     864
     779
     833
     752
     747
     823
     834
     778
     752
     846
     813
     841
     840
     891
     831
     871
     883
     864
     770
     931
     873
     820
     876
     893
     838
     860
     915
     928
     935
     950
     990
    1045
    1065
    1106
    1035
    1100
    1091
    1120
    1190
    1194
    1193
    1262
    1251
    1297
    1330
    1321
    1325
    1389
    1410
    1441
    1498
    1575
    1593
    1703
    1939
    2046
    2261
    2562
    2743
    3062
    3196
    3247
    3461
    3406
    3134
    2954
    2576
    2400
    2093
    1895
    1704
    1625
    1544
    1436
    1405
    1343
    1268
    1386
    1334
    1288
    1280
    1312
    1307
    1253
    1329
    1347
    1433
    1389
    1381
    1419
    1415
    1507
    1607
    1715
    1836
    1904
    2120
    2117
    2089
    1964
    1999
    1927
    1827
    1731
    1594
    1525
    1473
    1378
    1328
    1206
    1177
    1082
    1122
    1114
    1064
    1002
     987
    1052
     993
    1010
     994
    1054
    1012
    1048
    1034
    1056
    1061
    1011
    1006
    1006
    1069
    1128
    1142
    1122
    1127
    1110
    1115
    1107
    1126
    1090
    1106
    1117
    1111
    1166
    1086
    1156
    1122
    1126
    1078
    1104
    1050
    1069
    1020
    1060
    1124
    1138
    1148
    1202
    1238
    1244
    1239
    1257
    1141
    1160
    1139
    1150
    1075
    1098
    1127
    1069
    1142
    1171
    1201
    1257
    1344
    1380
    1478
    1506
    1512
    1462
    1416
    1404
    1286
    1268
    1226
    1189
    1143
    1167
    1198
    1164
    1179
    1227
    1273
    1319
    1240
    1327
    1382
    1498
    1544
    1600
    1701
    1753
    1805
    1948
    2058
    2265
    2456
    2535
    2727
    2906
    3101
    3434
    3904
    4432
    5140
    5750
    6513
    7313
    7907
    8166
    8475
    9033
    9857
   11600
   14411
   18670
   24720
   31475
   38021
   42429
   43952
   41874
   38097
   32452
   26799
   21317
   16432
   12497
    9211
    6578
    4437
    3129
    2215
    1679
    1279
    1045
     909
     753
     700
     639
     615
     663
     654
     630
     625
     736
     739
     721
     784
     715
     712
     712
     753
     740
     715
     680
     643
     607
     591
     556
     538
     568
     521
     522
     490
     531
     505
     509
     497
     484
     469
     502
     510
     515
     508
     564
     562
     529
     544
     547
     524
     541
     540
     512
     511
     508
     536
     491
     482
     472
     525
     480
     460
     467
     472
     462
     460
     476
     486
     432
     499
     470
     453
     468
     494
     497
     530
     464
     516
     474
     498
     550
     533
     518
     507
     512
     552
     561
     516
     521
     509
     570
     536
     589
     558
     521
     503
     524
     547
     533
     546
     568
     499
     534
     508
     529
     532
     515
     555
     526
     567
     557
     542
     579
     528
     545
     576
     496
     550
     513
     556
     578
     534
     526
     548
     550
     562
     522
     533
     592
     521
     530
     517
     499
     575
     569
     517
     514
     510
     554
     524
     519
     536
     547
     521
     535
     544
     553
     547
     527
     549
     526
     528
     548
     536
     539
     554
     538
     606
     560
     533
     596
     519
     574
     582
     572
     569
     583
     542
     572
     593
     560
     586
     565
     595
     613
     543
     568
     616
     539
     573
     492
     574
     569
     604
     557
     579
     533
     604
     564
     556
     577
     582
     559
     572
     508
     595
     585
     522
     582
     575
     540
     574
     576
     583
     611
     619
     592
     576
     597
     609
     602
     606
     630
     598
     592
     678
     631
     636
     587
     613
     624
     615
     617
     592
     656
     710
     656
     683
     656
     732
     690
     709
     716
     723
     762
     766
     833
     803
     880
     859
     865
     873
     932
     998
    1068
    1105
    1167
    1127
    1179
    1219
    1279
    1356
    1556
    1795
    2001
    2150
    2351
    2564
    2398
    2315
    2212
    1994
    1690
    1459
    1348
    1001
     909
     773
     687
     652
     552
     557
     514
     527
     532
     536
     554
     560
     494
     532
     527
     549
     576
     568
     615
     585
     569
     670
     662
     710
     790
     810
     886
     890
     856
     830
     788
     758
     744
     713
     620
     630
     577
     511
     529
     546
     490
     471
     467
     427
     443
     423
     425
     461
     442
     433
     433
     431
     414
     434
     420
     375
     426
     412
     403
     412
     388
     453
     448
     421
     429
     408
     421
     405
     410
     431
     437
     436
     392
     398
     427
     399
     399
     463
     420
     439
     441
     390
     417
     383
     440
     447
     429
     431
     389
     399
     437
     445
     425
     441
     435
     415
     417
     445
     427
     396
     423
     411
     421
     411
     414
     427
     428
     410
     407
     406
     412
     395
     428
     393
     397
     447
     445
     410
     434
     451
     413
     454
     429
     448
     434
     464
     446
     430
     384
     400
     413
     409
     409
     434
     422
     452
     465
     428
     431
     464
     445
     491
     432
     472
     431
     442
     429
     436
     451
     456
     404
     421
     441
     443
     449
     460
     434
     479
     454
     416
     417
     436
     424
     469
     427
     483
     445
     471
     457
     437
     436
     449
     461
     433
     424
     442
     449
     439
     477
     456
     490
     491
     514
     487
     493
     503
     539
     526
     517
     542
     515
     487
     481
     455
     485
     483
     460
     415
     438
     453
     473
     459
     488
     435
     471
     430
     466
     471
     443
     490
     516
     477
     465
     468
     475
     489
     483
     454
     488
     470
     496
     442
     494
     486
     498
     479
     518
     462
     472
     544
     495
     509
     468
     520
     510
     505
     519
     484
     485
     519
     493
     514
     489
     527
     498
     501
     462
     539
     500
     497
     502
     548
     509
     481
     541
     539
     520
     533
     546
     525
     510
     513
     503
     527
     511
     545
     516
     465
     472
     553
     511
     540
     521
     495
     496
     497
     509
     499
     522
     490
     537
     553
     507
     511
     536
     484
     521
     498
     497
     488
     528
     552
     514
     541
     494
     529
     554
     511
     522
     494
     543
     500
     551
     566
     506
     529
     525
     546
     526
     465
     547
     526
     544
     508
     567
     557
     592
     573
     538
     557
     573
     566
     553
     564
     577
     591
     569
     583
     566
     595
     576
     539
     586
     551
     596
     570
     566
     617
     580
     615
     572
     606
     557
     588
     604
     586
     593
     631
     565
     601
     616
     590
     647
     575
     575
     590
     614
     609
     592
     595
     625
     575
     605
     580
     612
     578
     606
     587
     609
     569
     559
     586
     591
     564
     576
     632
     555
     592
     583
     594
     577
     590
     571
     605
     557
     581
     573
     566
     583
     581
     593
     620
     592
     610
     599
     604
     601
     613
     632
     628
     600
     628
     605
     601
     696
     654
     659
     637
     644
     698
     761
     777
     868
     955
    1075
    1166
    1237
    1175
    1200
    1137
    1048
     933
     837
     830
     752
     727
     640
     669
     621
     552
     580
     615
     524
     588
     562
     619
     561
     609
     572
     516
     563
     566
     512
     524
     558
     543
     600
     527
     516
     493
     536
     523
     527
     531
     528
     526
     501
     503
     548
     532
     512
     513
     542
     518
     471
     525
     530
     509
     542
     541
     529
     508
     511
     497
     517
     534
     485
     491
     476
     522
     489
     510
     541
     539
     529
     512
     552
     537
     532
     531
     509
     514
     511
     492
     511
     512
     523
     511
     515
     496
     513
     489
     470
     498
     511
     501
     496
     489
     536
     479
     461
     494
     520
     503
     502
     500
     483
     504
     497
     472
     490
     492
     491
     495
     501
     487
     497
     458
     493
     504
     526
     479
     441
     467
     502
     481
     483
     477
     500
     536
     464
     491
     481
     459
     460
     517
     477
     482
     508
     476
     526
     492
     497
     482
     495
     458
     522
     508
     447
     486
     463
     523
     469
     487
     517
     500
     474
     475
     523
     496
     485
     491
     514
     491
     500
     525
     492
     491
     494
     476
     521
     512
     555
     506
     479
     503
     492
     472
     479
     472
     513
     477
     482
     474
     478
     502
     468
     482
     479
     478
     529
     508
     491
     493
     506
     508
     479
     523
     468
     505
     449
     473
     482
     478
     488
     477
     487
     494
     461
     490
     445
     503
     497
     492
     470
     512
     478
     514
     483
     455
     486
     479
     485
     469
     474
     482
     528
     518
     496
     473
     512
     493
     479
     530
     476
     493
     491
     491
     479
     505
     514
     464
     477
     464
     492
     493
     477
     487
     508
     499
     484
     470
     485
     493
     450
     472
     497
     472
     511
     477
     530
     484
     518
     494
     470
     494
     461
     516
     551
     502
     514
     520
     533
     508
     483
     527
     501
     501
     494
     499
     475
     479
     474
     497
     492
     464
     489
     479
     487
     466
     494
     498
     480
     485
     470
     457
     486
     467
     515
     458
     502
     454
     476
     423
     491
     514
     505
     487
     488
     472
     506
     469
     512
     491
     461
     493
     441
     497
     501
     467
     506
     480
     513
     497
     520
     474
     476
     504
     473
     490
     481
     494
     499
     469
     442
     514
     491
     478
     520
     500
     465
     470
     454
     445
     488
     522
     465
     459
     489
     483
     453
     460
     469
     518
     476
     502
     476
     493
     513
     467
     434
     503
     470
     492
     463
     487
     534
     459
     480
     489
     529
     456
     489
     495
     454
     483
     407
     460
     449
     456
     437
     475
     459
     481
     445
     494
     466
     443
     447
     471
     451
     428
     485
     436
     474
     464
     447
     439
     418
     455
     428
     425
     436
     421
     442
     404
     413
     446
     443
     412
     390
     442
     401
     408
     389
     402
     445
     356
     396
     421
     381
     386
     345
     376
     358
     399
     358
     384
     361
     383
     399
     345
     361
     338
     380
     357
     364
     343
     345
     314
     337
     330
     322
     340
     342
     371
     352
     305
     345
     329
     329
     323
     344
     298
     343
     353
     340
     328
     336
     306
     331
     342
     356
     301
     316
     318
     344
     314
     303
     325
     302
     347
     306
     317
     308
     306
     339
     329
     334
     320
     308
     286
     315
     316
     331
     289
     322
     306
     308
     309
     336
     306
     306
     300
     307
     290
     304
     305
     294
     275
     278
     279
     280
     314
     287
     303
     301
     306
     324
     279
     310
     289
     299
     291
     284
     293
     304
     283
     289
     266
     283
     271
     317
     299
     277
     278
     285
     273
     313
     264
     289
     310
     297
     292
     304
     286
     312
     331
     312
     308
     284
     325
     315
     330
     320
     309
     369
     383
     387
     400
     439
     480
     506
     464
     478
     471
     458
     414
     340
     356
     345
     345
     343
     291
     285
     239
     281
     264
     260
     273
     270
     272
     258
     251
     281
     240
     265
     259
     261
     257
     261
     295
     269
     253
     296
     249
     235
     260
     281
     273
     250
     266
     236
     257
     243
     266
     264
     281
     266
     258
     273
     261
     280
     224
     266
     276
     264
     241
     254
     239
     241
     280
     266
     214
     255
     235
     224
     258
     263
     246
     243
     272
     237
       0
       0
       0
       0
       0
       0
       0
       0
       0
       0
       0
       0
       0
       0
       0
       0
       0
       0
       0
       0
       0
       0
       0
       0
       0
       0
       0
       0
       0
       0
       0
       0
