       0
       0
       0
       1
      39
   26324
  681161
   95653
   61949
   34973
   27642
   25048
   23874
   22724
   22020
   21258
   20203
   20033
   19368
   18966
   18750
   18358
   17866
   17469
   17141
   16912
   16941
   16816
   16996
   16863
   16985
   17116
   17031
   16659
   16723
   16874
   16762
   17063
   16990
   17453
   17113
   16804
   16910
   16977
   17129
   17386
   17969
   18180
   18686
   19005
   19561
   20424
   21802
   22936
   24755
   26845
   28440
   29780
   31536
   33930
   38548
   44333
   50621
   58797
   73295
   83108
   73644
   51755
   33949
   24697
   21747
   21791
   23430
   25809
   29304
   33375
   39436
   47798
   56152
   62612
   68684
   77429
   90728
  109321
  137019
  173686
  214710
  255587
  292211
  326358
  365926
  417955
  505505
  671010
 1022744
 1548881
 1845440
 1533238
  929900
  448884
  203762
  121656
  102670
  102245
  109400
  126753
  159593
  237852
  367629
  423989
  353237
  253737
  161806
   93935
   50444
   27861
   19452
   16423
   15261
   14719
   14774
   14748
   14479
   14887
   14770
   15122
   15208
   15552
   15788
   16281
   16738
   17558
   18009
   19233
   20155
   20577
   20280
   20745
   21211
   21542
   21504
   21525
   22432
   22340
   22882
   22871
   23162
   23211
   23669
   23830
   23912
   24745
   24946
   25666
   25999
   26841
   27720
   28763
   29751
   31165
   33011
   35080
   37303
   40980
   51132
   65452
   67791
   54106
   39613
   29945
   26947
   26046
   26441
   27021
   28200
   28592
   28880
   29437
   30364
   31523
   33203
   35158
   37264
   39497
   42180
   43219
   45664
   48517
   51519
   57628
   67851
   81802
   89675
   83996
   67079
   51786
   42430
   38592
   38634
   38352
   39060
   40218
   42305
   46764
   52024
   54459
   51925
   44355
   38211
   32926
   29202
   27239
   26539
   26472
   26432
   26536
   27277
   28086
   28248
   28470
   28319
   28520
   27817
   27221
   26797
   26988
   28278
   29076
   28523
   28294
   27687
   28990
   30647
   33141
   34597
   34121
   33934
   34935
   36953
   40917
   46671
   53698
   62337
   72279
   82659
   96747
  117649
  151314
  188990
  227104
  308310
  501306
  716623
  690964
  463252
  231414
   93629
   40639
   24853
   20993
   19686
   19969
   20275
   19710
   18748
   17466
   16619
   15283
   15235
   15038
   15114
   15520
   15854
   15644
   16096
   15816
   15685
   15584
   15762
   15727
   15898
   16202
   16591
   17067
   17149
   17290
   17744
   18027
   17896
   17950
   17619
   17647
   17520
   17324
   17340
   17395
   17352
   17484
   17463
   17451
   17571
   17848
   17559
   17404
   17082
   17301
   17270
   17127
   17417
   17834
   17637
   17944
   17805
   18290
   18017
   18476
   18860
   19068
   18918
   18304
   18025
   17616
   17550
   17596
   17998
   18164
   18016
   17979
   18304
   19032
   19115
   19766
   19690
   20008
   20528
   21013
   22049
   23144
   24735
   25778
   27104
   28736
   30522
   33591
   35779
   38846
   44471
   53680
   63163
   61568
   47991
   32313
   22245
   17660
   15999
   16082
   16518
   17057
   17880
   19152
   21504
   23469
   22711
   19913
   16976
   14670
   13165
   12260
   11981
   11675
   11766
   11461
   11450
   11521
   11681
   11699
   11579
   11552
   11872
   11756
   11757
   11784
   11880
   11681
   11655
   11850
   11948
   11617
   11971
   11789
   11920
   12122
   11917
   11954
   11966
   11909
   11764
   11806
   11946
   12087
   12132
   12023
   12195
   12233
   12113
   12238
   12162
   12361
   12471
   12469
   12425
   12611
   12771
   12847
   12745
   12805
   13345
   13746
   13917
   13550
   13243
   12809
   12660
   12824
   12591
   12688
   12862
   13042
   12965
   13034
   12969
   13105
   13280
   13316
   13288
   13501
   13815
   13584
   13859
   14099
   13804
   14058
   13976
   14005
   14054
   14061
   13893
   13555
   13441
   13299
   13451
   13231
   13320
   13588
   13446
   13406
   13548
   13730
   13819
   13438
   13706
   13852
   13865
   13912
   14013
   14121
   14083
   14349
   14329
   14637
   14425
   14551
   14712
   14632
   14591
   14859
   14758
   14856
   14846
   15009
   14868
   14953
   14916
   15137
   15104
   15001
   14974
   15215
   15333
   15279
   15497
   15460
   15853
   15800
   15965
   16443
   16793
   17558
   19246
   22425
   25789
   26221
   22829
   19129
   16797
   15331
   14393
   14268
   13943
   13871
   13919
   13882
   13821
   13644
   13589
   13659
   13318
   13446
   13393
   13340
   13231
   13222
   13039
   13218
   13300
   13053
   13315
   13081
   13229
   13131
   12979
   13153
   12848
   12970
   13040
   13112
   12986
   12747
   12626
   12835
   12901
   12912
   12791
   12792
   12739
   12889
   12921
   12716
   12693
   12754
   12575
   12594
   12748
   12729
   12826
   12774
   12850
   12839
   12901
   12629
   12583
   12688
   12886
   12796
   12592
   12966
   12669
   13082
   12687
   12742
   12836
   12622
   12730
   12656
   12873
   12388
   12626
   12603
   12520
   12950
   12520
   12988
   12758
   12725
   12738
   12902
   12575
   13114
   12756
   13065
   12819
   12814
   12872
   13003
   13026
   13346
   13218
   13210
   13355
   13029
   12709
   12602
   12661
   12601
   12576
   12402
   12493
   12662
   12572
   12435
   12468
   12388
   12513
   12248
   12214
   12363
   12395
   12200
   12316
   12167
   12151
   12104
   12094
   12171
   12111
   12108
   12219
   12189
   11953
   12023
   12009
   11764
   12072
   11927
   11986
   11669
   11832
   11605
   11340
   11502
   11351
   11284
   11140
   10755
   10918
   10569
   10453
   10293
   10282
    9951
    9797
    9873
    9666
    9507
    9656
    9317
    9553
    9225
    9179
    9163
    9006
    8896
    8861
    8942
    8959
    8873
    8461
    8636
    8724
    8613
    8461
    8548
    8619
    8526
    8549
    8395
    8371
    8437
    8261
    8380
    8392
    8227
    8284
    8300
    8146
    8370
    8460
    8511
    8213
    8326
    8337
    8541
    8615
    9313
   10250
   11131
   11110
   10461
    9341
    8340
    7818
    7803
    7622
    7560
    7735
    7410
    7443
    7616
    7358
    7245
    7297
    7288
    7317
    7451
    7120
    7176
    7147
    7203
    7137
    7047
    7178
    6921
    6869
    6743
    6789
    6778
    6599
    6633
    6684
    6465
    6557
    6523
    6489
    6496
    6313
    6367
    6540
    6206
    6238
    6139
    6244
    6132
    5938
    5895
    5954
    5985
    5975
    5759
    5769
    5765
    5674
    5672
    5579
    5602
    5578
    5589
    5567
    5441
    5565
    5469
    5321
    5388
    5225
    5357
    5169
    5144
    5112
    5201
    5167
    5174
    5016
    4923
    5173
    5005
    5047
    4896
    4806
    4787
    4922
    4940
    4834
    4879
    4897
    4696
    4792
    4938
    4879
    4899
    4929
    4979
    5063
    5133
    5079
    4894
    4799
    4692
    4512
    4588
    4544
    4448
    4500
    4551
    4481
    4556
    4519
    4415
    4384
    4347
    4315
    4184
    4148
    4085
    4122
    4139
    4016
    4064
    4000
    4000
    3931
    4001
    3938
    3995
    4017
    3909
    3999
    3909
    3916
    3909
    3868
    3945
    3957
    3937
    3825
    3827
    3832
    3775
    3809
    3761
    3705
    3768
    3702
    3722
    3811
    3844
    3995
    3981
    4153
    4212
    4433
    4845
    5253
    5777
    6260
    6989
    7633
    8803
   10223
   12699
   17485
   26840
   38868
   46493
   41309
   28675
   16238
    8617
    5285
    4216
    3739
    3664
    3609
    3451
    3323
    3411
    3432
    3443
    3360
    3418
    3342
    3376
    3348
    3293
    3133
    3320
    3378
    3283
    3369
    3421
    3374
    3331
    3354
    3392
    3337
    3190
    3414
    3294
    3258
    3298
    3423
    3233
    3228
    3215
    3224
    3153
    3163
    3102
    3150
    3141
    3082
    3179
    3035
    3127
    3102
    3209
    3094
    3208
    3191
    3180
    3257
    3250
    3158
    3269
    3248
    3450
    3515
    3718
    3847
    3944
    4226
    4643
    4944
    5813
    6607
    7732
    9265
   10334
   11996
   14485
   17450
   22513
   31649
   49562
   77038
  100689
   99637
   74653
   44129
   21939
   10920
    6627
    5247
    5067
    4800
    5253
    5966
    6940
    8154
    8740
    7781
    6315
    4803
    3810
    3292
    3129
    3069
    3200
    3318
    3491
    3739
    4158
    4189
    4074
    3840
    3489
    3163
    2996
    3098
    2978
    2906
    2905
    2751
    2876
    2818
    2871
    2937
    2831
    2720
    2817
    2788
    2775
    2758
    2909
    2739
    2784
    2702
    2751
    2885
    2860
    2852
    2815
    2902
    2843
    2838
    2840
    2924
    2893
    3051
    3097
    3224
    3187
    2959
    2941
    2818
    2809
    2743
    2770
    2858
    2844
    3016
    2933
    3034
    3085
    3164
    3249
    3361
    3502
    3607
    3764
    4034
    4395
    4732
    5167
    5447
    5686
    6271
    6868
    8378
   10739
   13327
   15478
   14735
   11595
    7928
    5348
    3829
    3352
    3134
    3233
    3405
    3646
    4181
    4909
    5289
    5126
    4621
    3871
    3145
    2721
    2300
    2285
    2173
    2139
    2242
    2278
    2263
    2401
    2356
    2394
    2395
    2253
    2245
    2322
    2341
    2257
    2365
    2300
    2335
    2415
    2462
    2404
    2468
    2517
    2454
    2442
    2495
    2561
    2659
    2761
    2968
    3134
    3399
    3840
    4197
    4870
    5820
    7150
    8918
   11527
   14643
   18407
   22402
   26730
   32639
   39726
   51320
   71654
  110185
  176504
  251838
  286960
  247385
  164577
   87403
   38858
   16859
    8521
    5633
    4020
    3617
    3264
    2990
    3001
    2971
    2950
    2824
    2774
    2889
    2802
    2974
    2866
    2958
    3196
    3362
    3629
    3797
    4030
    4040
    4005
    3825
    3843
    3695
    3742
    3630
    3564
    3647
    3619
    3666
    3633
    3489
    3623
    3545
    3384
    3432
    3413
    3296
    3426
    3337
    3350
    3391
    3355
    3404
    3576
    3414
    3619
    3593
    3563
    3704
    3613
    3717
    3824
    4018
    4076
    4221
    4414
    4561
    4442
    4240
    3922
    3886
    3928
    4062
    4270
    4617
    4919
    5754
    6245
    7010
    7746
    8571
    9844
   11409
   13896
   18517
   26502
   38013
   48218
   49927
   41752
   29556
   20340
   16136
   15643
   18897
   24495
   29568
   30742
   26109
   18671
   11470
    6892
    4831
    4177
    3933
    4074
    4543
    5294
    6781
    7842
    8031
    7249
    5933
    4419
    3268
    2569
    2101
    1878
    1745
    1747
    1739
    1744
    1799
    1738
    1733
    1828
    1788
    1792
    1785
    1675
    1682
    1840
    1755
    1708
    1716
    1743
    1732
    1763
    1728
    1806
    1770
    1743
    1780
    1787
    1702
    1761
    1728
    1805
    1885
    1830
    1691
    1852
    1826
    1890
    1840
    1859
    1886
    1804
    1820
    1823
    1915
    1796
    1927
    1857
    1957
    1870
    1972
    1974
    2034
    2048
    2109
    2125
    2254
    2390
    2473
    2587
    2675
    2815
    3022
    3271
    3647
    4368
    5077
    5757
    5652
    4834
    3665
    2967
    2480
    2386
    2482
    2548
    2787
    2766
    2900
    2791
    2684
    2614
    2374
    2031
    1951
    1789
    1683
    1754
    1740
    1775
    1780
    1713
    1618
    1516
    1404
    1407
    1423
    1409
    1389
    1390
    1343
    1404
    1401
    1464
    1425
    1415
    1443
    1364
    1385
    1396
    1475
    1336
    1389
    1402
    1452
    1407
    1395
    1466
    1515
    1519
    1513
    1612
    1621
    1779
    1929
    2041
    2151
    2398
    2598
    2841
    3141
    3601
    4325
    5538
    7415
   10754
   13622
   14271
   12245
    8210
    4634
    2516
    1420
    1045
     878
     851
     808
     777
     824
     781
     798
     781
     774
     769
     825
     785
     822
     808
     806
     819
     833
     798
     863
     890
     863
     861
     809
     839
     795
     848
     780
     780
     821
     832
     814
     830
     810
     838
     771
     757
     719
     763
     752
     682
     752
     771
     733
     747
     753
     764
     735
     773
     707
     741
     725
     740
     706
     763
     749
     766
     769
     735
     729
     740
     758
     768
     693
     708
     766
     723
     749
     742
     760
     670
     804
     695
     775
     804
     834
     835
     794
     870
     889
     956
     874
     967
     891
     896
     966
    1000
    1158
    1236
    1389
    1341
    1201
     961
     766
     624
     585
     535
     551
     555
     601
     579
     621
     623
     640
     647
     555
     520
     445
     471
     440
     429
     391
     405
     428
     432
     432
     429
     420
     413
     410
     377
     413
     424
     412
     383
     415
     413
     422
     418
     425
     361
     385
     420
     386
     423
     428
     395
     373
     373
     349
     450
     413
     364
     380
     394
     430
     413
     415
     394
     402
     382
     365
     397
     379
     396
     381
     395
     393
     386
     351
     361
     368
     359
     405
     397
     409
     388
     391
     391
     413
     412
     412
     389
     402
     382
     398
     369
     380
     370
     387
     413
     371
     332
     377
     343
     362
     387
     368
     355
     347
     349
     341
     363
     331
     313
     329
     357
     318
     359
     333
     335
     368
     357
     360
     373
     341
     314
     366
     339
     329
     331
     354
     320
     304
     331
     340
     328
     305
     333
     329
     328
     303
     341
     326
     307
     358
     333
     350
     300
     318
     337
     322
     325
     301
     328
     313
     314
     328
     295
     300
     326
     338
     326
     340
     320
     338
     311
     297
     302
     248
     274
     274
     276
     282
     261
     275
     240
     264
     269
     274
     287
     294
     273
     305
     272
     269
     303
     279
     276
     268
     271
     244
     247
     275
     226
     248
     250
     288
     274
     261
     287
     251
     263
     255
     270
     272
     238
     253
     251
     281
     225
     235
     238
     263
     229
     236
     260
     250
     246
     257
     224
     242
     261
     237
     243
     255
     220
     234
     251
     263
     256
     220
     259
     263
     210
     223
     252
     245
     248
     222
     241
     223
     208
     245
     226
     227
     243
     231
     223
     263
     202
     232
     239
     255
     244
     249
     233
     202
     214
     209
     221
     218
     196
     199
     237
     218
     209
     241
     195
     189
     185
     185
     204
     208
     195
     237
     201
     202
     207
     195
     215
     225
     195
     202
     196
     201
     170
     196
     205
     193
     186
     201
     199
     196
     188
     207
     201
     190
     179
     178
     196
     194
     198
     205
     190
     161
     178
     201
     182
     188
     203
     181
     168
     173
     172
     185
     171
     200
     163
     182
     175
     192
     180
     199
     167
     182
     145
     166
     159
     173
     165
     190
     185
     197
     183
     177
     178
     178
     168
     163
     174
     192
     164
     181
     177
     171
     160
     156
     166
     168
     176
     165
     152
     172
     137
     172
     160
     186
     204
     166
     150
     163
     169
     166
     146
     149
     142
     161
     159
     142
     166
     200
     162
     138
     172
     155
     146
     158
     156
     143
     174
     144
     137
     145
     160
     156
     154
     142
     161
     140
     131
     145
     145
     143
     148
     131
     145
     152
     141
     139
     147
     145
     144
     160
     164
     130
     147
     148
     134
     137
     111
     137
     134
     130
     158
     131
     133
     125
     141
     123
     135
     141
     139
     133
     133
     154
     145
     148
     132
     128
     148
     126
     129
     139
     129
     153
     151
     130
     123
     144
     118
     134
     131
     131
     122
     137
     134
     148
     137
     133
     139
     139
     122
     128
     119
     142
     106
     115
     114
     122
     134
     114
     135
     131
     108
     115
     126
     120
     140
     105
     124
     113
     113
     113
     128
     102
     133
      98
     109
     127
     127
     115
     123
      97
     110
     126
     111
     138
      98
     107
     115
     120
     125
     124
      91
     127
     111
     118
     105
     114
     136
     107
     109
      98
     130
     113
     122
     122
     107
     123
     122
     126
     121
     119
     142
     141
     130
     126
     128
     137
     126
     127
     141
     125
     128
     109
     116
     111
     109
     107
     107
     105
      86
      94
      97
     102
     105
      91
     121
      99
      95
     100
     111
     106
     111
     111
      92
     109
     109
     103
      85
     111
      90
      83
      95
     109
      89
      85
     108
     107
      94
     100
      98
     118
     104
      91
     108
     106
     104
       0
       0
       0
       0
       0
       0
       0
       0
       0
       0
       0
       0
       0
       0
       0
       0
       0
       0
       0
       0
       0
       0
       0
       0
       0
       0
       0
       0
       0
       0
       0
       0
