       0
       0
       0
       0
       0
       0
       0
       0
       0
       0
       0
       0
       0
       0
       0
       0
       0
       0
       0
    1198
    7782
    7667
    7334
    7229
    7030
    7042
    6663
    6677
    6612
    6572
    6309
    6295
    6260
    6254
    6178
    5925
    6207
    6056
    5953
    6189
    6241
    6272
    6322
    6085
    6152
    6010
    6136
    6059
    6145
    6087
    6134
    6146
    6243
    6177
    6234
    6136
    6161
    6143
    6204
    6153
    6360
    6561
    6469
    6530
    6773
    6874
    6975
    7223
    7375
    7730
    8039
    8292
    8937
    9346
    9731
   10229
   10766
   11197
   11943
   12594
   13532
   15224
   16723
   18096
   20192
   22705
   26847
   29144
   28402
   24283
   18275
   13689
   10623
    8894
    8117
    8178
    8261
    8902
    9573
   10429
   11758
   13101
   14801
   16952
   19512
   21926
   23428
   25054
   27448
   30614
   34322
   39684
   46031
   54779
   65330
   76376
   88150
   99570
  110403
  120873
  132306
  144595
  161705
  184304
  219432
  276106
  369511
  499363
  616630
  641953
  548852
  397592
  254284
  148877
   86054
   56029
   44126
   39973
   39631
   41126
   44662
   50721
   60391
   76447
  105160
  137357
  150037
  136201
  111675
   86669
   62851
   42550
   27892
   17665
   11524
    8434
    6680
    5964
    5615
    5358
    5361
    5412
    5262
    5357
    5346
    5411
    5517
    5266
    5512
    5393
    5427
    5460
    5648
    5618
    5802
    5967
    6145
    6265
    6506
    6749
    7017
    7345
    7492
    7429
    7492
    7544
    7677
    7759
    7780
    7901
    8083
    8122
    7981
    8170
    8155
    8280
    8485
    8367
    8576
    8718
    8636
    8899
    8847
    8944
    9008
    9324
    9586
    9712
   10074
   10234
   10518
   10977
   11122
   11502
   11913
   12829
   13066
   13650
   14550
   16263
   19592
   23508
   24394
   22500
   18570
   14807
   12160
   10452
    9720
    9678
    9655
    9678
   10093
   10224
   10201
   10545
   10954
   10864
   11003
   11160
   11593
   11850
   12532
   13066
   13848
   14334
   14815
   15650
   16206
   16892
   17355
   18228
   19271
   20677
   23003
   26515
   29381
   31482
   31114
   27658
   23526
   19368
   16464
   14651
   14204
   13927
   13845
   14222
   14519
   14635
   15061
   15929
   16669
   18172
   19474
   19611
   18394
   16622
   14755
   13399
   12060
   10848
   10348
   10000
    9620
    9698
    9746
    9562
    9822
    9854
   10112
   10190
   10411
   10415
   10542
   10348
   10439
   10546
   10342
    9864
    9916
    9959
   10127
   10364
   10490
   10646
   10420
   10268
   10218
   10677
   10788
   11536
   12349
   12663
   12716
   12667
   12703
   13191
   13633
   14498
   15519
   16993
   18971
   21047
   23674
   26948
   29892
   33573
   37312
   42899
   50287
   60228
   70979
   80449
   94782
  121614
  169713
  229412
  258661
  235709
  177811
  114989
   65411
   34531
   18749
   11823
    9050
    7593
    7288
    7053
    7158
    7267
    7080
    7031
    6599
    6235
    6025
    5794
    5812
    5514
    5441
    5452
    5513
    5603
    5488
    5590
    5677
    5855
    5801
    5637
    5635
    5612
    5462
    5412
    5470
    5690
    5660
    5825
    5814
    5897
    5975
    6163
    6445
    6518
    6467
    6470
    6610
    6454
    6384
    6444
    6275
    6212
    6152
    6297
    6271
    6347
    6424
    6333
    6277
    6368
    6313
    6329
    6339
    6332
    6304
    6304
    6312
    6329
    6279
    6401
    6283
    6336
    6406
    6485
    6239
    6421
    6343
    6449
    6469
    6423
    6502
    6649
    6668
    6579
    6816
    6919
    6960
    6709
    6616
    6424
    6532
    6525
    6407
    6381
    6384
    6467
    6558
    6586
    6511
    6880
    6876
    6937
    7069
    7153
    7190
    7224
    7308
    7625
    7602
    7930
    8141
    8481
    8907
    9007
    9392
    9892
   10429
   10748
   11313
   11879
   12822
   13374
   14486
   15494
   17444
   20388
   22419
   22461
   20058
   15798
   11941
    9024
    7191
    6210
    5892
    6002
    5989
    6047
    6244
    6472
    6756
    7244
    7623
    8370
    8434
    8043
    7332
    6487
    5743
    5228
    4754
    4616
    4449
    4483
    4316
    4314
    4297
    4085
    4144
    4097
    4111
    4257
    4261
    4213
    4228
    4202
    4189
    4280
    4448
    4127
    4283
    4386
    4305
    4352
    4265
    4309
    4297
    4283
    4293
    4192
    4333
    4360
    4311
    4410
    4274
    4297
    4389
    4326
    4341
    4360
    4201
    4374
    4244
    4423
    4442
    4377
    4374
    4332
    4362
    4386
    4377
    4335
    4335
    4531
    4412
    4478
    4505
    4489
    4515
    4583
    4580
    4539
    4634
    4624
    4586
    4696
    4581
    4727
    4882
    5002
    5069
    5009
    4915
    4751
    4651
    4644
    4632
    4607
    4639
    4715
    4595
    4669
    4706
    4806
    4696
    4691
    4741
    4853
    4784
    4839
    4727
    4913
    4763
    4886
    4890
    4974
    4996
    5158
    5032
    5222
    5084
    5067
    5026
    5107
    5095
    5081
    5007
    5005
    4992
    4889
    4886
    4781
    4852
    4756
    4645
    4780
    4867
    4756
    4809
    4913
    4875
    5070
    4927
    4807
    4919
    4899
    4820
    4940
    5117
    5057
    5065
    4983
    4903
    5155
    5123
    5068
    5239
    5191
    5149
    5315
    5343
    5341
    5265
    5208
    5258
    5336
    5223
    5286
    5522
    5333
    5330
    5448
    5501
    5249
    5436
    5505
    5398
    5528
    5449
    5531
    5507
    5460
    5510
    5554
    5572
    5514
    5571
    5570
    5642
    5673
    5671
    5821
    5890
    6191
    6020
    6332
    6689
    7143
    8045
    9166
    9422
    9069
    8196
    7470
    6455
    6067
    5565
    5432
    5225
    4978
    5098
    4952
    4952
    4942
    5012
    4917
    4903
    5012
    4945
    5004
    4865
    4915
    4997
    4959
    4741
    4816
    4678
    4795
    4773
    4776
    4722
    4744
    4779
    4726
    4672
    4687
    4837
    4757
    4742
    4745
    4616
    4634
    4780
    4781
    4871
    4770
    4776
    4616
    4528
    4582
    4629
    4812
    4574
    4708
    4674
    4624
    4677
    4425
    4708
    4662
    4667
    4546
    4596
    4692
    4659
    4661
    4661
    4507
    4552
    4664
    4588
    4634
    4563
    4567
    4551
    4706
    4666
    4493
    4630
    4621
    4579
    4601
    4597
    4549
    4586
    4664
    4619
    4688
    4583
    4593
    4505
    4633
    4616
    4715
    4665
    4663
    4511
    4662
    4548
    4628
    4656
    4705
    4748
    4641
    4594
    4651
    4603
    4618
    4655
    4715
    4633
    4545
    4605
    4615
    4642
    4639
    4553
    4614
    4590
    4684
    4741
    4599
    4684
    4721
    4553
    4638
    4800
    4783
    4776
    4698
    4837
    4778
    4661
    4732
    4663
    4605
    4491
    4437
    4539
    4540
    4538
    4407
    4452
    4619
    4601
    4487
    4589
    4513
    4489
    4573
    4433
    4414
    4541
    4488
    4435
    4435
    4404
    4552
    4544
    4242
    4439
    4360
    4421
    4378
    4567
    4437
    4445
    4487
    4468
    4359
    4541
    4440
    4405
    4282
    4333
    4335
    4453
    4292
    4245
    4317
    4204
    4250
    4318
    4128
    4196
    4026
    4232
    4173
    4045
    4044
    4030
    4007
    3954
    3835
    3838
    3837
    3691
    3676
    3775
    3640
    3552
    3496
    3558
    3622
    3474
    3463
    3377
    3411
    3427
    3276
    3386
    3446
    3303
    3189
    3191
    3249
    3201
    3206
    3161
    3157
    3047
    3152
    3130
    3111
    3069
    3189
    3211
    3180
    3079
    3130
    3074
    3074
    3072
    2985
    3013
    3138
    2991
    3104
    3064
    3012
    3125
    2932
    3043
    2976
    2991
    3038
    2983
    2977
    2952
    3110
    3056
    3059
    3111
    3065
    3101
    3089
    3212
    3262
    3504
    3625
    3905
    4015
    4080
    3791
    3447
    3101
    2975
    2850
    2839
    2808
    2761
    2834
    2755
    2676
    2732
    2624
    2756
    2752
    2701
    2739
    2695
    2675
    2583
    2605
    2623
    2638
    2613
    2681
    2521
    2554
    2585
    2632
    2539
    2423
    2610
    2442
    2541
    2506
    2510
    2580
    2395
    2475
    2427
    2486
    2505
    2397
    2406
    2437
    2356
    2378
    2475
    2309
    2358
    2351
    2216
    2294
    2363
    2282
    2310
    2257
    2278
    2236
    2229
    2251
    2240
    2197
    2167
    2147
    2175
    2087
    2118
    2091
    2095
    2104
    2132
    2161
    2064
    1983
    2061
    1974
    2036
    1960
    2051
    1978
    2001
    1960
    1988
    1943
    1972
    1943
    1891
    2040
    1842
    1911
    1923
    1869
    1862
    1956
    1921
    1889
    1793
    1871
    1842
    1873
    1776
    1808
    1778
    1767
    1840
    1772
    1802
    1828
    1741
    1871
    1766
    1839
    1822
    1746
    1818
    1780
    1784
    1746
    1745
    1863
    1779
    1792
    1811
    1843
    1837
    1853
    1769
    1788
    1794
    1749
    1676
    1659
    1668
    1670
    1674
    1556
    1620
    1607
    1607
    1612
    1564
    1644
    1589
    1662
    1623
    1598
    1667
    1627
    1626
    1560
    1530
    1571
    1489
    1493
    1540
    1506
    1484
    1507
    1528
    1522
    1439
    1453
    1471
    1496
    1498
    1433
    1517
    1453
    1442
    1452
    1462
    1407
    1407
    1431
    1399
    1412
    1412
    1377
    1384
    1366
    1416
    1343
    1401
    1408
    1348
    1317
    1407
    1389
    1442
    1368
    1470
    1418
    1401
    1424
    1389
    1472
    1384
    1403
    1454
    1489
    1507
    1642
    1681
    1882
    2008
    2166
    2288
    2431
    2685
    2911
    3176
    3540
    3981
    4561
    5606
    7102
    9712
   12882
   15385
   16196
   14582
   11451
    8077
    5179
    3412
    2273
    1755
    1527
    1410
    1307
    1293
    1279
    1263
    1285
    1204
    1279
    1166
    1250
    1254
    1206
    1231
    1187
    1217
    1265
    1254
    1165
    1203
    1200
    1216
    1243
    1222
    1222
    1133
    1241
    1185
    1224
    1242
    1280
    1192
    1205
    1230
    1194
    1255
    1258
    1228
    1191
    1163
    1224
    1166
    1156
    1176
    1202
    1143
    1207
    1180
    1146
    1216
    1210
    1153
    1224
    1195
    1176
    1164
    1190
    1180
    1203
    1211
    1140
    1151
    1169
    1191
    1124
    1153
    1205
    1135
    1255
    1128
    1222
    1219
    1203
    1277
    1241
    1329
    1310
    1275
    1383
    1400
    1445
    1512
    1586
    1740
    1864
    2105
    2271
    2562
    2911
    3479
    3786
    4269
    4861
    5260
    6027
    7175
    8487
   10779
   14080
   19546
   26395
   33232
   36356
   34093
   27731
   19531
   12735
    7458
    4497
    2986
    2357
    1940
    1919
    1820
    1812
    1946
    2074
    2410
    2658
    2980
    2970
    2858
    2687
    2233
    1827
    1492
    1320
    1194
    1162
    1084
    1132
    1193
    1170
    1198
    1212
    1342
    1454
    1572
    1401
    1449
    1351
    1320
    1251
    1148
    1118
    1104
    1105
    1032
    1060
     991
     971
    1030
    1044
    1088
    1049
    1031
     980
    1017
    1031
    1059
    1034
    1061
    1018
    1023
    1019
    1032
    1019
     968
    1030
     991
     969
    1006
     994
     986
    1029
    1031
    1071
    1040
    1097
    1069
     994
    1096
    1062
    1099
    1150
    1068
    1116
    1089
    1165
    1142
    1114
    1131
    1093
    1054
    1031
    1037
    1012
    1060
    1065
    1055
    1065
    1072
    1053
    1111
    1114
    1113
    1114
    1088
    1171
    1149
    1296
    1299
    1358
    1276
    1344
    1451
    1538
    1641
    1731
    1826
    1984
    2128
    2102
    2296
    2530
    2686
    3085
    3726
    4339
    4985
    5395
    5304
    4773
    3898
    3008
    2199
    1686
    1367
    1281
    1162
    1162
    1167
    1225
    1348
    1443
    1559
    1811
    1877
    1968
    1826
    1686
    1420
    1256
    1144
     976
     907
     816
     808
     838
     884
     842
     811
     844
     816
     827
     862
     831
     849
     839
     842
     819
     816
     843
     918
     864
     805
     894
     816
     812
     850
     866
     891
     938
     938
     887
     919
     933
     940
     848
     923
     986
     948
     936
     972
    1053
    1042
    1097
    1169
    1255
    1386
    1517
    1589
    1763
    2089
    2339
    2769
    3265
    3981
    4748
    5718
    6922
    7934
    9309
   10739
   12209
   14182
   17032
   20162
   25503
   33111
   45963
   62866
   82672
   97584
  100030
   88204
   68218
   46279
   28254
   15819
    8855
    4995
    3114
    2126
    1687
    1449
    1234
    1098
    1151
    1040
    1034
    1043
     983
    1047
    1026
    1016
     996
    1059
    1046
    1058
    1014
    1022
    1028
    1134
    1090
    1159
    1160
    1196
    1318
    1328
    1409
    1404
    1343
    1403
    1312
    1288
    1315
    1278
    1288
    1293
    1281
    1295
    1307
    1227
    1233
    1328
    1291
    1343
    1291
    1236
    1254
    1270
    1261
    1202
    1229
    1162
    1202
    1219
    1178
    1227
    1180
    1245
    1246
    1242
    1256
    1217
    1293
    1244
    1248
    1290
    1272
    1289
    1337
    1362
    1349
    1426
    1439
    1470
    1481
    1558
    1590
    1563
    1628
    1506
    1481
    1402
    1410
    1436
    1335
    1478
    1622
    1657
    1718
    1858
    2067
    2241
    2430
    2679
    2939
    3089
    3490
    3860
    4292
    4954
    5771
    7187
    9313
   12116
   15141
   17155
   17929
   16356
   13805
   10413
    8234
    6406
    6079
    6010
    6742
    7752
    9450
   10601
   10919
   10131
    8540
    6561
    4668
    3330
    2237
    1862
    1582
    1525
    1476
    1427
    1645
    1799
    2038
    2439
    2791
    2890
    2813
    2607
    2153
    1816
    1466
    1157
     982
     802
     744
     646
     630
     653
     614
     644
     643
     581
     609
     644
     639
     629
     630
     606
     641
     627
     648
     611
     636
     588
     646
     588
     600
     603
     596
     674
     629
     680
     608
     631
     628
     590
     618
     635
     647
     643
     641
     643
     649
     621
     651
     643
     615
     658
     658
     666
     657
     661
     670
     693
     691
     619
     658
     674
     636
     613
     666
     647
     629
     640
     664
     673
     718
     662
     701
     700
     700
     701
     704
     746
     675
     721
     707
     783
     806
     852
     904
     844
     927
     966
     976
    1082
    1026
    1161
    1260
    1254
    1364
    1588
    1798
    1985
    2074
    2006
    1759
    1446
    1302
    1015
     947
     882
     871
     848
     863
     961
     994
    1027
    1026
     962
     992
     966
     943
     879
     855
     786
     733
     662
     619
     634
     624
     644
     658
     649
     625
     635
     623
     584
     546
     544
     534
     524
     498
     522
     495
     479
     487
     481
     520
     536
     454
     518
     509
     516
     508
     508
     501
     541
     517
     514
     485
     525
     468
     516
     507
     511
     514
     516
     537
     542
     516
     523
     560
     516
     569
     538
     571
     618
     601
     685
     719
     744
     794
     797
     854
    1000
    1096
    1161
    1209
    1359
    1614
    1755
    2243
    2747
    3370
    4326
    4979
    5119
    4633
    3775
    2666
    1849
    1169
     756
     543
     397
     319
     301
     303
     312
     306
     329
     293
     260
     285
     295
     286
     274
     289
     275
     281
     293
     291
     300
     302
     346
     310
     303
     301
     288
     303
     299
     333
     332
     315
     301
     319
     322
     284
     260
     284
     282
     298
     289
     278
     285
     302
     274
     272
     298
     265
     260
     276
     270
     313
     285
     269
     251
     279
     272
     267
     274
     281
     266
     246
     277
     279
     270
     231
     246
     266
     250
     256
     273
     278
     261
     239
     251
     222
     262
     278
     244
     229
     265
     270
     239
     278
     294
     250
     275
     292
     274
     256
     223
     236
     302
     277
     283
     248
     270
     265
     273
     300
     289
     283
     289
     306
     297
     314
     333
     317
     290
     305
     303
     346
     331
     316
     341
     332
     380
     365
     382
     431
     465
     499
     495
     469
     442
     356
     293
     281
     226
     210
     188
     230
     211
     199
     190
     219
     211
     219
     235
     204
     246
     215
     190
     190
     202
     168
     157
     165
     131
     168
     184
     115
     155
     142
     161
     139
     124
     167
     138
     143
     132
     171
     133
     127
     143
     146
     145
     130
     161
     161
     167
     171
     142
     150
     147
     153
     142
     125
     147
     142
     138
     139
     137
     139
     143
     166
     141
     127
       0
       0
       0
       0
       0
       0
       0
       0
       0
       0
       0
       0
       0
       0
       0
       0
       0
       0
       0
       0
       0
       0
       0
       0
       0
       0
       0
       0
       0
       0
       0
       0
