       0
       0
       0
       1
    5319
  155767
 4461398
 1207298
 1323296
 1212162
 1050844
  906958
  755655
  598883
  453093
  332554
  240826
  175066
  128940
   96240
   73107
   56305
   43276
   33519
   25755
   19412
   14294
   10199
    6935
    4751
    3218
    2260
    1647
    1423
    1291
    1086
    1047
    1054
    1063
     965
    1059
    1006
     989
     918
     969
     959
     948
     920
     845
     890
     862
     891
     857
     816
     826
     830
     844
     853
     826
     775
     763
     775
     752
     717
     721
     661
     675
     664
     663
     619
     608
     650
     642
     614
     626
     578
     605
     597
     605
     587
     563
     551
     587
     542
     580
     542
     579
     576
     537
     522
     513
     472
     505
     527
     527
     530
     472
     464
     486
     485
     501
     496
     521
     440
     500
     452
     492
     443
     421
     434
     488
     437
     430
     430
     412
     424
     454
     430
     412
     397
     426
     441
     422
     381
     438
     424
     376
     399
     476
     406
     378
     437
     459
     398
     428
     420
     413
     388
     416
     403
     398
     443
     418
     397
     408
     356
     383
     366
     377
     372
     393
     389
     370
     357
     368
     369
     373
     358
     345
     363
     355
     376
     308
     363
     348
     357
     350
     360
     367
     373
     376
     407
     359
     344
     344
     385
     352
     343
     345
     351
     367
     382
     412
     379
     412
     456
     465
     525
     533
     629
     588
     633
     639
     582
     521
     530
     500
     506
     447
     438
     410
     429
     376
     382
     360
     368
     352
     364
     327
     348
     351
     362
     391
     358
     382
     369
     421
     342
     374
     383
     333
     337
     318
     318
     326
     339
     306
     302
     304
     303
     288
     268
     283
     340
     284
     276
     309
     326
     266
     286
     275
     284
     305
     276
     319
     280
     302
     271
     291
     310
     284
     307
     277
     297
     289
     315
     297
     311
     312
     318
     323
     307
     351
     321
     364
     313
     365
     368
     383
     375
     417
     405
     414
     458
     482
     519
     562
     672
     676
     744
     831
     883
    1058
    1067
    1169
    1235
    1313
    1370
    1391
    1529
    1602
    1758
    1952
    2158
    2469
    2668
    3112
    3456
    3689
    3990
    4141
    4115
    4145
    3989
    3721
    3430
    3007
    2703
    2343
    2019
    1765
    1457
    1380
    1124
     904
     788
     718
     586
     456
     432
     389
     350
     332
     352
     360
     316
     303
     313
     327
     335
     309
     313
     322
     360
     346
     373
     408
     372
     394
     402
     439
     506
     449
     476
     491
     498
     519
     512
     528
     586
     557
     681
     707
     759
     807
     920
    1005
    1036
    1113
    1159
    1146
    1110
    1079
     991
     998
     936
     881
     880
     830
     881
     806
     779
     780
     775
     725
     714
     650
     715
     693
     794
     712
     780
     807
     852
     915
     968
    1004
    1045
    1073
    1126
    1145
    1280
    1275
    1267
    1400
    1361
    1496
    1552
    1604
    1628
    1649
    1758
    1803
    1890
    1949
    2118
    2215
    2326
    2482
    2721
    2734
    3097
    3302
    3699
    4045
    4457
    5014
    5657
    6508
    7648
    9295
   11337
   14225
   17917
   22864
   29513
   37928
   47476
   60169
   73341
   87096
  100394
  113610
  125503
  135262
  140033
  141737
  139400
  132092
  122023
  109457
   96563
   83805
   71905
   61085
   51351
   42815
   35383
   28344
   22434
   17526
   13151
    9917
    7573
    5593
    4177
    3294
    2559
    2159
    1758
    1622
    1350
    1301
    1184
    1186
    1119
    1064
    1111
    1122
    1157
    1173
    1239
    1260
    1388
    1435
    1576
    1680
    1813
    2053
    2300
    2804
    3257
    3995
    5116
    6495
    8379
   11066
   13872
   17756
   21954
   25988
   29940
   32628
   34680
   35144
   34366
   32255
   30150
   27460
   25287
   22668
   21485
   19685
   18716
   17743
   16192
   14963
   13277
   11718
    9979
    8502
    7299
    6099
    5159
    4328
    3605
    3084
    2472
    2026
    1534
    1185
     927
     772
     587
     440
     346
     324
     266
     244
     215
     189
     205
     199
     180
     183
     191
     172
     161
     180
     182
     165
     155
     173
     175
     161
     146
     156
     142
     168
     165
     180
     162
     169
     166
     150
     153
     191
     165
     159
     168
     175
     157
     153
     166
     166
     190
     170
     180
     173
     177
     212
     209
     198
     174
     214
     189
     190
     204
     191
     221
     213
     201
     214
     247
     222
     241
     262
     236
     246
     264
     289
     283
     283
     281
     317
     313
     328
     354
     326
     353
     364
     429
     397
     395
     428
     411
     473
     519
     520
     516
     564
     586
     573
     606
     613
     655
     639
     668
     643
     714
     749
     694
     786
     752
     813
     799
     809
     850
     880
     861
    1011
    1007
    1051
    1127
    1055
    1109
    1183
    1180
    1291
    1366
    1365
    1385
    1510
    1608
    1660
    1711
    1899
    1954
    2123
    2234
    2305
    2478
    2631
    2860
    3078
    3234
    3544
    3749
    3916
    4136
    4307
    4476
    4724
    4946
    5077
    5067
    5164
    5263
    5317
    5192
    5198
    5238
    5055
    4927
    4901
    4696
    4502
    4390
    4204
    3871
    3747
    3571
    3379
    3183
    3089
    2948
    2725
    2586
    2494
    2341
    2240
    2011
    2036
    1855
    1762
    1689
    1576
    1532
    1533
    1474
    1445
    1357
    1246
    1290
    1293
    1196
    1099
    1220
    1139
    1108
    1086
    1077
     986
    1075
    1036
    1021
     919
     959
     990
     949
     886
     828
     955
     845
     841
     848
     836
     835
     841
     845
     813
     791
     797
     803
     827
     767
     805
     791
     742
     735
     784
     726
     743
     732
     732
     720
     749
     692
     721
     726
     701
     748
     732
     722
     685
     706
     713
     684
     703
     697
     699
     739
     657
     646
     671
     663
     704
     650
     670
     623
     666
     699
     632
     630
     705
     653
     638
     627
     664
     660
     660
     673
     625
     646
     609
     655
     573
     610
     635
     648
     630
     658
     711
     640
     714
     760
     828
     908
     970
    1132
    1330
    1688
    1949
    2497
    3035
    3543
    4088
    4709
    4866
    4999
    4792
    4759
    4440
    3904
    3498
    3115
    2543
    2430
    2087
    1731
    1496
    1271
    1064
     873
     801
     667
     537
     523
     473
     467
     396
     407
     386
     397
     403
     396
     361
     390
     401
     362
     377
     415
     397
     412
     438
     412
     428
     407
     473
     497
     481
     464
     462
     479
     502
     506
     521
     583
     543
     567
     516
     591
     591
     601
     643
     665
     620
     654
     625
     648
     583
     593
     602
     557
     505
     458
     461
     438
     385
     363
     320
     318
     287
     257
     265
     250
     238
     226
     248
     237
     183
     177
     235
     207
     203
     199
     206
     199
     188
     218
     210
     218
     231
     210
     218
     209
     245
     232
     219
     250
     255
     251
     281
     267
     258
     275
     261
     263
     295
     289
     294
     292
     304
     313
     339
     330
     362
     300
     328
     324
     314
     296
     301
     260
     261
     248
     212
     225
     187
     182
     203
     203
     161
     148
     139
     136
     123
     107
     122
     117
     104
     122
      99
      73
     109
     110
      91
      95
      91
     114
      86
      93
     102
      95
     115
     104
     122
     124
      95
      95
     107
      93
     107
     102
      98
     125
     111
      98
     119
     133
     114
     116
     138
     137
     140
     131
     158
     149
     163
     141
     145
     142
     155
     135
     151
     137
     135
     120
     119
     127
     118
     124
     110
     106
      99
     109
      96
     114
      93
     120
     112
     118
     126
     149
     144
     159
     140
     140
     169
     165
     165
     161
     158
     157
     142
     165
     138
     130
     116
     122
     102
      93
      88
     111
     103
     104
      74
      82
      80
      98
      86
      98
      97
      88
      85
      86
      91
     107
      87
      93
      87
      87
     104
     103
      96
      92
      94
     100
      96
      99
      96
     102
      90
      78
      86
     113
      77
     100
      79
      95
      94
      72
      95
      97
      88
      98
      79
      82
      95
      97
     113
      82
      83
     125
      92
      93
      95
     100
      83
     116
     109
      94
      98
     109
     115
     108
     111
     104
     103
      99
     101
     102
     105
      97
     104
     105
     120
     106
      96
      72
      86
      84
      96
      75
      80
      82
      76
      72
      73
      83
      64
      68
      83
      81
      72
      62
      73
      67
      69
      73
      74
      65
      71
      70
      67
      53
      56
      59
      58
      59
      59
      66
      49
      75
      72
      82
      74
      82
      85
      83
      80
      80
      69
      99
      76
      84
      94
     101
      84
      89
      69
      77
      70
      74
      67
      70
      71
      62
      65
      46
      60
      62
      60
      61
      61
      56
      61
      70
      52
      54
      55
      58
      56
      62
      58
      58
      73
      54
      55
      51
      60
      53
      39
      57
      57
      57
      49
      54
      56
      61
      54
      54
      36
      58
      63
      56
      50
      55
      52
      51
      51
      40
      41
      53
      50
      59
      41
      45
      37
      50
      49
      44
      38
      40
      44
      35
      44
      52
      40
      43
      43
      38
      50
      64
      56
      60
      64
      63
      49
      67
      59
      52
      65
      63
      57
      57
      41
      61
      40
      37
      38
      41
      50
      33
      27
      43
      41
      36
      31
      36
      31
      38
      30
      25
      39
      19
      26
      25
      35
      32
      36
      21
      23
      29
      33
      32
      35
      28
      27
      23
      30
      37
      28
      29
      38
      32
      41
      37
      32
      35
      27
      38
      24
      26
      33
      49
      39
      32
      29
      30
      35
      32
      38
      36
      18
      35
      18
      33
      33
      37
      30
      24
      30
      25
      35
      27
      28
      29
      14
      27
      30
      21
      22
      31
      12
      31
      23
      22
      22
      21
      22
      21
      28
      18
      34
      22
      25
      27
      24
      25
      26
      25
      17
      24
      23
      23
      25
      21
      25
      25
      19
      28
      28
      30
      20
      32
      30
      24
      23
      13
      19
      31
      23
      20
      26
      19
      23
      26
      20
      27
      16
      24
      20
      24
      22
      18
      20
      19
      26
      16
      19
      20
      24
      20
      24
      23
      24
      24
      15
      16
      19
      26
      22
      33
      24
      19
      26
      35
      23
      29
      30
      20
      29
      22
      24
      28
      33
      24
      25
      22
      17
      32
      30
      30
      23
      15
      26
      24
      22
      26
      18
      25
      20
      28
      21
      28
      23
      22
      16
      24
      16
      20
      25
      17
      26
      26
      33
      26
      20
      22
      23
      22
      23
      22
      24
      21
      14
      27
      16
      29
      26
      15
      24
      27
      24
      15
      14
      24
      21
      27
      19
      27
      20
      25
      25
      30
      24
      27
      22
      23
      22
      16
      24
      24
      28
      21
      16
      20
      29
      21
      25
      21
      28
      22
      21
      23
      19
      29
      20
      21
      16
      16
      21
      25
      26
      22
      18
      26
      15
      14
      26
      27
      29
      20
      13
      20
      17
      21
      21
      19
      23
      18
      26
      24
      20
      22
      23
      19
      25
      13
      21
      28
      20
      20
      19
      20
      19
      22
      12
      24
      23
      21
      20
      23
      27
      19
      27
      21
      22
      12
      17
      18
      23
      20
      24
      19
      31
      30
      16
      28
      20
      14
      21
      30
      21
      18
      19
      15
      15
      19
      28
      19
      13
      21
      17
      20
      22
      13
      24
      19
      17
      26
      22
      17
      17
      19
      21
      19
      18
      30
      24
      22
      17
      11
      17
      19
      16
      15
      16
      22
      13
      23
      15
      17
      20
      25
      23
      26
      25
      22
      17
      25
      16
      18
      18
      22
      26
      25
      24
      18
      23
      18
      28
      27
      25
      25
      24
      17
      25
      25
      18
      25
      24
      28
      25
      32
      25
      20
      13
      13
      22
      19
      10
      19
      18
      22
      30
      27
      24
      18
      10
      25
      16
      20
      22
      24
      20
      25
      21
      17
      17
      23
      15
      27
      21
      16
      24
      20
      15
      24
      23
      16
      21
      24
      27
      29
      17
      28
      27
      31
      20
      24
      22
      21
      21
      21
      26
      26
      21
      29
      25
      13
      23
      25
      25
      26
      25
      19
      24
      16
      16
      27
      17
      20
      28
      18
      25
      24
      30
      25
      37
      25
      28
      28
      27
      38
      27
      26
      44
      25
      25
      31
      32
      16
      19
      15
      27
      26
      15
      17
      18
      21
      27
      25
      21
      28
      17
      19
      21
      21
      21
      26
      24
      24
      16
      25
      22
      11
      18
      20
      18
      17
      20
      20
      16
      16
      21
      14
      18
      20
      17
      15
      22
      24
      27
      30
      20
      19
      26
      29
      22
      17
      19
      14
      23
      22
      22
      22
      24
      18
      19
      18
      16
      25
      24
      13
      19
      18
      22
      26
      21
      20
      31
      15
      24
      13
      14
      22
      24
      26
      22
      14
      25
      18
      19
      24
      18
      21
      19
      26
      17
      24
      26
      20
      26
      23
      24
      20
      27
      22
      16
      23
      19
      17
      17
      16
      33
      20
      21
      19
      26
      28
      31
      24
      21
      20
      17
      22
      29
      19
      31
      18
       9
      20
      19
      22
      30
      15
      16
      18
      16
      24
      17
      23
      16
      23
      15
      13
      15
      23
      22
      27
      18
      22
      18
      21
      25
      27
      22
      23
      22
      20
      18
      24
      27
      15
      18
      28
      24
      15
      16
      15
      17
      21
      24
      20
      20
      19
      27
      23
      20
      21
      25
      20
      16
      20
      28
      24
      13
      12
      19
      19
      23
      21
      30
      24
      30
      17
      14
      11
      19
      26
      21
      18
      22
      17
      27
      23
      29
      23
      21
      19
      22
      17
      26
      27
      22
      25
      23
      25
      15
      27
      32
      22
      16
      36
      18
      18
      26
      23
      19
      25
      41
      24
      28
      24
      28
      22
      13
      22
      17
      23
      26
      21
      15
      17
      27
      15
      19
      15
      23
      22
      33
      29
      25
      20
      21
      20
      22
      19
      20
      22
      24
      22
      27
      20
      17
      14
      22
      19
      31
      24
      17
      27
      22
      28
      17
      21
      23
      28
      22
      26
      17
      22
      30
      29
      38
      34
      29
      24
      30
      31
      34
      30
      37
      29
      30
      21
      29
      30
      22
      19
      24
      32
      22
      19
      25
      20
      23
      24
      21
      24
      18
      21
      31
      19
       0
       0
       0
       0
       0
       0
       0
       0
       0
       0
       0
       0
       0
       0
       0
       0
       0
       0
       0
       0
       0
       0
       0
       0
       0
       0
       0
       0
       0
       0
       0
       0
