       0
       0
       0
       1
       0
       0
       0
       0
       0
       0
       0
       0
       0
       0
       0
       0
       0
       0
       0
       0
       0
       0
       0
       0
       0
       0
       0
       0
       0
       0
       0
       0
       0
       0
       0
       0
       0
       0
       0
       0
       0
       0
       0
       0
       0
       0
       0
       0
       0
      13
     289
     273
     300
     289
     264
     318
     281
     281
     270
     276
     273
     308
     273
     313
     296
     308
     304
     336
     293
     277
     327
     302
     340
     376
     371
     376
     412
     436
     434
     444
     484
     540
     587
     717
     779
     860
    1058
    1343
    1702
    1670
    1314
     871
     602
     411
     366
     283
     278
     286
     307
     314
     343
     356
     407
     437
     534
     655
     767
     673
     721
     759
     767
     857
     964
    1070
    1352
    1705
    2243
    2549
    3028
    3293
    3691
    3819
    4063
    4532
    5120
    6076
    7760
   11398
   18991
   29939
   39613
   39737
   30505
   18778
   10144
    4793
    2372
    1580
    1239
    1199
    1199
    1293
    1421
    1590
    2122
    2989
    5079
    8011
    9145
    8046
    6263
    4692
    3384
    2178
    1387
     749
     437
     302
     238
     204
     220
     196
     188
     218
     195
     235
     223
     206
     211
     190
     213
     234
     188
     193
     198
     224
     196
     221
     199
     222
     204
     225
     247
     217
     245
     240
     238
     257
     250
     254
     252
     282
     318
     263
     270
     266
     284
     254
     265
     238
     273
     285
     277
     257
     280
     289
     298
     268
     323
     318
     295
     279
     339
     320
     338
     346
     325
     362
     402
     417
     458
     498
     536
     749
    1067
    1300
    1209
     914
     630
     453
     354
     314
     288
     313
     305
     305
     268
     291
     314
     354
     350
     309
     308
     318
     335
     343
     353
     347
     394
     409
     454
     452
     451
     466
     493
     575
     529
     661
     803
     945
    1241
    1385
    1341
    1131
     910
     697
     577
     478
     500
     498
     496
     493
     482
     518
     514
     552
     584
     650
     779
     800
     778
     681
     619
     564
     466
     440
     409
     376
     375
     361
     346
     375
     409
     368
     394
     414
     409
     385
     401
     423
     361
     403
     440
     386
     383
     382
     384
     426
     403
     460
     385
     400
     385
     407
     417
     398
     484
     492
     494
     506
     419
     435
     417
     417
     423
     454
     479
     498
     572
     587
     726
     741
     842
    1003
    1109
    1367
    1963
    2430
    2794
    3038
    4076
    6762
   11649
   16101
   15477
   11537
    6959
    3452
    1479
     657
     377
     301
     260
     247
     276
     262
     254
     263
     267
     262
     263
     217
     212
     217
     189
     169
     169
     185
     191
     194
     228
     193
     165
     186
     196
     185
     194
     193
     175
     182
     181
     151
     150
     178
     172
     184
     209
     152
     202
     199
     198
     178
     210
     185
     197
     197
     192
     211
     204
     206
     184
     236
     172
     176
     215
     211
     192
     179
     216
     221
     202
     211
     208
     203
     185
     196
     223
     200
     215
     213
     189
     208
     204
     186
     217
     216
     212
     202
     207
     227
     238
     232
     218
     222
     225
     220
     195
     206
     210
     242
     205
     220
     204
     192
     208
     198
     193
     233
     228
     263
     223
     207
     208
     194
     233
     228
     232
     246
     234
     227
     295
     280
     305
     306
     314
     291
     369
     373
     378
     432
     492
     553
     707
     840
     998
     905
     765
     513
     317
     249
     204
     206
     174
     201
     194
     228
     226
     228
     243
     267
     298
     345
     350
     303
     275
     242
     207
     208
     171
     182
     161
     135
     154
     132
     169
     149
     150
     144
     148
     139
     147
     146
     169
     140
     138
     132
     139
     138
     134
     158
     157
     150
     137
     152
     166
     171
     166
     137
     158
     169
     178
     168
     155
     166
     166
     158
     177
     141
     159
     150
     168
     176
     149
     173
     147
     160
     134
     176
     179
     158
     169
     162
     182
     170
     152
     136
     146
     169
     139
     157
     171
     180
     183
     164
     184
     157
     176
     164
     195
     190
     170
     188
     155
     160
     159
     171
     170
     178
     169
     172
     181
     201
     166
     186
     170
     186
     171
     193
     182
     165
     164
     184
     180
     204
     188
     162
     204
     198
     177
     185
     188
     212
     180
     196
     207
     185
     207
     190
     157
     201
     178
     189
     188
     195
     167
     193
     185
     190
     172
     179
     168
     200
     201
     209
     198
     193
     180
     199
     207
     196
     214
     194
     206
     212
     217
     201
     199
     225
     224
     220
     205
     207
     221
     210
     232
     198
     203
     229
     242
     206
     214
     212
     201
     207
     209
     235
     233
     214
     221
     210
     212
     199
     202
     246
     209
     214
     237
     204
     219
     220
     203
     243
     237
     178
     207
     222
     229
     257
     312
     342
     399
     432
     439
     359
     315
     248
     209
     224
     239
     211
     195
     201
     187
     207
     215
     215
     202
     187
     179
     179
     184
     196
     178
     200
     188
     192
     189
     222
     204
     195
     219
     195
     174
     178
     179
     189
     158
     189
     165
     183
     217
     202
     191
     197
     162
     190
     179
     225
     167
     163
     191
     192
     184
     205
     166
     168
     179
     183
     193
     183
     188
     162
     189
     193
     182
     170
     165
     197
     202
     175
     180
     164
     188
     197
     178
     212
     181
     208
     181
     186
     160
     179
     159
     176
     174
     194
     153
     154
     187
     191
     166
     189
     178
     188
     181
     166
     185
     182
     181
     185
     173
     189
     185
     194
     149
     193
     164
     172
     180
     194
     170
     189
     178
     195
     167
     154
     187
     167
     172
     163
     170
     166
     206
     161
     218
     213
     179
     180
     180
     216
     199
     175
     197
     193
     186
     169
     173
     186
     187
     162
     187
     183
     167
     178
     186
     195
     178
     162
     172
     160
     157
     192
     176
     153
     164
     162
     154
     150
     170
     160
     169
     169
     179
     160
     160
     186
     163
     150
     155
     164
     147
     185
     153
     163
     138
     143
     161
     149
     187
     173
     173
     172
     150
     159
     176
     162
     174
     148
     176
     175
     146
     156
     182
     146
     150
     163
     156
     151
     144
     143
     144
     145
     136
     150
     137
     132
     141
     122
     118
     135
     121
     124
     145
     121
     129
     130
     131
     125
     123
     122
     123
     125
     123
     114
     117
     138
     132
      96
      92
     111
     101
      87
     131
     120
     111
     129
      98
     136
     128
     101
     111
     112
     113
      90
     103
     112
      97
     112
     105
     102
     114
     110
     113
      96
     134
     130
      84
      99
     122
     122
     121
     111
     109
     121
     138
     165
     151
     180
     167
     147
     127
     117
     107
      86
     111
     101
     115
      96
      85
     100
      98
      83
     113
      90
      83
     101
     100
      80
      87
      83
      82
      87
      74
     102
      81
     109
      85
      86
      93
      90
      94
      85
     101
      96
      79
      83
      93
      85
      90
      72
      72
     101
      86
      91
      79
      83
      88
      88
      77
      86
      90
      72
      71
      91
      99
      81
      73
      75
      77
      92
      67
      73
      68
      64
      75
      84
      62
      62
      91
      81
      86
      72
      61
      67
      77
      76
      76
      77
      63
      78
      69
      65
      68
      63
      60
      57
      68
      51
      66
      74
      57
      64
      70
      58
      62
      68
      61
      56
      80
      73
      64
      66
      60
      60
      49
      47
      58
      69
      59
      78
      60
      59
      58
      65
      59
      57
      65
      46
      66
      53
      51
      79
      58
      65
      68
      55
      58
      55
      59
      53
      67
      66
      69
      51
      58
      53
      47
      60
      66
      74
      49
      55
      56
      48
      56
      50
      52
      41
      67
      49
      42
      53
      46
      44
      62
      62
      47
      56
      53
      54
      53
      48
      58
      44
      38
      43
      44
      53
      52
      48
      54
      47
      38
      53
      43
      37
      48
      47
      50
      55
      48
      60
      46
      49
      49
      64
      37
      36
      48
      43
      42
      40
      33
      46
      59
      57
      42
      49
      43
      58
      46
      38
      38
      45
      50
      47
      62
      42
      61
      57
      63
      59
      77
      85
      73
      83
     126
     167
     195
     392
     571
     852
     971
     886
     726
     456
     280
     152
      81
      54
      59
      41
      43
      43
      42
      38
      42
      44
      41
      40
      42
      47
      41
      48
      48
      42
      45
      36
      35
      47
      44
      34
      41
      33
      39
      41
      23
      38
      40
      40
      36
      49
      37
      39
      35
      49
      38
      33
      47
      34
      37
      30
      32
      33
      41
      47
      45
      34
      31
      40
      29
      43
      37
      34
      42
      31
      33
      42
      47
      34
      35
      52
      39
      36
      45
      41
      27
      39
      37
      35
      36
      31
      32
      40
      47
      31
      31
      30
      36
      54
      47
      54
      45
      45
      34
      38
      46
      51
      59
      61
      70
      86
      81
      81
      99
     125
     107
     152
     193
     309
     428
     729
    1258
    1864
    2093
    2033
    1718
    1143
     726
     359
     164
     110
      53
      48
      41
      41
      45
      52
      56
      66
     108
      86
     133
     126
     119
      71
      77
      60
      45
      44
      28
      28
      33
      21
      25
      42
      32
      44
      36
      49
      46
      49
      47
      40
      53
      34
      29
      28
      27
      32
      32
      32
      30
      29
      31
      27
      34
      34
      33
      39
      31
      24
      21
      23
      39
      21
      27
      37
      34
      44
      30
      29
      27
      30
      25
      20
      28
      23
      17
      30
      40
      19
      32
      24
      30
      26
      31
      39
      36
      26
      33
      31
      33
      41
      37
      33
      37
      29
      33
      17
      27
      30
      28
      30
      24
      28
      37
      24
      21
      36
      32
      34
      32
      39
      22
      34
      34
      38
      34
      43
      36
      44
      56
      62
      50
      50
      60
      46
      56
      64
      79
     109
     141
     188
     211
     263
     243
     182
     128
      91
      64
      46
      50
      43
      50
      35
      40
      37
      44
      51
      61
      63
      69
      80
      57
      66
      39
      38
      33
      27
      26
      28
      25
      23
      26
      30
      32
      19
      35
      20
      26
      25
      19
      30
      27
      32
      31
      26
      19
      22
      17
      31
      29
      26
      26
      26
      30
      23
      23
      28
      25
      35
      24
      24
      30
      33
      20
      28
      28
      25
      40
      33
      28
      28
      32
      34
      26
      32
      34
      40
      37
      36
      51
      67
     100
     111
     132
     138
     190
     221
     261
     287
     329
     475
     630
    1041
    1700
    2870
    4313
    5699
    5878
    5230
    3898
    2330
    1317
     637
     295
     141
      91
      39
      34
      29
      29
      29
      18
      17
      20
      26
      18
      21
      19
      21
      30
      24
      22
      25
      23
      18
      33
      21
      26
      17
      32
      26
      25
      26
      33
      32
      38
      23
      25
      30
      30
      40
      29
      26
      27
      33
      27
      32
      29
      27
      25
      34
      21
      27
      36
      24
      41
      32
      28
      28
      29
      29
      23
      28
      30
      36
      25
      21
      32
      32
      28
      33
      28
      41
      25
      18
      27
      34
      30
      39
      30
      36
      24
      40
      47
      47
      47
      38
      38
      43
      33
      36
      21
      22
      32
      19
      27
      29
      33
      42
      37
      40
      52
      43
      52
      67
      60
      78
      85
     101
     148
     191
     288
     484
     678
     848
     897
     824
     623
     427
     279
     175
     133
     140
     176
     245
     295
     405
     477
     458
     390
     262
     165
     104
      70
      53
      39
      31
      34
      24
      41
      44
      50
      72
      98
     105
     114
     107
      92
      78
      67
      38
      24
      22
      20
      18
      10
      10
      10
       7
      10
      11
      10
      15
      10
      10
       9
       8
      14
       9
      15
       9
      10
      10
       6
       9
       9
      14
      15
      10
       5
      13
      12
       8
      10
       9
       7
      11
       9
      12
      11
      12
       9
      16
       8
       9
      11
      10
      16
      10
      15
      14
      11
      25
       9
      12
      12
      15
      16
      21
      12
      13
      13
      13
       4
       9
      11
      12
      11
      13
      13
      13
       7
       7
      15
      10
      12
      10
      18
      12
      13
      19
      23
      15
      22
      13
      22
      14
      15
      22
      26
      31
      33
      48
      37
      64
      69
      74
      63
      35
      27
      29
      20
      14
      17
      24
      19
      20
      33
      24
      35
      19
      35
      31
      33
      23
      28
      11
      21
      17
      10
      13
      16
      12
       5
      24
      10
       8
      19
      15
      12
      11
      10
      10
      19
      14
      11
      12
      11
      18
      15
       9
      12
      12
      12
      18
      10
       6
       7
      10
      15
       6
      12
       6
      12
       6
      12
       8
       7
      10
      12
       9
       9
      10
       8
       7
       8
      10
      16
      10
       8
      11
      12
      11
      12
      19
      21
      15
      18
      15
      16
      20
      17
      28
      33
      35
      60
      76
     133
     166
     230
     227
     231
     140
     103
      59
      31
      15
       7
       7
       8
       5
       2
       6
       4
       2
       7
       5
       4
       6
       3
       4
       7
       5
       5
       5
       8
       7
       2
       3
       4
       7
       3
       1
       6
       5
       3
       3
       2
       7
       5
       6
       4
       3
       9
       2
       2
       5
       7
       4
       3
       3
       4
       5
       4
       5
       4
       5
       4
       6
       2
       0
       3
       4
       3
       2
       6
       7
       5
       6
       7
       2
       4
       4
       6
       4
       3
       1
       6
       1
       5
       5
       3
       6
       5
       8
       5
       5
       1
       7
       5
       4
       6
       1
       5
       8
       1
       6
       3
       1
       1
       4
       2
       1
       7
       3
       4
       4
       5
       5
       8
       3
       3
       4
       4
       6
       8
       8
       5
       5
       8
       4
       7
       2
       6
       9
       7
      10
       5
       7
      11
      16
      11
       8
       3
       2
       6
       8
       4
       5
       6
       1
       5
       0
       2
       1
       4
       2
       4
       4
       6
       3
       2
       1
       3
       2
       1
       1
       3
       4
       1
       2
       3
       1
       0
       0
       0
       0
       0
       0
       0
       0
       0
       0
       0
       0
       0
       0
       0
       0
       0
       0
       0
       0
       0
       0
       0
       0
       0
       0
       0
       0
       0
       0
       0
       0
