       0
       0
       0
       1
     987
   91236
 4129890
 2787167
 1694647
 1586904
 1389468
 1385372
 1400435
 1422983
 1444820
 1472021
 1482517
 1501281
 1516519
 1532642
 1548674
 1562935
 1575791
 1585881
 1594071
 1602180
 1610009
 1613557
 1620642
 1626914
 1637467
 1642337
 1646761
 1649653
 1657833
 1671539
 1714806
 1756275
 1766952
 1790595
 1826397
 1856601
 1879211
 1915064
 1999769
 6001272
 5793491
 9122154
 1597731
 1473515
 1458032
 1450795
 1907490
 4882910
 2035201
 1796599
 1009600
 1000059
  992126
  985731
  979637
  974110
  969288
  963939
  957871
  950205
  945655
  939627
  933654
  928067
  921275
  916892
  909557
  900631
  896400
  887501
  886607
  879592
  868102
  861889
  853672
  848228
  839086
  833206
  826779
  818961
  814104
  806782
  800425
  793609
  787364
  782091
  776075
  769452
  764684
  758166
  751250
  745568
  739628
  733920
  727332
  721601
  716290
  711364
  705197
  698791
  691756
  688399
  682711
  675437
  670548
  664944
  658337
  652738
  647276
  641236
  633728
  629551
  622760
  617944
  611621
  605423
  600090
  594690
  587150
  581736
  578497
  571081
  565088
  560281
  553234
  549815
  545793
  540959
  535927
  529861
  526840
  520682
  514682
  511018
  507019
  502722
  498714
  494054
  491224
  485837
  483620
  479347
  476491
  472745
  475876
  465792
  464419
  459847
  457063
  452899
  450037
  448273
  444534
  442395
  439138
  437250
  435262
  432326
  429495
  426280
  426068
  422572
  419450
  417190
  417131
  414771
  411834
  409484
  408910
  406785
  404538
  401761
  399734
  398572
  395365
  395030
  393321
  391102
  390768
  389381
  389996
  383870
  383666
  381461
  378276
  377632
  375063
  375013
  372798
  370527
  367162
  368070
  365862
  364205
  362612
  361160
  359506
  357609
  355918
  353982
  353409
  352605
  349298
  348857
  346505
  344861
  343017
  343270
  339275
  336596
  335275
  334343
  332138
  330036
  329006
  332514
  329544
  324419
  322342
  320338
  319768
  317103
  315594
  314385
  311992
  311285
  309811
  307907
  306227
  304760
  303080
  301949
  299692
  299038
  297683
  295167
  292941
  290681
  290647
  288990
  288139
  286015
  284765
  282380
  282721
  279615
  278987
  277500
  275421
  273299
  272460
  270620
  269706
  267593
  267316
  264968
  263266
  262698
  261183
  259293
  256994
  256048
  254408
  254007
  252610
  251165
  248894
  248298
  246466
  244336
  244669
  242969
  241407
  239693
  237898
  236752
  236437
  234956
  232624
  231986
  230781
  228763
  228053
  225524
  224607
  224187
  223905
  221210
  220076
  218848
  217812
  217206
  215129
  213947
  212829
  211351
  210217
  209113
  208351
  206727
  206078
  203499
  203327
  202534
  201275
  199691
  198773
  197504
  196866
  195577
  194284
  193400
  192384
  191678
  196620
  220981
  231506
  199843
  187209
  184456
  182902
  181586
  180354
  179519
  178876
  177398
  177011
  176029
  175596
  173904
  173081
  172365
  170301
  170379
  169674
  168815
  167383
  166383
  165072
  164119
  162426
  162808
  160513
  160551
  158801
  158440
  158356
  157568
  156061
  155688
  154236
  153512
  152726
  152002
  150372
  150249
  148747
  147917
  147120
  146005
  146109
  148565
  145272
  143069
  142126
  141887
  141597
  139321
  138936
  138257
  137220
  136893
  136230
  134847
  134626
  134370
  133058
  136800
  137725
  131076
  130382
  129239
  127850
  127259
  127399
  126554
  125048
  124430
  124278
  123794
  123081
  122283
  120983
  120452
  120302
  118570
  118731
  117766
  117050
  116132
  116085
  115272
  114404
  114413
  112457
  112545
  111879
  111617
  110114
  109940
  108928
  108482
  108246
  107704
  107320
  106192
  105301
  104786
  104290
  104096
  102998
  102201
  101357
  101779
  100148
  100234
  100394
   99564
   98158
   98374
   96867
   97216
   95985
   95402
   95237
   94187
   93679
   93680
   92528
   92310
   92220
   91635
   90837
   89794
   89361
   88507
   88197
   87723
   87543
   86632
   86146
   85584
   86186
   84798
   84385
   83673
   83342
   83239
   82239
   82309
   81725
   80979
   80123
   80087
   79514
   79144
   78728
   78060
   77746
   77436
   76935
   76246
   75466
   75123
   74828
   74396
   74192
   74098
   73614
   72293
   72373
   71733
   71055
   70704
   70003
   69829
   69398
   69387
   68244
   68518
   67763
   67216
   66656
   66749
   66664
   66039
   65159
   64487
   64073
   63936
   63326
   63266
   63170
   62378
   61668
   61497
   60705
   60610
   60308
   60425
   59616
   58895
   58966
   58049
   58109
   57352
   57496
   56738
   56553
   56224
   56465
   55812
   54954
   54921
   54676
   54017
   54142
   53166
   52794
   52762
   52278
   52121
   51599
   51307
   50787
   50518
   51073
   50275
   49627
   49068
   48461
   48819
   47788
   47766
   48094
   46891
   46819
   46493
   46406
   46414
   45683
   45092
   45159
   44525
   43998
   43958
   43610
   43445
   43006
   42844
   42599
   41832
   41721
   41832
   41108
   41014
   40861
   41697
   42598
   40078
   39572
   39313
   38700
   38434
   38226
   37951
   37703
   37326
   36997
   36939
   36685
   36281
   36390
   36047
   35228
   35085
   35147
   34589
   34153
   34365
   33997
   33777
   33729
   33428
   32978
   32658
   32339
   32481
   32081
   31740
   31560
   31494
   31330
   31031
   32113
   31043
   30044
   30175
   29540
   29180
   28697
   28923
   28620
   28186
   28082
   27603
   27482
   27638
   26954
   26518
   27202
   26425
   26361
   25844
   25955
   25503
   25275
   25206
   24739
   24876
   24681
   24140
   24542
   23970
   23922
   23563
   23522
   23208
   23005
   22820
   22723
   22484
   22056
   21983
   21935
   21734
   21129
   21578
   21246
   20899
   20722
   20708
   20232
   20045
   20102
   19991
   19801
   19351
   19286
   19133
   18952
   18734
   18584
   18391
   17975
   17898
   17948
   17679
   17579
   17179
   17202
   16877
   17023
   17056
   16515
   16578
   16395
   16204
   16165
   15977
   15572
   15620
   15457
   15072
   15204
   15232
   14778
   14571
   14588
   14317
   14444
   14349
   13909
   13956
   13715
   13635
   13407
   13403
   13444
   14736
   14629
   13177
   12757
   12609
   12225
   12286
   12354
   12081
   12000
   11872
   11843
   11659
   11613
   11606
   11374
   11096
   11091
   11112
   10980
   10679
   10777
   10814
   10462
   10343
   10148
   10132
   10076
    9769
    9884
    9690
    9748
    9411
    9545
    9369
    9208
    9036
    9062
    8977
    8858
    8966
    8662
    8763
    8610
    8480
    8384
    8275
    8013
    8092
    7985
    7956
    7936
    7783
    7828
    7609
    7627
    7609
    7444
    7418
    7478
    7267
    7229
    7290
    7043
    6956
    6864
    6864
    6583
    6877
    6540
    6583
    6393
    6457
    6482
    6639
    7013
    6452
    5972
    5961
    5785
    5659
    5668
    5531
    5458
    5439
    5354
    5278
    5104
    5092
    5030
    5041
    5042
    4862
    4832
    4761
    4884
    4667
    4577
    4546
    4513
    4459
    4480
    4702
    4315
    4176
    4169
    4167
    4192
    4113
    4006
    4010
    3941
    3839
    3843
    3865
    3712
    3694
    3577
    3630
    3660
    3544
    3565
    3382
    3340
    3310
    3331
    3316
    3332
    3235
    3218
    3122
    3083
    3111
    3115
    3036
    3016
    3012
    2943
    2879
    2825
    2691
    2783
    2718
    2735
    2731
    2681
    2544
    2564
    2531
    2483
    2542
    2500
    2306
    2434
    2427
    2327
    2300
    2279
    2331
    2155
    2315
    2281
    2600
    2542
    2307
    2057
    2064
    2184
    2160
    2066
    2031
    1935
    1947
    1923
    1950
    1911
    1935
    2020
    1931
    1925
    1825
    2015
    2037
    1797
    1795
    1833
    1722
    1745
    1664
    1816
    1675
    1646
    1639
    1656
    1613
    1547
    1647
    1570
    1523
    1550
    1514
    1509
    1509
    1519
    1482
    1503
    1453
    1460
    1480
    1471
    1503
    1502
    1557
    2211
    8332
   14503
    8086
    2507
    1286
    1248
    1207
    1269
    1180
    1179
    1105
    1109
    1181
    1115
    1099
    1133
    1194
    1118
    1066
    1050
    1060
    1040
    1053
    1158
    1149
    1078
    1115
    1058
    1011
    1052
    1120
    1247
    1179
    1096
    1038
     960
    1023
     928
     924
     915
     981
     917
     910
     900
     909
     864
     909
     903
     919
     902
     908
     926
     872
     827
     776
     799
     809
     805
     762
     765
     757
     778
     764
     705
     730
     730
     775
     719
     695
     673
     711
     711
     662
     641
     689
     687
     738
     763
     739
     683
     785
     893
     869
    1106
    1464
    1141
     777
     653
     661
     610
     619
     624
     593
     579
     600
     558
     614
     603
     621
     565
     593
     626
     652
     603
     578
     543
     567
     578
     612
     564
     534
     496
     519
     533
     481
     480
     517
     498
     458
     430
     474
     493
     464
     466
     426
     467
     490
     527
     532
     484
     447
     425
     445
     422
     436
     444
     392
     409
     441
     420
     401
     419
     419
     385
     386
     417
     408
     410
     360
     325
     341
     371
     401
     383
     381
     345
     334
     328
     352
     338
     299
     338
     339
     333
     324
     384
     312
     370
     365
     444
     623
     534
     399
     306
     334
     304
     314
     283
     330
     290
     295
     266
     295
     293
     281
     277
     336
     286
     286
     296
     346
     951
    1741
    1362
     686
     316
     262
     258
     235
     236
     283
     291
     260
     278
     251
     242
     274
     283
     237
     244
     251
     251
     239
     241
     223
     243
     277
     252
     236
     253
     243
     224
     203
     247
     258
     246
     219
     198
     197
     249
     211
     203
     210
     219
     217
     224
     222
     207
     224
     237
     241
     223
     233
     267
     351
     382
     265
     220
     204
     209
     207
     212
     204
     217
     187
     187
     223
     225
     183
     181
     221
     202
     219
     208
     179
     230
     186
     194
     172
     191
     202
     202
     197
     203
     189
     219
     198
     194
     201
     203
     164
     195
     189
     183
     195
     180
     188
     200
     162
     203
     165
     166
     204
     181
     217
     159
     186
     181
     171
     192
     179
     190
     171
     172
     175
     149
     170
     181
     160
     184
     172
     185
     189
     155
     161
     165
     177
     163
     165
     164
     170
     156
     169
     160
     167
     153
     159
     166
     172
     153
     167
     143
     140
     136
     154
     141
     124
     138
     145
     154
     150
     140
     156
     162
     154
     137
     167
     141
     136
     135
     147
     143
     162
     125
     143
     161
     157
     131
     131
     143
     129
     126
     127
     121
     137
     133
     136
     140
     128
     129
     120
     129
     147
     148
     151
     140
     149
     140
     112
     147
     129
     111
     125
     135
     128
     122
     118
     126
     126
     130
     141
     125
     120
     149
     137
     141
     139
     111
     103
     135
     132
     152
     125
     152
     229
     413
     398
     272
     176
     156
     128
     127
     122
     148
     184
     226
     198
     165
     123
     154
     118
     137
     136
     127
     120
     119
     121
     139
     120
     136
     108
     121
     133
     128
     130
     127
     114
     128
     118
     113
     123
     127
     136
     112
     140
     134
     120
     125
     116
     127
     137
     136
     136
     119
     140
     134
     133
     132
     134
     134
     136
     137
     139
     149
     131
     110
     144
     179
     373
     514
     416
     259
     139
     138
     133
      96
     127
     125
     118
     131
     119
     118
     137
     126
     140
     110
     117
     119
     119
     122
     123
      94
     122
     139
     138
     126
     133
     125
     129
     138
     129
     103
     127
     121
     108
     136
     119
     139
     122
     105
     135
     133
     142
     136
     147
     121
     119
     111
     114
     126
     123
     123
     123
     127
     132
     148
     167
     147
     140
     139
     113
     126
     150
     117
     148
     147
     124
     131
     141
     130
     153
     155
     137
     159
     143
     133
     150
     153
     141
     145
     160
     151
     139
     143
     132
     149
     170
     135
     137
     153
     152
     136
     141
     147
     148
     134
     139
     150
     146
     127
     156
     128
     128
     143
     136
     137
     138
     145
     159
     127
     138
     122
     103
     107
     128
      97
     102
      90
      91
     103
      84
     103
      88
      97
      99
      84
      76
      82
      94
      90
      99
     104
      81
      89
      81
      87
      69
      96
      85
      87
      88
      82
      83
      81
      80
      85
      84
      81
      75
      70
      75
     135
     192
     136
     133
      89
      82
      58
      74
      59
      54
      78
      58
      64
      45
      64
      62
      62
      54
      58
      55
      53
      65
      53
      49
      43
      48
      47
      41
      46
      48
      49
      39
      45
      37
      42
      38
      37
      33
      39
      33
      32
      34
      37
      25
      41
      34
      27
      40
      33
      33
      25
      26
      28
      24
      29
      17
      24
      30
      25
      19
      23
      25
      27
      27
      29
      24
      20
      22
      20
      30
      20
      16
      22
      35
      21
      30
      21
      23
      20
      21
      22
      33
      20
      25
      28
      21
      11
      27
      23
      37
      18
      25
      22
      25
      23
      24
      32
      18
      33
      37
      37
      31
      48
      76
     195
     888
    1562
    1481
     964
     415
      97
      25
      11
       6
       4
      13
       7
      11
      14
      14
       7
       8
       5
       9
      10
       4
      18
      11
      11
      15
      15
       5
      13
       7
      12
       7
      12
      17
      16
       6
       6
       7
      10
      13
      14
      10
       5
       7
       8
      12
      12
       4
      10
       9
      12
       7
      12
       9
      14
       7
       8
      10
      12
       7
       6
      13
       9
       6
       7
       7
      15
       8
      11
      11
       8
      10
       9
      10
       8
      14
       7
       9
       8
      14
       6
      15
       9
      15
      11
       9
      15
      10
      10
       8
      11
       4
      12
       9
       8
      12
      10
       8
      10
      12
       6
      16
       4
       9
      11
      13
       6
       6
      13
       7
       3
      15
      11
      10
      15
      10
       8
       9
       6
       4
      11
       8
      10
       8
       8
      12
      10
      12
       9
       3
      18
      11
       7
      10
      11
      10
       8
       8
       9
       2
       7
       8
       7
       2
       7
       5
       7
       6
      10
       3
       8
       6
      13
      10
       9
      12
      12
       5
       4
      13
       7
       7
       6
       9
       8
       9
       9
      11
      11
      10
       3
       9
       4
       7
      11
       6
       7
      12
       7
      10
       8
       7
       2
       8
       5
       8
      12
       3
       9
       9
      11
       7
       8
      10
       8
      11
       9
      12
       5
      13
       9
       8
       7
      11
      11
      10
       7
       8
       7
      10
       2
       9
       9
       5
       9
       8
       9
       9
       6
       7
       9
      12
       9
       3
       6
      13
       5
       4
       7
       7
       8
      12
      11
      10
       6
       9
       8
      10
       8
       8
       7
      12
       5
       5
      11
       6
      12
      10
       5
       6
       9
       6
       8
       6
      10
       5
       5
       6
       3
       5
      11
       9
       4
       9
      10
       8
       6
       4
       8
      10
      12
      12
       8
       7
       7
       4
       6
      13
      13
       9
       7
       4
       5
       8
       3
      10
      12
       5
       9
       7
       9
       3
      11
       6
       9
      13
       8
       7
      10
       9
       3
       8
       6
       6
       5
       7
       9
      13
       7
       5
      11
      12
       4
      12
       7
       9
      13
       4
       8
       4
       5
       6
       2
       8
       9
       9
      11
       6
      11
      11
      11
       3
       5
      13
      12
       9
       9
       6
       6
       8
       6
       6
       4
       8
       7
       4
       6
      14
      12
       7
      12
       9
       9
       7
      10
      10
       8
       9
       9
      10
      11
       9
      12
      12
       9
      13
      15
      10
       5
       6
      15
       6
       0
       0
       0
       0
       0
       0
       0
       0
       0
       0
       0
       0
       0
       0
       0
       0
       0
       0
       0
       0
       0
       0
       0
       0
       0
       0
       0
       0
       0
       0
       0
       0
