       0
       0
       0
       0
       0
      43
    1598
     615
     720
     686
     677
     630
     598
     561
     594
     580
     572
     652
     646
     652
     826
    1396
    1248
     856
     811
    1337
    1671
    1097
     776
     755
     869
     805
     750
     721
     687
     687
     705
     713
     700
     726
     682
     757
     726
     710
     717
     729
     747
     799
     787
     766
     738
     776
     793
     757
     751
     755
     815
     827
     828
     841
     767
     800
     802
     823
     823
     836
     851
     776
     806
     724
     795
     783
     800
     822
     779
     824
     776
     792
     844
     721
     767
     795
     782
     805
     805
     848
     800
     801
     780
     747
     766
     760
     772
     748
     780
     806
     754
     793
     781
     759
     794
     762
     802
     793
     856
     743
     814
     832
     749
     759
     785
     775
     810
     781
     785
     793
     793
     810
     808
     817
     769
     757
     813
     880
     849
     851
     823
     865
     851
     864
     801
     840
     913
     919
     822
     903
     898
     952
     982
     901
     859
     940
     916
     936
     962
     942
     960
     929
     961
    1055
    1048
    1357
    3204
    5235
    3266
    1562
    2407
    7109
    7405
    3111
    1092
     812
     726
     728
     721
     703
     678
     756
     718
     754
     818
     810
     700
     717
     723
     758
     994
    1891
    3264
    2807
    1459
     830
     787
    1237
    1415
     925
     660
     502
     547
     503
     516
     485
     512
     540
     530
     538
     538
     518
     523
     508
     562
     528
     521
     461
     509
     553
     518
     516
     511
     504
     480
     506
     501
     505
     492
     534
     463
     465
     495
     475
     486
     446
     490
     518
     479
     478
     445
     496
     459
     472
     500
     461
     464
     461
     488
     521
     487
     467
     474
     488
     426
     531
     517
     487
     494
     497
     472
     501
     464
     473
     459
     525
     447
     481
     513
     561
     935
    1273
     862
     485
     420
     403
     441
     422
     451
     460
     453
     446
     424
     405
     437
     399
     464
     433
     426
     432
     431
     389
     399
     441
     408
     455
     451
     430
     429
     401
     453
     478
     477
     427
     374
     419
     418
     404
     419
     397
     389
     393
     414
     391
     373
     399
     418
     394
     378
     391
     389
     376
     397
     380
     386
     412
     388
     387
     378
     379
     382
     384
     392
     367
     379
     375
     385
     383
     392
     350
     399
     362
     370
     383
     368
     356
     367
     371
     386
     383
     381
     354
     366
     353
     341
     343
     332
     349
     373
     360
     352
     352
     380
     332
     361
     338
     367
     377
     339
     335
     354
     357
     339
     359
     371
     342
     344
     322
     379
     310
     336
     365
     337
     323
     331
     335
     323
     341
     334
     345
     359
     331
     286
     338
     360
     297
     339
     292
     317
     295
     316
     326
     311
     356
     327
     289
     323
     307
     336
     272
     299
     337
     279
     333
     282
     327
     325
     298
     295
     316
     320
     316
     288
     302
     310
     303
     299
     265
     275
     309
     286
     317
     267
     320
     290
     293
     243
     299
     305
     303
     273
     283
     259
     266
     263
     256
     310
     252
     268
     283
     300
     269
     291
     288
     274
     264
     303
     290
     259
     265
     303
     235
     291
     293
     265
     290
     256
     260
     285
     269
     275
     279
     257
     266
     271
     276
     238
     263
     297
     255
     260
     260
     233
     229
     270
     252
     242
     220
     233
     240
     247
     220
     249
     265
     244
     241
     240
     257
     249
     227
     231
     224
     236
     249
     239
     231
     221
     255
     212
     250
     219
     261
     224
     228
     227
     230
     233
     227
     237
     227
     267
     235
     249
     252
     244
     229
     226
     230
     234
     245
     230
     216
     228
     234
     232
     233
     212
     217
     251
     216
     238
     214
     186
     249
     229
     237
     238
     212
     205
     250
     202
     238
     253
     214
     206
     194
     222
     234
     234
     244
     204
     208
     213
     174
     211
     215
     197
     198
     196
     201
     219
     244
     230
     213
     190
     212
     232
     219
     220
     218
     211
     209
     176
     238
     187
     249
     202
     185
     215
     205
     211
     250
     190
     196
     157
     237
     247
     219
     215
     211
     196
     227
     230
     199
     233
     226
     217
     191
     199
     191
     191
     201
     211
     191
     219
     224
     243
     209
     207
     178
     214
     220
     208
     180
     186
     178
     207
     192
     210
     195
     203
     206
     214
     200
     207
     203
     199
     168
     204
     197
     201
     204
     212
     185
     194
     193
     219
     205
     213
     174
     194
     188
     236
     191
     218
     204
     211
     197
     190
     188
     183
     190
     203
     175
     222
     208
     190
     220
     200
     186
     190
     184
     192
     167
     165
     205
     193
     192
     200
     186
     205
     181
     167
     199
     207
     218
     188
     182
     209
     184
     194
     199
     162
     196
     204
     212
     184
     177
     178
     199
     174
     173
     181
     177
     163
     180
     200
     192
     190
     163
     184
     172
     190
     177
     195
     193
     173
     164
     172
     169
     153
     156
     180
     154
     162
     181
     169
     188
     170
     170
     182
     201
     194
     164
     196
     171
     185
     178
     174
     159
     189
     177
     177
     160
     161
     169
     180
     177
     175
     149
     188
     155
     167
     182
     194
     160
     176
     164
     173
     137
     185
     188
     193
     221
     268
     209
     185
     189
     193
     161
     153
     155
     167
     151
     182
     174
     156
     142
     156
     142
     172
     159
     156
     154
     155
     177
     177
     183
     161
     173
     153
     145
     162
     157
     147
     167
     146
     156
     162
     147
     169
     170
     163
     162
     153
     151
     154
     156
     163
     148
     136
     149
     156
     159
     155
     148
     158
     145
     166
     154
     144
     151
     181
     179
     151
     147
     174
     162
     151
     154
     144
     160
     163
     163
     141
     143
     129
     167
     145
     157
     156
     170
     156
     143
     147
     155
     150
     143
     147
     129
     140
     172
     132
     125
     151
     147
     147
     147
     140
     185
     125
     142
     147
     148
     138
     157
     141
     144
     133
     141
     146
     142
     151
     116
     143
     138
     144
     132
     161
     135
     125
     163
     143
     137
     122
     116
     152
     141
     126
     137
     144
     148
     150
     121
     127
     122
     114
     111
     126
     143
     114
     146
     134
     139
     142
     143
     135
     114
     145
     119
     135
     115
     117
     150
     142
      98
     116
     134
     134
     132
     150
     155
     129
     125
     142
     123
     110
     138
     127
     144
     124
     128
     114
     137
     126
     127
     139
     123
     134
     143
     140
     149
     107
     118
     137
     117
     124
     137
     130
     131
     131
     113
     127
     112
     129
     129
     133
     123
     124
     111
     113
     128
     110
     116
     112
     116
     117
     129
     120
     123
     119
     108
     150
     108
     129
     119
     110
     121
     134
     124
     108
     126
     107
     128
     119
     105
     115
     132
     137
      98
     121
     114
     122
     118
     122
     107
     106
     119
     105
      93
     121
     107
      90
     115
     111
     126
     128
     118
     110
      98
     109
     110
     106
     110
     113
      95
      98
     115
     120
     104
     121
     116
     107
     119
     111
     124
      93
     121
     113
      91
     118
      87
     124
      89
     102
      91
     101
     101
      92
     101
     114
     106
     102
      91
     123
     105
      92
      94
     119
     106
     105
     118
      97
     101
     106
     117
      99
     114
     108
     100
      90
     101
      96
     120
     100
     105
     116
      84
      96
      93
      88
     105
     102
     100
     110
      97
      94
      98
     103
      93
     111
     109
     103
      96
     103
     111
      98
     109
     110
     128
     145
     134
     126
      98
     134
     108
      80
      89
      83
      79
     105
     104
      88
      79
      85
      75
      89
      94
      84
      96
      78
      91
     104
      95
      84
     104
      94
      75
      99
      96
      97
      77
      84
      82
      86
      75
      89
      85
      97
      86
      84
     109
      85
     108
      93
      87
      97
      91
      84
      84
      96
      88
     103
      93
      93
      68
      85
      88
      75
      80
      83
      87
      82
      93
      85
      81
      81
      79
      82
      81
      94
      83
      80
     104
      65
      80
      83
     102
      86
      71
      84
      70
      71
      77
      77
      88
      76
      74
      82
      73
      88
      78
      76
      72
      85
      68
      75
      94
      94
      67
      89
      91
      80
      93
      84
      78
      87
      70
      92
      62
      74
      77
      81
      82
      74
      77
      73
      94
      94
      82
      68
      77
      62
      61
      72
      85
      69
      87
      70
      65
      77
      82
      80
      87
      85
      66
      61
      72
      74
      59
      78
      83
      72
      78
      60
      75
      69
      57
      62
      71
      76
      85
      75
      68
      61
      65
      58
      66
      68
      61
      72
      53
      74
      69
      59
      71
      56
      83
      81
      76
      73
      63
      66
      59
      66
      62
      82
      72
      64
      56
      70
      70
      67
      60
      61
      61
      90
      69
      69
      62
      71
      72
      72
      70
      51
      57
      76
      58
      64
      52
      68
      72
      67
      46
      72
      69
      54
      78
      98
      63
      75
      58
      74
      64
      65
      60
      62
      64
      58
      71
      64
      74
      54
      53
      51
      59
      53
      59
      66
      59
      63
      61
      68
      65
      56
      59
      66
      69
      59
      62
      61
      55
      50
      60
      62
      65
      58
      56
      52
      49
      57
      52
      53
      66
      64
      67
      50
      51
      46
      70
      67
      67
      56
      58
      66
      51
      52
      56
      54
      53
      58
      55
      49
      50
      78
      46
      57
      58
      58
      52
      56
      67
      58
      63
      59
      54
      52
      44
      60
      49
      47
      58
      55
      62
      52
      45
      50
      56
      51
      47
      59
      61
      59
      51
      63
      45
      46
      51
      61
      60
      68
      49
      55
      54
      61
      67
     127
     246
     284
     202
     106
      74
      56
      46
      51
      54
      38
      53
      49
      50
      56
      51
      43
      59
      54
      42
      52
      46
      50
      53
      51
      55
      54
      51
      45
      41
      42
      55
      63
      45
      47
      42
      55
      43
      46
      52
      50
      49
      50
      46
      45
      39
      49
      50
      46
      48
      44
      50
      61
      30
      52
      48
      43
      38
      54
      46
      50
      49
      47
      58
      52
      48
      54
      51
      49
      39
      40
      42
      38
      32
      41
      59
      40
      35
      51
      45
      48
      54
      36
      45
      31
      43
      46
      42
      46
      40
      40
      36
      37
      48
      37
      38
      28
      41
      53
      50
      39
      50
      44
      40
      36
      32
      53
      42
      46
      40
      35
      38
      46
      40
      42
      46
      40
      34
      38
      38
      36
      47
      33
      43
      37
      41
      45
      37
      53
      48
      46
      30
      36
      22
      39
      44
      35
      41
      42
      38
      45
      37
      35
      42
      36
      39
      36
      45
      44
      31
      34
      42
      45
      30
      41
      38
      34
      30
      45
      49
      40
      39
      44
      34
      37
      38
      25
      36
      32
      32
      35
      43
      38
      45
      38
      40
      31
      39
      36
      45
      42
      36
      40
      46
      30
      38
      37
      37
      34
      39
      44
      48
      36
      31
      33
      46
      28
      43
      36
      20
      38
      40
      38
      35
      26
      38
      40
      36
      29
      30
      33
      44
      34
      42
      43
      32
      31
      41
      42
      33
      32
      36
      33
      31
      35
      28
      34
      40
      38
      29
      30
      27
      32
      41
      30
      31
      27
      37
      28
      27
      25
      32
      38
      26
      30
      24
      30
      28
      37
      33
      35
      31
      20
      32
      30
      25
      27
      31
      29
      30
      28
      33
      29
      34
      29
      26
      31
      47
      34
      23
      28
      22
      43
      37
      21
      25
      27
      31
      41
      37
      23
      28
      34
      36
      41
      24
      33
      30
      36
      28
      25
      27
      25
      34
      22
      30
      31
      23
      27
      33
      24
      36
      27
      20
      34
      37
      23
      28
      34
      35
      33
      38
      33
      36
      39
      22
      31
      28
      30
      36
      27
      30
      27
      27
      39
      30
      36
      35
      27
      28
      25
      27
      27
      26
      30
      27
      25
      23
      26
      22
      21
      44
      32
      26
      35
      16
      22
      23
      30
      24
      27
      31
      31
      31
      30
      34
      21
      23
      23
      22
      28
      32
      21
      20
      28
      26
      23
      32
      22
      28
      19
      31
      22
      28
      23
      24
      29
      25
      28
      30
      24
      16
      20
      28
      28
      25
      28
      28
      25
      17
      21
      22
      19
      25
      25
      25
      17
      17
      26
      18
      20
      27
      17
      26
      18
      24
      23
      20
      26
      19
      30
      22
      17
      20
      21
      23
      28
      24
      24
      22
      21
      20
      23
      21
      17
      27
      16
      22
      21
      23
      20
      16
      16
      21
      24
      19
      24
      19
      25
      19
      25
      36
      28
      25
      25
      20
      24
      27
      30
      24
      25
      25
      29
      26
      22
      18
      16
      22
      22
      18
      26
      18
      12
      24
      19
      16
      29
      17
      22
      22
      24
      24
      29
      20
      15
      16
      21
      25
      15
      19
      22
      28
      18
      19
      18
      22
      13
      22
      12
      18
      18
      18
      18
      15
      20
      11
      20
      15
      21
      22
      20
      20
      15
      21
      22
      12
      29
      17
      26
      16
      15
      15
      23
      21
      20
      20
      17
      14
      23
      12
      24
      17
      20
      11
      15
      20
       9
      13
      19
      18
      17
      19
      17
      16
      14
      18
      15
      21
      14
      15
      22
      19
      15
      25
      20
      16
      18
      21
      14
      24
      24
      16
      25
      17
      13
      16
      18
      18
      13
      28
      10
      22
      12
      18
      12
      24
      18
      16
      21
      22
      14
      15
      19
      22
      15
      11
      19
      20
      19
      16
      14
      15
      22
      18
      17
      21
      22
      13
      16
      16
      14
      17
      13
      14
      18
      16
      22
      18
      26
      22
      12
      18
      22
      11
      17
       8
      16
      17
      16
      12
      15
      21
      12
      11
      17
      15
      15
      20
      13
      14
       8
      20
      21
      12
       0
       0
       0
       0
       0
       0
       0
       0
       0
       0
       0
       0
       0
       0
       0
       0
       0
       0
       0
       0
       0
       0
       0
       0
       0
       0
       0
       0
       0
       0
       0
       0
