       0
       0
       0
       0
       0
       0
       0
       0
       0
       0
       0
       0
       0
       0
       0
       0
       0
       0
       0
       0
       0
       0
       0
       0
       0
       0
       0
       0
       0
       0
       0
       0
       0
       0
       0
       0
       0
       0
       0
       0
       0
       0
       0
       0
       0
       0
       0
       0
       8
    1726
   22678
   20866
   18840
   16852
   15092
   13667
   12299
   11374
   10186
    9469
    8542
    7691
    7142
    6529
    6056
    5384
    5140
    4746
    4362
    3984
    3759
    3518
    3200
    2991
    2811
    2495
    2361
    2075
    1994
    1803
    1640
    1579
    1328
    1305
    1175
    1004
     928
     796
     755
     609
     539
     459
     378
     319
     281
     233
     200
     166
     119
      75
      95
      76
      63
      40
      31
      39
      31
      13
      15
      16
      10
       5
      14
       7
       6
       5
       6
       9
       9
       6
       5
       9
       4
       8
       5
       9
       7
       9
       7
      11
       5
       9
       5
       7
       3
      12
       4
       8
       5
       4
       5
       6
       7
       4
       2
       1
       2
      10
       6
       7
       7
       1
       7
       3
       1
       4
       6
       6
       5
       5
       2
       3
       3
       7
       6
       6
       7
       1
       3
      10
       5
       7
       2
       3
       5
       1
       3
       4
       2
       2
       2
       1
       2
       1
       2
       5
       8
       4
       1
       3
       4
       6
       4
       8
       7
       3
       2
       5
       2
       7
       3
       2
       6
       1
       3
       6
       6
       8
       1
       7
       2
       7
       1
       4
       2
       2
       3
       4
       4
       9
       4
       7
       2
       4
       3
       1
       2
       4
       1
       5
       4
       0
       1
       4
       7
       7
       2
       3
       4
       6
       2
       4
       7
       3
       4
       7
       2
       2
       2
       6
       6
       3
       5
       7
       6
       3
       3
       6
       5
       4
       4
       2
       3
       4
       6
       3
       2
       4
       5
       2
       6
       2
       2
       6
       7
       5
       1
       6
       7
       6
       4
       2
       1
       4
       2
       5
       4
       2
       5
       5
       2
       3
       6
       4
       3
       4
       4
       3
       5
       3
       6
       1
       6
       2
       5
       5
       3
       3
       3
       4
       4
       2
       1
       7
       2
       6
       3
       5
       3
       4
       4
       4
       5
       3
       5
       1
       5
       4
       4
       3
       2
       2
       2
       6
       3
       3
       3
       1
       4
       1
       2
       3
       3
       3
       4
       3
       6
       3
       2
       4
       3
       3
       2
       2
       4
       1
       5
       4
       2
       4
       2
       1
       2
       4
       1
       4
       1
       0
       3
       5
       3
       7
       4
       2
       3
       5
       4
       4
       1
       1
       3
       2
       4
       6
       3
       4
       1
       6
       0
       0
       6
       5
       3
       4
       3
       2
       2
       4
       3
       3
       1
       6
       1
       4
       2
       4
       4
       4
       2
       2
       3
       3
       3
       2
       5
       5
       2
       5
       3
       4
       1
      11
       2
       3
       1
       4
       2
       7
       0
       5
       3
       2
       4
       3
       3
       3
       1
       3
       4
       1
       4
       5
       6
       1
       3
       1
       6
       3
       4
       9
       3
       2
       4
      10
       7
       5
       7
       2
       2
       5
       4
       5
       6
       4
       3
       4
       7
       6
       3
       1
       4
       4
       5
       6
       4
       3
       6
      14
      10
      14
       2
       9
       7
       1
       3
       6
       9
       7
       7
       6
      10
      10
      11
      10
       4
       8
       9
      12
       5
       6
       8
      11
      12
      13
      19
      10
      14
      12
      18
      20
      14
      16
      11
      12
      14
       4
       8
      11
      14
      15
      10
      19
      17
      13
      20
      13
       8
      16
       7
      12
      10
      11
      14
       9
       8
       6
      11
       8
      10
       8
      10
       3
       6
       5
       6
       7
       7
       3
      10
      10
       3
       3
       6
       7
       8
       4
       5
       4
       6
       4
       3
       1
       4
       5
       4
       3
       3
       1
       2
       1
       2
       3
       2
       1
       4
       2
       3
       5
       4
       3
       3
       7
       3
       2
       6
       4
       4
       4
       3
       1
       5
       6
       4
       7
       2
       6
       7
       5
       6
       6
       2
      10
       3
       4
       3
       5
       3
       3
       4
       5
       9
       3
       3
       3
       7
       4
       8
       5
       6
       8
       9
       4
       7
       2
       7
       5
       8
       8
       8
      13
       9
       8
      10
      11
       9
      10
       8
       4
       8
      11
       8
      13
      11
       3
       6
       6
      10
       8
       7
       9
       8
       4
       4
       5
       4
       8
       5
       6
       5
       3
       7
       7
       6
       9
       4
       5
       4
       5
       5
       1
       6
       1
       4
       3
       3
       3
       3
       2
       6
       2
       3
       4
       3
       5
       3
       3
       3
       2
       3
       3
       1
       2
       3
       3
       3
       1
       4
       2
       3
       3
       3
       1
       2
       3
       4
       4
       1
       0
       1
       1
       1
       2
       1
       4
       1
       1
       1
       2
       3
       3
       0
       0
       0
       0
       2
       0
       2
       3
       1
       2
       1
       2
       2
       3
       1
       3
       2
       3
       6
       4
       2
       1
       1
       4
       1
       0
       2
       4
       3
       3
       2
       2
       2
       3
       1
       0
       2
       2
       0
       4
       0
       0
       4
       2
       2
       5
       1
       0
       2
       2
       2
       1
       2
       6
       2
       0
       1
       1
       1
       4
       1
       2
       1
       3
       1
       2
       2
       4
       2
       3
       6
       3
       0
       0
       1
       1
       0
       1
       2
       3
       2
       2
       4
       3
       1
       0
       1
       2
       4
       0
       4
       1
       2
       2
       1
       2
       2
       1
       1
       1
       3
       0
       2
       2
       2
       1
       2
       3
       5
       1
       5
       6
       6
       2
       2
       1
       2
       4
       4
       2
       0
       5
       1
       3
       4
       3
       1
       2
       1
       2
       1
       2
       4
       3
       4
       7
       2
       1
       4
       2
       5
       1
       4
       4
       6
       3
       4
       3
       4
       9
       3
       1
       5
       9
       8
       7
       5
       5
       7
       8
       3
       6
       6
       7
       4
       7
       5
      13
       5
      13
       9
      11
       9
      12
       6
      19
      17
      14
      20
      17
      27
      22
      29
      30
      37
      31
      32
      52
      52
      56
      56
      58
      66
      76
      80
      85
     103
      94
     121
     119
     123
     145
     149
     156
     165
     172
     170
     186
     202
     179
     206
     189
     205
     227
     189
     227
     192
     200
     194
     162
     211
     209
     204
     206
     162
     174
     164
     200
     175
     157
     138
     148
     170
     116
     101
      96
     111
     109
      94
      88
      81
      87
      73
      77
      69
      59
      68
      52
      52
      44
      50
      51
      52
      38
      31
      26
      34
      25
      20
      31
      17
      21
      20
      27
       7
      13
       9
      16
      10
       5
      12
      11
       5
       7
       9
       5
      12
       7
       7
       9
       6
       5
       9
       4
       7
      10
       5
       8
      11
       7
       8
      13
      11
      14
      10
      11
      16
      12
      10
      11
      11
      17
      17
      18
      23
      15
      22
      23
      37
      32
      27
      41
      42
      42
      43
      51
      55
      65
      79
      67
      80
      86
      87
      93
     103
      94
     108
     103
     104
     142
     122
     112
     135
     137
     149
     127
     129
     137
     141
     119
     132
     123
     137
     110
     138
     115
     124
     112
      95
     121
     109
     101
     126
     123
     105
     102
      91
      95
     105
      78
      88
      70
      75
      63
      62
      71
      63
      62
      50
      46
      43
      41
      36
      34
      43
      30
      37
      29
      13
      22
      17
      15
      22
      14
      13
      13
      17
       9
       6
       9
      10
      13
       6
      12
       8
       8
       8
       4
       5
       3
       1
       6
       5
       8
       1
       3
       3
       1
       0
       1
       2
       6
       2
       4
       0
       3
       0
       3
       1
       1
       1
       1
       2
       1
       4
       1
       2
       1
       0
       4
       3
       0
       0
       3
       1
       2
       1
       1
       4
       0
       2
       0
       1
       1
       1
       1
       2
       2
       1
       5
       1
       0
       0
       3
       1
       0
       0
       0
       3
       0
       1
       3
       1
       0
       1
       2
       0
       1
       2
       2
       2
       3
       1
       1
       0
       0
       0
       0
       1
       1
       1
       1
       1
       1
       1
       2
       2
       1
       3
       2
       1
       3
       1
       3
       2
       2
       1
       1
       2
       3
       1
       2
       1
       0
       2
       0
       0
       1
       2
       2
       1
       1
       2
       1
       0
       1
       0
       2
       1
       2
       0
       3
       0
       0
       3
       2
       2
       1
       3
       0
       3
       0
       0
       1
       2
       3
       0
       1
       0
       3
       2
       0
       0
       0
       0
       4
       0
       1
       2
       0
       0
       1
       0
       0
       1
       0
       2
       1
       3
       0
       0
       2
       2
       2
       1
       1
       1
       1
       1
       2
       2
       1
       0
       0
       1
       1
       2
       1
       1
       1
       2
       1
       2
       2
       1
       0
       2
       1
       1
       2
       4
       1
       1
       1
       4
       1
       0
       1
       0
       0
       1
       0
       1
       0
       0
       1
       3
       3
       1
       1
       0
       3
       3
       1
       1
       0
       2
       0
       0
       1
       1
       3
       1
       3
       3
       0
       2
       2
       2
       2
       1
       1
       1
       1
       0
       1
       1
       3
       0
       1
       2
       1
       2
       3
       1
       3
       2
       4
       1
       3
       3
       1
       3
       4
       1
       2
       2
       1
       1
       1
       1
       1
       0
       0
       0
       0
       0
       1
       3
       2
       4
       2
       0
       5
       1
       1
       1
       1
       3
       4
       1
       2
       2
       1
       3
       1
       1
       2
       5
       1
       1
       0
       0
       0
       2
       3
       2
       0
       2
       3
       2
       4
       0
       4
       2
       1
       0
       3
       1
       3
       1
       0
       1
       2
       0
       1
       4
       2
       2
       3
       1
       3
       4
       1
       4
       2
       0
       1
       2
       0
       2
       3
       3
       1
       0
       2
       2
       0
       1
       1
       3
       3
       0
       2
       2
       1
       2
       1
       1
       1
       2
       1
       1
       2
       1
       3
       3
       2
       1
       2
       2
       2
       0
       1
       0
       0
       4
       2
       4
       2
       0
       2
       1
       0
       1
       3
       1
       2
       0
       2
       1
       1
       0
       2
       2
       1
       2
       1
       0
       2
       1
       2
       1
       0
       1
       4
       3
       2
       3
       4
       4
       2
       1
       0
       0
       4
       1
       1
       1
       2
       0
       1
       3
       0
       2
       3
       2
       2
       2
       2
       0
       2
       2
       3
       3
       0
       1
       0
       3
       4
       4
       2
       1
       5
       2
       0
       0
       2
       1
       3
       8
       5
       3
       4
       3
       0
       2
       2
       4
       4
       2
       5
       1
       2
       1
       5
       3
       0
       3
       1
       4
       1
       4
       2
       1
       2
       2
       1
       1
       2
       3
       2
       3
       4
       3
       3
       2
       2
       1
       1
       2
       1
       4
       5
       0
       2
       1
       4
       2
       1
       3
       1
       2
       4
       3
       1
       3
       4
       4
       4
       3
       2
       3
       1
       1
       4
       5
       3
       3
       1
       2
       2
       5
       4
       3
       5
       1
       2
       2
       4
       3
       3
       4
       8
       2
       5
       5
       1
       3
       5
       4
       1
       0
       1
       5
       0
       3
       1
       3
       1
       1
       4
       1
       1
       1
       5
       2
       3
       4
       3
       2
       0
       2
       3
       1
       4
       2
       0
       3
       3
       1
       4
       2
       3
       5
       3
       3
       1
       5
       3
       4
       2
       3
       3
       1
       3
       3
       3
       3
       6
       3
       4
       4
       4
       3
       2
       1
       5
       2
       4
       3
       0
       3
       5
       2
       2
       3
       3
       1
       1
       1
       2
       3
       3
       2
       2
       4
       3
       3
       3
       4
       3
       2
       1
       7
       5
       3
       3
       5
       3
       1
       2
       3
       2
       2
       3
       2
       5
       5
       3
       4
       5
       2
       1
       5
       5
       3
       7
       1
       4
       5
       1
       3
       3
       5
       2
       5
       7
       2
       5
       3
       2
       2
       6
       1
       1
       5
       4
       2
       3
       2
       4
       4
       4
       2
       1
       1
       8
       2
       5
       1
       5
       4
       4
       4
       7
       2
       3
       6
       4
       6
       3
       4
       2
       4
       4
       9
       3
       5
       4
       2
       4
       6
       3
       1
       4
       8
       5
       4
       6
       5
       5
       4
       8
       3
       6
      12
       6
       3
       6
       5
      10
       5
       4
       5
       4
       5
       7
       6
       4
       3
       4
       4
       7
       2
       4
       7
       5
       4
       7
       7
       6
       6
       7
       3
       5
       5
       6
       4
      10
       5
       5
      10
       8
       7
       1
       6
       9
      13
       7
       5
       3
       6
      10
       4
       8
       6
       5
       9
       7
       1
       8
      11
       1
       7
       5
       6
       7
       3
       6
       5
       9
       7
      11
       4
       7
      10
       9
       9
       8
       6
       5
      10
       8
      11
       7
      13
      11
       3
       5
       8
       8
      10
       9
       9
      14
       9
      10
       6
       6
       7
       6
      12
      12
      12
      14
      17
      10
       9
      11
      11
       7
      14
       8
       4
       8
      10
      15
       8
       7
       6
      12
      15
      10
       8
       8
      10
       8
      21
      11
      14
      13
      15
      16
      13
      11
      13
      10
      16
      18
      14
      16
      19
      14
      16
      11
      18
      10
      27
      16
      16
      15
      12
      18
      20
      10
      16
      12
      15
      11
      18
      15
      20
      17
      17
      18
       9
      16
      17
      22
      28
      19
      23
      18
      21
      19
      23
      24
      25
      18
      24
      17
      25
      19
      12
      30
      22
      23
      24
      18
      23
      35
      32
      33
      32
      19
       0
       0
       0
       0
       0
       0
       0
       0
       0
       0
       0
       0
       0
       0
       0
       0
       0
       0
       0
       0
       0
       0
       0
       0
       0
       0
       0
       0
       0
       0
       0
       0
