       0
       0
       0
       0
       0
       0
       0
       0
       0
       0
       0
       0
       0
       0
       0
       0
       0
       0
       0
       0
       0
       0
       0
       0
       0
       0
       0
       0
       0
       0
       0
       0
       0
       0
       0
       0
       0
       0
       0
       0
       0
       0
       0
       0
       0
       0
       0
       0
      14
    1473
   23185
   21028
   18805
   17225
   15732
   14075
   12602
   11409
   10691
    9618
    8884
    8222
    7360
    6863
    6210
    5673
    5279
    4979
    4654
    4224
    3896
    3548
    3314
    3013
    2834
    2649
    2497
    2200
    2044
    1890
    1770
    1632
    1495
    1324
    1129
    1066
     935
     847
     713
     625
     551
     476
     433
     339
     264
     261
     212
     164
     130
     123
      91
      80
      53
      54
      43
      37
      20
      27
      15
      24
      13
       9
      10
       5
       3
      10
       2
       8
       7
       6
       1
       4
       7
       2
       5
       9
       3
       9
       1
       3
       0
       2
       3
       2
       1
       8
       5
       3
       2
       4
       0
       1
       2
       2
       2
       5
       4
       0
       2
       3
       3
       4
       0
       4
       1
       0
       3
       3
       4
       3
       1
       0
       1
       0
       4
       2
       5
       2
       4
       1
       2
       2
       4
       2
       3
       3
       4
       1
       1
       3
       2
       1
       1
       1
       1
       4
       2
       1
       1
       4
       3
       1
       2
       0
       3
       1
       3
       2
       2
       3
       2
       5
       2
       1
       4
       1
       3
       3
       2
       1
       1
       0
       2
       3
       2
       3
       0
       4
       4
       5
       3
       1
       1
       4
       6
       3
       2
       2
       1
       1
       3
       3
       2
       5
       5
       2
       1
       4
       1
       3
       0
       3
       5
       1
       3
       4
       3
       1
       3
       0
       2
       3
       1
       4
       1
       1
       2
       2
       4
       1
       2
       4
       4
       0
       1
       2
       1
       1
       0
       2
       1
       2
       2
       4
       3
       1
       0
       2
       0
       2
       5
       2
       4
       2
       1
       4
       1
       3
       0
       3
       1
       3
       3
       1
       1
       3
       2
       0
       5
       0
       2
       3
       0
       2
       2
       1
       2
       4
       0
       1
       0
       2
       1
       0
       2
       6
       2
       1
       2
       1
       2
       4
       4
       2
       2
       2
       3
       3
       2
       3
       3
       1
       6
       4
       3
       0
       1
       3
       2
       1
       2
       2
       0
       4
       3
       1
       7
       2
       2
       3
       1
       2
       0
       2
       1
       1
       2
       1
       1
       2
       3
       3
       4
       3
       1
       2
       2
       2
       5
       3
       3
       1
       3
       1
       2
       2
       1
       1
       2
       4
       0
       1
       1
       3
       4
       3
       0
       4
       2
       3
       0
       1
       2
       4
       1
       1
       0
       0
       2
       3
       1
       3
       0
       2
       5
       2
       4
       3
       3
       2
       2
       1
       1
       3
       3
       1
       0
       1
       3
       3
       2
       2
       2
       1
       1
       4
       0
       0
       3
       3
       0
       3
       2
       6
       2
       3
       2
       1
       3
       4
       0
       2
       2
       0
       1
       3
       3
       0
       0
       2
       5
       3
       2
       0
       0
       4
       1
       1
       5
       2
       1
       2
       7
       0
       3
       2
       2
       3
       3
       3
       3
       1
       1
       3
       1
       0
       2
       2
       3
       2
       1
       1
       5
       2
       1
       3
       4
       1
       6
       0
       1
       2
       5
       2
       3
       0
       1
       1
       2
       8
       1
       1
       4
       2
       0
       0
       0
       2
       3
       1
       2
       0
       2
       1
       2
       2
       1
       5
       3
       3
       1
       5
       1
       1
       1
       2
       3
       1
       4
       5
       1
       2
       1
       1
       5
       0
       1
       3
       8
       1
       4
       1
       4
       1
       2
       2
       3
       4
       3
       0
       3
       1
       1
       2
       2
       1
       2
       0
       2
       3
       0
       0
       5
       0
       2
       3
       0
       2
       1
       2
       2
       2
       0
       2
       1
       1
       1
       2
       2
       3
       0
       0
       1
       1
       5
       1
       2
       1
       0
       0
       3
       4
       0
       1
       4
       2
       2
       0
       3
       1
       2
       3
       2
       3
       2
       3
       1
       0
       5
       3
       1
       1
       1
       0
       3
       2
       2
       4
       0
       2
       1
       2
       4
       2
       4
       3
       2
       2
       2
       3
       1
       3
       4
       4
       2
       6
       1
       4
       2
       4
       1
       0
       1
       1
       1
       4
       2
       2
       0
       1
       2
       4
       2
       2
       2
       1
       1
       1
       1
       3
       4
       3
       0
       3
       0
       3
       3
       3
       4
       3
       3
       0
       3
       0
       1
       1
       0
       4
       1
       1
       2
       2
       1
       2
       2
       1
       1
       4
       0
       2
       0
       0
       1
       0
       0
       2
       0
       1
       1
       1
       0
       1
       2
       1
       0
       2
       2
       1
       0
       1
       0
       2
       1
       1
       1
       1
       0
       0
       3
       2
       2
       2
       0
       0
       1
       0
       2
       2
       0
       3
       2
       0
       1
       0
       3
       0
       0
       1
       0
       3
       3
       2
       1
       0
       1
       1
       1
       1
       1
       1
       2
       1
       3
       0
       0
       2
       2
       2
       1
       4
       0
       1
       2
       4
       1
       1
       1
       0
       1
       2
       1
       0
       1
       1
       1
       0
       0
       0
       2
       5
       1
       2
       1
       1
       1
       1
       4
       1
       0
       2
       3
       0
       2
       2
       1
       0
       0
       2
       1
       1
       1
       2
       1
       0
       0
       2
       1
       3
       1
       1
       2
       1
       2
       1
       0
       1
       0
       3
       0
       2
       1
       3
       0
       2
       1
       1
       0
       1
       1
       1
       0
       3
       2
       3
       0
       1
       2
       0
       1
       0
       1
       1
       2
       1
       3
       2
       2
       1
       1
       0
       1
       2
       3
       1
       0
       2
       0
       1
       1
       1
       1
       0
       2
       3
       2
       0
       2
       2
       1
       2
       2
       1
       0
       0
       2
       1
       2
       1
       2
       3
       2
       1
       0
       0
       2
       4
       1
       3
       2
       2
       4
       3
       1
       2
       1
       2
       3
       2
       3
       4
       1
       1
       4
       4
       2
       7
       5
       3
       2
       4
       2
       5
       2
       9
       4
       3
       6
       2
       3
       4
       5
       9
       7
       8
      11
       6
       9
       6
       9
       8
       9
       9
      10
       7
       3
      12
       8
       6
       7
       8
       7
       6
       7
       4
      10
       6
       6
       9
       9
       6
      10
       6
       7
       7
       5
       8
       6
       5
       4
       7
       7
       6
       5
       5
       6
       5
       3
       3
       2
       4
       1
       9
       3
       4
       1
       7
       1
       1
       2
       1
       1
       4
       0
       2
       2
       3
       4
       5
       2
       0
       1
       3
       1
       0
       4
       2
       1
       1
       1
       3
       3
       0
       2
       2
       1
       3
       2
       2
       1
       2
       1
       0
       3
       0
       3
       1
       0
       2
       2
       3
       3
       1
       2
       2
       7
       1
       3
       4
       3
       2
      10
       2
       4
       4
       6
       8
       4
       3
       5
       8
      10
       7
       5
       7
       8
      14
      15
      21
      15
      15
      13
      11
      17
      17
      18
      17
      15
      18
      18
      16
      10
      22
      19
      15
      10
      19
      12
       8
      11
      21
      11
       7
       6
       7
       6
      12
       9
      16
       7
       5
      11
       6
       9
       7
       8
       7
       5
       6
       5
       7
       7
       5
       6
       4
       5
       4
       3
       1
       5
       5
       4
       4
       3
       3
       1
       1
       2
       4
       0
       4
       2
       0
       6
       4
       1
       4
       3
       1
       1
       2
       1
       2
       1
       1
       1
       0
       0
       0
       0
       2
       0
       1
       4
       0
       3
       1
       1
       1
       2
       1
       2
       2
       1
       0
       3
       2
       4
       0
       1
       1
       2
       2
       0
       1
       1
       0
       0
       3
       1
       2
       0
       1
       0
       3
       0
       1
       0
       1
       1
       1
       1
       0
       0
       2
       0
       0
       1
       0
       2
       0
       1
       0
       4
       2
       0
       0
       5
       2
       0
       1
       1
       0
       1
       2
       2
       0
       1
       1
       0
       1
       1
       1
       3
       1
       0
       2
       1
       0
       1
       1
       1
       1
       2
       3
       0
       1
       1
       2
       0
       5
       0
       2
       0
       0
       0
       1
       3
       1
       1
       0
       3
       0
       0
       0
       1
       1
       0
       2
       0
       1
       1
       1
       1
       0
       1
       1
       0
       1
       2
       0
       3
       0
       0
       1
       0
       1
       1
       0
       0
       1
       2
       1
       1
       1
       2
       0
       2
       2
       2
       3
       4
       1
       0
       0
       0
       1
       1
       2
       0
       2
       3
       3
       4
       1
       1
       1
       0
       2
       2
       0
       3
       0
       0
       1
       2
       0
       1
       1
       1
       0
       1
       0
       0
       1
       1
       1
       1
       1
       2
       2
       1
       1
       0
       1
       0
       0
       2
       0
       1
       1
       1
       1
       1
       0
       1
       1
       1
       2
       0
       1
       3
       0
       3
       1
       1
       1
       2
       0
       1
       3
       0
       0
       2
       2
       1
       1
       2
       1
       1
       2
       1
       5
       1
       0
       2
       1
       0
       1
       0
       0
       1
       1
       1
       3
       2
       1
       1
       0
       3
       6
       1
       0
       1
       0
       4
       0
       2
       3
       0
       2
       0
       1
       1
       1
       0
       0
       3
       0
       1
       1
       1
       2
       4
       2
       2
       0
       1
       0
       3
       0
       1
       1
       0
       2
       2
       1
       0
       0
       2
       2
       2
       1
       0
       2
       0
       0
       1
       2
       0
       1
       2
       0
       2
       0
       0
       0
       2
       1
       0
       0
       0
       0
       2
       2
       0
       0
       2
       0
       2
       1
       1
       2
       2
       1
       0
       0
       0
       2
       3
       1
       2
       1
       1
       0
       0
       2
       1
       0
       3
       2
       0
       0
       1
       1
       1
       1
       3
       3
       2
       2
       1
       3
       1
       1
       3
       2
       0
       1
       1
       2
       0
       0
       1
       2
       1
       0
       2
       2
       1
       3
       1
       2
       1
       2
       0
       1
       3
       0
       2
       2
       1
       1
       3
       3
       0
       5
       2
       1
       0
       6
       1
       1
       1
       2
       1
       2
       0
       1
       1
       4
       1
       2
       0
       0
       1
       2
       1
       2
       2
       1
       1
       3
       2
       1
       4
       0
       0
       3
       3
       4
       2
       2
       1
       0
       1
       2
       2
       1
       2
       1
       0
       2
       2
       4
       0
       1
       0
       0
       3
       1
       0
       2
       1
       2
       1
       1
       1
       1
       0
       1
       4
       2
       2
       2
       1
       3
       2
       4
       3
       5
       1
       1
       0
       2
       0
       2
       2
       2
       0
       1
       1
       5
       3
       3
       4
       1
       3
       4
       3
       1
       3
       1
       2
       2
       2
       2
       2
       0
       1
       0
       1
       4
       3
       2
       0
       1
       2
       5
       0
       4
       3
       2
       3
       1
       2
       2
       4
       5
       0
       1
       2
       0
       2
       3
       0
       2
       1
       2
       4
       1
       1
       4
       0
       0
       1
       2
       0
       3
       1
       1
       2
       0
       4
       2
       2
       3
       1
       1
       3
       6
       1
       5
       2
       1
       4
       2
       5
       4
       3
       0
       1
       2
       1
       2
       3
       2
       1
       2
       1
       1
       0
       4
       4
       0
       5
       3
       1
       3
       1
       1
       3
       5
       1
       7
       6
       2
       3
       1
       6
       2
       1
       2
       2
       5
       1
       2
       2
       2
       2
       2
       6
       4
       2
       1
       2
       2
       3
       0
       1
       1
       6
       3
       2
       2
       4
       1
       2
       2
       3
       4
       3
       3
       1
       1
       4
       3
       2
       3
       3
       2
       2
       1
       1
       3
       0
       1
       2
       4
       2
       3
       3
       2
       4
       4
       2
       2
       3
       4
       3
       5
       3
       1
       5
       4
       0
       1
       3
       4
       3
       3
       2
       1
       3
       1
       3
       1
       5
       2
       2
       5
       3
       5
       6
       3
       3
       2
       4
       5
       5
       5
       6
       1
       4
       1
       4
       7
       3
       1
       3
       2
       0
       3
       4
       3
       5
       3
       4
       1
       3
       3
       4
       2
       5
       2
       4
       5
       6
       1
       4
       3
       6
       3
       6
       6
       5
       7
       5
       3
       5
       3
       2
       2
       8
       3
       2
       1
       6
       4
       1
       3
       4
       6
       4
       5
       6
       5
       5
       3
       4
       6
       3
       6
       4
       3
       2
       5
       4
       2
       6
       7
       4
       5
       6
       2
       5
       2
       2
       5
       5
       6
       6
      10
       4
       8
       5
       4
       3
      10
       8
       6
       2
       5
       4
       7
       9
      10
       5
       4
       7
       2
       5
       3
       4
       9
       3
       5
       7
       4
       8
       8
       3
       7
       5
       7
      11
       9
       9
       8
       3
      10
       5
       7
      10
       8
       4
       5
       9
      12
       3
       5
      10
       7
       6
       6
       8
       7
       6
       6
       7
       7
       3
       7
      10
       9
      10
      10
      11
      12
       3
      13
       9
      10
      10
       9
       7
       9
      11
       9
      16
       9
       8
      10
       9
      13
      11
      11
       6
      10
      11
       7
       9
      12
      14
      10
      16
      14
      12
      20
      13
      13
      10
      18
      10
       7
      19
      18
      12
      20
      15
       8
      16
      14
      15
      16
      11
      10
      17
      16
       6
      18
       9
      11
      12
      16
      13
      14
      18
      17
      15
      15
      24
      17
      19
      25
      27
      14
      16
      10
      20
      22
      17
      26
      23
      20
      22
      18
       0
       0
       0
       0
       0
       0
       0
       0
       0
       0
       0
       0
       0
       0
       0
       0
       0
       0
       0
       0
       0
       0
       0
       0
       0
       0
       0
       0
       0
       0
       0
       0
