       0
       0
       0
       0
       0
       0
       0
       0
       0
       0
       0
       0
       0
       0
       0
       0
       0
       0
       0
       0
       0
       0
       0
       0
       0
       0
       0
       0
       0
       0
       0
       0
       0
       0
       0
       0
       0
       0
       0
       0
       0
       0
       0
       0
       0
       0
       0
       0
      12
    1647
   22926
   21325
   19140
   17408
   15753
   14163
   12957
   11695
   10867
    9812
    8902
    8055
    7501
    6913
    6356
    5839
    5385
    4823
    4537
    4241
    3844
    3773
    3419
    3133
    2952
    2662
    2439
    2207
    2136
    1889
    1823
    1703
    1492
    1322
    1173
    1070
     957
     868
     712
     701
     604
     515
     458
     403
     308
     262
     265
     163
     162
     117
     100
      88
      70
      57
      62
      47
      48
      41
      44
      29
      28
      21
      28
      31
      26
      22
      18
      27
      17
      17
      19
      20
      18
      18
      24
      15
      20
      14
      17
      21
      17
      15
      17
      13
      20
      17
      13
      14
      19
      12
      14
      10
      17
      12
      19
      17
      19
      19
      15
      20
      14
      15
      22
      18
      10
      18
      14
      11
      14
      15
      14
      17
      17
      21
      21
       9
       8
      11
      15
      13
      14
      13
      24
      11
      15
       9
      16
      10
      14
      11
      13
      18
      12
      17
       8
      13
      10
      15
      19
      15
      16
      20
      16
      14
      10
       9
      17
      14
      13
      17
      14
       9
      11
      13
      13
      14
      13
       9
      10
       9
      13
      10
       6
      15
       7
       9
      10
      10
      13
      10
       6
       5
       7
      10
      17
      18
      12
      13
      15
      10
      14
       8
      16
      14
      16
      14
      11
      12
       8
      10
      11
       8
       7
       6
      11
      13
       9
       7
      14
       6
      14
      16
       9
      11
      10
       7
      10
       9
      12
       3
       7
       6
       8
      16
       7
      11
       8
      11
       5
      13
       8
       5
       6
      10
       7
       8
       5
       5
       6
      12
       7
       8
       9
       4
       8
       4
       9
       9
       4
       4
       8
      10
      14
       7
       4
      11
       6
      11
       9
      12
       8
       8
       5
      10
      10
       8
       6
       6
      10
       8
      10
       7
      12
       8
      11
      11
       9
      12
      14
      15
      11
       5
      14
      11
       4
      10
       8
       8
       5
      16
       8
       6
      11
       8
      12
      13
      15
      13
      14
       8
      13
      14
      12
      13
       5
       7
      13
       7
      11
      12
       9
      14
      11
       9
       7
      14
      10
      12
       5
      16
       6
      12
      11
      13
       9
      11
      10
       8
       7
      10
      12
      10
      11
       7
      11
       9
       5
      12
       7
      15
       9
      12
       8
       5
      10
       6
      10
       1
       9
       6
       6
       6
       5
      10
      11
       8
       8
       4
       5
       5
       9
      10
       9
       5
       6
      11
      11
       8
       4
       4
      12
       9
      15
      17
       6
      14
       3
       6
       9
      11
      12
      11
      10
       8
      10
       9
       9
       7
      12
      12
      14
      14
      12
       8
      14
       7
      11
       7
      11
      13
      13
      11
      18
       8
      11
      16
      16
      22
      15
      14
      17
      15
      20
      14
      15
      24
      19
      13
      17
      23
      18
      14
      21
      20
      21
      27
      26
      28
      19
      27
      24
      33
      27
      34
      29
      30
      32
      26
      26
      37
      27
      36
      32
      37
      43
      30
      33
      33
      43
      34
      39
      44
      45
      51
      56
      49
      67
      53
      58
      87
      66
      70
      66
      69
      73
      91
      76
      80
     109
      97
      83
     110
     104
     111
     117
     107
      86
     108
     106
     103
     118
     101
      96
     108
     109
      95
      87
      90
     104
     109
      80
      84
      85
      77
      65
      63
      56
      57
      48
      56
      54
      44
      46
      54
      44
      36
      43
      37
      43
      31
      27
      25
      23
      22
      26
      23
      24
      17
      23
      21
      15
      16
      13
      19
      10
      11
      17
      17
       8
      17
       9
      13
       8
       7
       7
      15
      11
      12
      15
       5
      12
       7
       9
       8
       5
       7
      17
       7
      11
      13
       7
       8
      10
      11
       7
      12
      14
      13
      12
      14
      12
      13
      12
      16
      21
      22
       7
      17
      12
      13
      16
      15
      30
      16
      23
      22
      19
      23
      21
      35
      22
      20
      34
      20
      22
      25
      22
      23
      33
      31
      32
      38
      34
      43
      31
      29
      39
      24
      33
      37
      33
      28
      38
      32
      32
      19
      34
      40
      28
      30
      22
      19
      22
      26
      22
      20
      20
      28
      26
      17
      22
      17
      13
      23
      21
      21
      18
      26
      20
      14
      11
      16
      10
      19
      16
       8
       7
      11
       9
       9
       7
      10
       5
       9
       7
       9
       8
      12
       9
       5
       9
       7
       4
       6
       3
       4
       4
       7
       6
       9
       6
       4
       5
       8
       6
       4
       7
       2
       0
       3
       5
       4
       4
       4
       5
       1
       2
       7
       1
       6
       1
       2
       4
       3
       4
       5
       2
       5
       6
       2
       1
       6
       4
       2
       4
       7
       3
       4
       4
       6
       3
       7
       4
       2
       0
       4
       4
       2
       2
       1
       4
       2
       6
       6
       7
       4
       2
       3
       6
       7
       4
       6
       6
       7
       2
       4
       5
       6
       6
       5
       5
       6
       3
       7
       7
       3
       5
       5
       6
       6
       9
       4
       1
      13
       8
       6
       5
       5
       3
       3
       6
      10
       2
       5
       7
       6
       2
       6
       5
       4
       1
       5
       5
       7
       3
       6
       3
       2
       6
      11
       9
       7
       3
      10
       7
       5
       6
       9
       4
       3
       8
       4
       5
       6
       6
       9
       7
       6
       7
       4
      10
       6
       3
       5
       6
       9
      15
       4
       6
       6
       9
       7
       9
       8
      17
      15
       7
      12
      15
       7
      20
      11
      14
       9
      18
      13
      13
      12
      13
      21
      14
      17
      14
      16
      21
      17
      14
      23
      19
      22
      23
      21
      23
      31
      24
      42
      39
      42
      36
      43
      48
      41
      39
      47
      45
      65
      47
      52
      64
      77
      55
      75
     101
     107
     109
      92
     126
     136
     136
     142
     178
     162
     205
     260
     277
     306
     329
     349
     411
     421
     433
     457
     548
     565
     663
     721
     704
     798
     885
     927
     951
    1050
    1085
    1140
    1264
    1312
    1303
    1326
    1472
    1486
    1481
    1433
    1564
    1513
    1569
    1577
    1553
    1660
    1478
    1532
    1539
    1539
    1495
    1447
    1400
    1442
    1291
    1292
    1246
    1206
    1201
    1131
    1081
    1033
    1004
     938
     896
     864
     786
     738
     720
     697
     644
     627
     530
     521
     488
     469
     431
     383
     362
     336
     315
     293
     281
     272
     222
     187
     207
     163
     163
     133
     153
      81
     104
     120
      96
      83
      77
      73
      76
      56
      65
      53
      38
      37
      44
      59
      33
      34
      34
      48
      41
      33
      39
      38
      33
      27
      39
      39
      42
      45
      41
      33
      45
      39
      46
      54
      61
      60
      79
      77
      85
      89
      85
      73
     106
     123
     120
     128
     155
     157
     178
     190
     210
     224
     219
     272
     308
     310
     317
     337
     361
     383
     383
     423
     444
     448
     487
     549
     508
     487
     535
     540
     559
     585
     557
     502
     511
     512
     589
     534
     472
     575
     505
     507
     526
     478
     468
     463
     454
     423
     429
     422
     440
     412
     415
     339
     345
     302
     307
     301
     306
     276
     275
     247
     226
     236
     214
     211
     188
     172
     180
     152
     142
     157
     117
     121
     122
     109
      94
      73
      74
      80
      67
      76
      44
      45
      47
      44
      41
      36
      25
      27
      24
      22
      11
      28
      21
      15
       7
      15
      19
      13
      10
      10
      11
       9
      13
       7
       5
       5
       2
       5
       7
       7
       6
       5
       5
       6
       0
       1
       4
       5
       2
       3
       3
       3
       2
       1
       4
       0
       3
       4
       3
       1
       0
       1
       1
       2
       1
       2
       1
       3
       1
       3
       5
       1
       1
       1
       0
       1
       3
       0
       2
       2
       0
       0
       2
       3
       1
       1
       1
       5
       3
       1
       3
       0
       1
       1
       1
       0
       1
       3
       4
       1
       3
       2
       3
       1
       0
       1
       0
       1
       2
       3
       4
       2
       2
       0
       1
       1
       2
       1
       2
       2
       1
       2
       1
       4
       1
       0
       2
       1
       1
       1
       0
       2
       0
       1
       0
       2
       3
       0
       5
       2
       1
       0
       2
       2
       5
       2
       3
       0
       2
       1
       1
       3
       1
       3
       3
       1
       1
       1
       1
       1
       2
       3
       3
       4
       3
       4
       1
       2
       2
       2
       2
       1
       1
       3
       3
       0
       3
       4
       2
       2
       1
       1
       0
       1
       2
       1
       4
       0
       0
       0
       4
       3
       1
       2
       1
       0
       0
       2
       1
       4
       2
       2
       2
       2
       0
       2
       1
       4
       2
       0
       0
       2
       0
       2
       2
       4
       2
       2
       1
       4
       1
       7
       1
       2
       1
       2
       2
       3
       1
       4
       1
       2
       2
       3
       3
       0
       4
       2
       0
       1
       4
       2
       2
       4
       2
       0
       1
       3
       1
       0
       1
       3
       4
       1
       2
       1
       1
       0
       1
       1
       4
       4
       0
       0
       4
       5
       2
       2
       3
       1
       3
       3
       3
       3
       0
       2
       2
       0
       1
       0
       1
       4
       3
       2
       1
       2
       2
       5
       4
       3
       2
       3
       1
       2
       1
       2
       1
       1
       1
       2
       1
       3
       1
       2
       0
       0
       0
       1
       1
       0
       4
       1
       2
       1
       1
       2
       2
       5
       1
       2
       0
       1
       3
       2
       0
       4
       3
       4
       2
       1
       4
       4
       2
       1
       3
       0
       2
       2
       2
       1
       2
       0
       2
       1
       2
       2
       2
       3
       4
       1
       1
       4
       5
       4
       0
       1
       1
       0
       3
       1
       0
       2
       5
       1
       2
       2
       4
       0
       2
       2
       4
       1
       1
       1
       2
       4
       2
       2
       2
       0
       2
       5
       1
       0
       2
       3
       6
       2
       1
       1
       1
       2
       3
       3
       4
       3
       5
       1
       2
       6
       4
       2
       4
       0
       1
       2
       6
       4
       4
       1
       4
       2
       3
       2
       4
       3
       1
       6
       2
       2
       1
       3
       4
       1
       3
       3
       4
       3
       0
       3
       4
       3
       4
       5
       1
       3
       2
       3
       2
       5
       1
       2
       5
       2
       1
       4
       3
       1
       6
       5
       2
       1
       5
       1
       3
       1
       2
       1
       2
       4
       2
       1
       1
       2
       3
       2
       4
       1
       3
       3
       1
       2
       0
       5
       4
       5
       5
       3
       2
       2
       5
      11
       3
       5
       1
       3
       3
       3
       1
       4
       1
       3
       4
       2
       3
       4
       3
       2
       2
       1
       3
       4
       6
       2
       0
       3
       0
       3
       1
       2
       3
       4
       2
       3
       4
       1
       0
       4
       2
       2
       3
       1
       4
       3
       2
       4
       1
       3
       4
       2
       4
       6
       4
       7
       4
       1
       3
       2
       2
       2
       4
       1
       3
       2
       2
       4
       6
       2
       5
       4
       4
       3
       6
       4
       4
       4
       1
       5
       5
       3
       7
       4
       2
       4
       6
       7
       6
       4
       6
       5
       3
       7
       4
       2
       1
       5
       0
       3
       9
       2
       5
      10
       3
       3
       6
       1
       1
       5
       2
       1
       2
       3
       1
       6
       5
       5
       5
       3
       2
       1
       5
       4
       9
       2
       6
       3
       5
       5
       7
       8
       1
       2
       4
       2
       2
       3
       5
       0
       2
       3
       3
       4
       4
       4
       6
       7
       3
       4
       4
       2
       2
       1
       3
       7
       5
       4
       1
       5
       3
       6
       7
       3
       2
       4
       3
       4
       5
       4
       2
       3
       5
       9
       7
       5
       5
       4
       3
       7
       9
       5
       1
       4
       3
       1
      10
       4
       2
       6
       3
       7
       1
       2
       5
       6
       3
       1
       3
       2
       4
       5
       5
       6
      10
       4
       1
       3
       3
       3
       5
       7
       5
       7
       5
       4
       5
       3
       7
       4
       5
       2
       0
       8
       3
       8
       5
       5
       6
       8
       6
       3
       9
       5
      14
       7
       7
       4
       8
       6
       8
       6
       4
       5
       4
       3
       9
      11
      13
       7
       8
       7
      10
       8
      11
       8
       7
       5
       7
       7
       7
       6
      10
       7
       7
       7
       6
      12
       6
      12
       5
       6
       9
       6
       5
       8
       5
      12
       7
       7
       8
       8
      10
       9
       9
      10
      10
       4
      11
      11
      11
      10
       7
      11
       9
       8
       5
       7
      11
       6
       5
       4
       7
       9
       6
       6
      12
      10
       7
      11
       8
      12
       9
       8
       9
       7
       8
      17
       7
      10
      10
       7
       7
      18
       8
       6
       7
      15
       7
      11
      19
      14
      14
      10
       9
      12
       8
      13
      21
      13
      15
      10
      17
       9
      13
       9
      12
      19
      11
      13
      16
      11
      13
      12
       9
      26
      13
      10
      11
      14
      10
      21
      15
      19
      16
      14
      14
      12
      13
      20
      17
      18
      11
      19
      12
      12
      14
      16
      21
      16
      11
      19
      15
      21
      15
      22
      19
      18
      18
      29
      19
      17
      19
      12
      18
      18
      20
      15
      27
      15
      14
      31
      33
      27
      23
      15
      22
      29
      20
      24
      26
      25
      19
      25
      24
      18
      31
      32
      30
      34
      30
      21
      35
      24
      23
      31
      32
      30
      32
      34
      23
      34
      23
      31
      36
      21
      43
      29
      30
      47
      41
      42
       0
       0
       0
       0
       0
       0
       0
       0
       0
       0
       0
       0
       0
       0
       0
       0
       0
       0
       0
       0
       0
       0
       0
       0
       0
       0
       0
       0
       0
       0
       0
       0
