       0
       0
       0
       0
       0
       0
       0
       0
       0
       0
       0
       0
       0
       0
       0
       0
       0
       0
       0
       0
       0
       0
       0
       0
       0
       0
       0
       0
       0
       0
       0
       0
       0
       0
       0
       0
       0
       0
       0
       0
       0
       0
       0
       0
       0
       0
       0
       1
       5
    1867
   23259
   21566
   19456
   17659
   15934
   14437
   13012
   11869
   10965
    9832
    9069
    8375
    7657
    7097
    6322
    6051
    5673
    5123
    4774
    4429
    4017
    3674
    3449
    3239
    2974
    2842
    2545
    2461
    2260
    2058
    1820
    1764
    1526
    1463
    1307
    1210
    1106
     988
     854
     764
     678
     571
     516
     458
     410
     340
     324
     200
     240
     189
     151
     112
     105
     118
      80
      61
      74
      60
      67
      64
      50
      61
      41
      45
      46
      41
      44
      38
      48
      39
      43
      39
      43
      40
      31
      38
      32
      38
      22
      32
      37
      41
      32
      46
      27
      24
      33
      31
      30
      28
      36
      25
      23
      22
      17
      22
      33
      27
      25
      29
      30
      18
      31
      36
      32
      24
      22
      28
      29
      26
      27
      25
      37
      29
      23
      25
      24
      19
      19
      16
      24
      28
      28
      34
      19
      24
      25
      29
      28
      21
      21
      24
      19
      20
      30
      15
      30
      27
      18
      25
      16
      19
      23
      19
      24
      19
      20
      18
      14
      18
      24
      22
      23
      15
      22
      13
      19
      20
      21
      18
      18
      16
      21
      17
      16
      15
      24
      20
      15
      18
      14
      13
      20
      14
      12
      18
      16
      17
      18
      22
      16
      19
      15
      16
      18
      17
      20
      21
      10
      16
      16
      19
      27
      21
      17
      16
      11
      11
      13
      12
      11
      14
      20
      13
      10
      18
      20
      16
      23
      17
      14
      19
      17
      21
      19
      17
      18
      19
      10
      20
       9
      12
      16
      19
      19
      10
      14
      13
      16
       7
      18
      13
      16
      17
      18
      11
      14
      18
      14
      14
      16
      15
      15
      19
      18
      15
      13
      12
      10
      10
      14
      18
      12
      19
      15
      15
      11
      20
      12
      10
      12
      12
      15
      24
       9
      15
      14
      13
       9
      14
      13
      11
      10
      12
      20
      11
      20
      16
      14
      10
       7
      17
      16
      12
      14
       7
      17
      12
      10
      11
       9
      12
       7
      14
      12
      14
      14
      20
      12
       8
      12
      16
      11
      14
      15
      14
      11
      14
       9
      10
      19
      14
      12
      14
      16
      18
      15
      14
       9
      16
      17
      12
      16
      11
      13
      17
      15
      13
      13
      11
      10
      17
      14
      11
      11
      10
      18
       9
      11
      11
       9
       5
      18
      10
      15
      24
      26
      12
       9
      14
      11
      12
      12
      15
      18
      12
      26
      14
      23
      17
      22
      19
      15
      16
      14
      12
       9
      17
      16
      16
      16
      18
      10
      20
      18
      21
      15
      19
      15
      15
      21
      12
      18
      16
      23
      15
      20
      11
      14
      15
      29
      17
      25
      25
      23
      27
      27
      19
      37
      31
      35
      33
      29
      32
      29
      38
      33
      44
      39
      47
      40
      55
      50
      52
      47
      52
      34
      73
      56
      67
      59
      51
      79
      64
      55
      61
      51
      69
      58
      52
      66
      71
      67
      69
      81
      78
      77
      82
      89
      85
      92
      99
     101
     104
     107
     123
     122
     120
     149
     163
     154
     190
     167
     175
     194
     168
     202
     208
     204
     199
     207
     229
     213
     237
     226
     258
     230
     205
     233
     230
     218
     217
     212
     183
     220
     181
     198
     196
     175
     180
     160
     167
     190
     150
     138
     130
     127
     130
     121
     126
     103
      97
     103
     108
      87
      87
      91
      76
      83
      52
      60
      64
      65
      52
      57
      62
      44
      31
      34
      28
      31
      23
      32
      32
      31
      21
      16
      21
      25
      16
      19
      31
      20
      17
      21
      15
      19
      16
      26
      20
      12
      23
      24
      21
      18
      17
      23
      19
      20
      22
      24
      23
      26
      22
      16
      19
      22
      21
      23
      20
      11
      13
      28
      23
      17
      24
      32
      20
      24
      28
      36
      24
      32
      34
      31
      30
      26
      29
      38
      40
      43
      48
      44
      34
      44
      43
      51
      37
      48
      44
      54
      52
      62
      52
      59
      44
      62
      67
      54
      63
      49
      55
      58
      60
      61
      54
      59
      50
      56
      52
      39
      42
      53
      42
      42
      47
      33
      42
      34
      39
      25
      35
      34
      34
      33
      19
      28
      24
      28
      29
      27
      22
      13
      21
      18
      20
      19
      17
      12
      13
      22
      21
      11
      18
      14
      14
      10
      16
      13
      13
       9
      10
       9
      10
       9
       7
       9
       7
       3
       4
       6
       7
       8
       7
      17
       8
      10
       9
       4
       8
      10
       5
       8
       8
      13
       7
       2
       5
       8
       6
       7
       9
      12
       6
       9
       5
      10
       5
       5
       8
       8
       4
      10
       8
       3
      12
      13
       6
       5
      13
       7
      14
       3
       6
       6
       2
       5
       6
      12
       4
       8
       8
      14
       7
       8
      12
      12
      12
       7
       8
       7
       8
      11
      10
      16
      10
       9
       9
      10
       6
      10
      16
      11
       8
      13
      12
       9
       9
      10
       7
      12
       8
       5
      12
       7
      12
      11
      11
      10
      11
      13
      16
       9
       9
      11
      17
      22
      10
      10
       9
      20
      11
      10
      11
      10
      11
       6
      12
       6
      10
      19
      10
       7
      12
      10
      22
      14
      12
      13
      18
      12
      12
      14
      12
      13
      17
      14
      19
      14
      22
      13
      12
      14
      12
      24
      21
       9
      21
      13
      27
      21
      20
      18
      17
      18
      18
      24
      19
      21
      21
      26
      23
      30
      14
      27
      42
      30
      43
      27
      37
      36
      46
      30
      56
      37
      41
      49
      44
      52
      45
      45
      56
      59
      62
      66
      58
      74
      79
      70
      91
     111
     107
      95
     101
     116
     112
     130
     129
     144
     140
     177
     190
     187
     196
     241
     272
     269
     290
     328
     361
     440
     462
     487
     583
     588
     645
     685
     791
     879
     967
    1023
    1125
    1240
    1338
    1463
    1494
    1663
    1793
    1909
    2008
    2198
    2327
    2458
    2647
    2667
    2820
    2925
    2994
    3124
    3088
    3310
    3390
    3409
    3443
    3478
    3484
    3448
    3439
    3515
    3290
    3350
    3316
    3254
    3174
    3162
    3001
    2938
    2881
    2795
    2616
    2499
    2419
    2298
    2347
    2077
    2063
    1959
    1809
    1784
    1661
    1587
    1545
    1423
    1372
    1220
    1217
    1106
    1049
     902
     855
     814
     711
     695
     659
     612
     565
     481
     459
     373
     317
     358
     318
     256
     255
     237
     215
     176
     141
     139
     185
     152
     107
      82
      92
      99
      93
      88
      73
      76
      71
      73
      66
      77
      82
      74
      80
      71
      51
      76
      63
      87
      83
      80
      91
      98
     100
     103
      96
     114
     133
     114
     124
     130
     150
     186
     195
     202
     198
     251
     247
     255
     307
     295
     345
     396
     430
     471
     485
     533
     545
     574
     574
     660
     712
     731
     723
     845
     799
     845
     875
     872
     907
     979
     919
     938
     961
     959
     977
     971
     951
     978
     924
     945
     865
     866
     859
     859
     844
     793
     795
     832
     835
     764
     714
     722
     698
     649
     592
     612
     561
     600
     542
     510
     480
     458
     453
     402
     425
     362
     322
     347
     298
     255
     259
     255
     256
     224
     205
     178
     163
     152
     166
     126
     128
     126
     105
      85
      96
      86
      76
      68
      56
      52
      38
      56
      46
      37
      25
      31
      33
      26
      31
      19
      24
      16
      20
      20
      19
      14
       3
       9
      13
       6
       7
      11
       9
       6
      10
       4
       3
       3
       5
       8
       2
       7
       3
       1
       4
       3
       3
       1
       4
       4
       4
       4
       4
       4
       2
       3
       1
       3
       2
       3
       1
       1
       4
       2
       3
       1
       1
       1
       7
       4
       4
       3
       3
       2
       4
       1
       3
       4
       0
       1
       5
       4
       0
       1
       2
       1
       2
       1
       1
       2
       4
       1
       1
       0
       2
       5
       4
       2
       1
       2
       0
       1
       4
       2
       1
       2
       3
       1
       5
       3
       1
       2
       0
       0
       1
       0
       2
       4
       2
       2
       2
       4
       3
       1
       0
       1
       3
       2
       2
       3
       1
       4
       4
       2
       2
       1
       2
       1
       5
       1
       2
       1
       2
       1
       2
       4
       2
       3
       2
       2
       8
       1
       2
       6
       2
       3
       1
       3
       4
       1
       4
       4
       3
       3
       3
       1
       5
       0
       0
       3
       2
       4
       2
       2
       4
       2
       2
       1
       0
       2
       1
       2
       2
       5
       2
       0
       4
       3
       4
       4
       6
       3
       4
       1
       5
       1
       4
       3
       4
       1
       3
       3
       3
       1
       2
       4
       0
       2
       6
       2
       3
       5
       4
       2
       1
       3
       5
       4
       5
       4
       3
       3
       4
       4
       4
       2
       1
       4
       4
       3
       5
      12
       2
       9
       3
       2
       4
       4
       1
       5
       3
       5
       2
       6
       4
       2
       3
       7
       4
       3
       6
       3
       5
       1
       6
       6
       5
       3
       9
       7
       5
       4
       2
       2
       3
       9
       2
       3
       6
       6
       4
       4
       4
       4
       5
       9
       7
       4
       7
       5
       3
       6
       1
       4
       5
       5
       0
       3
       6
       7
       5
       3
       3
       4
       5
       7
       5
       3
       5
       6
       6
       3
       5
       2
       1
       4
       5
       3
       5
       5
       6
       9
       0
       3
       3
       6
       5
       9
       5
       2
       2
       2
       3
       5
       6
       2
       3
       1
       3
       4
       5
       2
       4
       3
       2
       5
       3
       3
       7
       8
       4
       3
       5
       1
       6
       5
       4
       3
       2
       1
       4
       5
       2
      10
       7
       3
       6
       8
       4
       5
       4
       2
       4
       6
       9
      10
      10
       1
       4
       4
       7
       4
       4
       4
       5
       3
       4
       6
       0
       1
       7
       4
       4
      10
       4
       6
       3
       9
       5
       4
       5
       4
      10
       3
       3
       3
       7
       5
       6
       5
       5
       4
       4
       5
       4
       4
       6
       2
       2
       5
       6
       5
       2
       6
       5
       3
       2
       7
       3
       3
       5
       3
       5
       4
       3
       6
       2
       7
       6
       1
       9
       7
       5
       7
       1
       7
       5
       0
       4
       4
       5
       4
       4
       6
       5
       6
       6
       6
       6
       4
      11
       7
       5
       4
       5
       3
       3
       6
       6
       5
       2
       2
       4
       6
       3
       5
       5
       8
       6
       4
       7
       2
       5
       9
       5
       3
       4
       5
       4
       4
       4
       8
       5
       7
       8
       2
       3
       5
       1
       3
       3
       1
       2
       3
       5
       3
       3
       6
       7
       1
       6
       7
       5
       3
      10
       8
       7
       7
       6
       3
      10
      10
       5
       5
       4
       6
       4
       7
       3
       1
       4
       6
       7
       6
       3
       6
       3
      10
       7
       6
       2
       6
       4
      10
       7
       1
       3
       6
       7
       9
       7
       5
       2
       6
       5
       3
       8
       1
       8
       5
       9
       6
       3
       7
       4
       3
       7
      14
       4
       7
       9
       3
       3
       6
       7
       8
       6
       7
       3
       5
       6
       6
       6
       8
       7
       2
       3
       6
       3
       7
       3
       3
       7
       5
       8
       3
       6
       7
       8
       4
       4
       2
       5
       5
       0
       9
       7
       4
       8
      11
       7
       6
       3
       7
       5
       2
       8
       5
       7
       7
       8
       8
       9
       9
       7
       5
       6
       8
       8
       3
       2
       2
       3
       5
       7
       6
       5
       2
       5
       5
       6
       9
       8
       6
       5
       3
       4
      12
       7
       5
       7
       6
       7
       9
       5
      11
       9
       0
       3
       9
       4
       9
       8
      12
       9
       7
       7
       9
       6
       7
       6
       7
      11
       7
       5
       3
       5
      13
      14
       5
       9
      10
       5
      10
       9
       7
      10
       7
      13
       3
       7
      11
       6
       4
       6
       8
       6
       7
       8
       8
       6
       9
      10
       3
       7
       9
       8
       5
       6
      14
       9
       7
       6
      12
       5
       6
       2
       6
      11
      14
       8
      12
       5
       8
      11
      12
      16
      10
       6
      14
      11
       9
      12
       6
      10
      10
      10
       9
      11
       4
      14
      10
       9
       9
      11
      18
       4
      13
      13
      13
      13
      10
      12
      12
      13
      11
       6
      14
      10
      18
      12
      14
      12
      15
      11
       7
      20
      15
      13
      11
      11
      11
      12
      11
      12
      15
      16
      11
      19
       9
      12
      15
      13
      13
       9
      14
      14
      12
      12
       8
      18
      10
      12
      20
      17
      12
      17
      22
      16
      14
      15
      12
      12
      13
      17
       6
      15
      12
      22
       8
       6
      11
      12
       9
      13
      10
      14
      15
      10
      13
      15
      18
      19
       8
      15
      15
      11
      14
      15
      17
      12
      19
      15
      12
      20
      11
      13
      24
      10
      22
      20
      14
      14
      14
      16
      11
       9
      16
      24
      16
      17
      16
      28
      27
      27
      21
      17
      18
      15
      14
      16
      23
      22
      18
      27
      20
      12
      13
      19
      25
      30
      23
      21
      20
      21
      21
      25
      22
      24
      32
      26
      23
      32
      25
      31
      28
      12
      28
      29
      19
      24
      29
      22
      36
      21
      34
      32
      24
      32
      37
      29
      32
      33
      26
      30
      26
      38
      30
      25
      28
      28
      34
      35
      29
      35
      39
      33
      38
      32
      34
      31
      44
      47
       0
       0
       0
       0
       0
       0
       0
       0
       0
       0
       0
       0
       0
       0
       0
       0
       0
       0
       0
       0
       0
       0
       0
       0
       0
       0
       0
       0
       0
       0
       0
       0
