       0
       0
       0
       0
       0
       0
       0
       0
       0
       0
       0
       0
       0
       0
       0
       0
       0
       0
       0
       0
       0
       0
       0
       0
       0
       0
       0
       0
       0
       0
       0
       0
       0
       0
       0
       0
       0
       0
       0
       0
       0
       0
       0
       0
       0
       0
       0
       0
      11
    1515
   23657
   21852
   19835
   17785
   16140
   14699
   13462
   12203
   11350
   10208
    9328
    8903
    7997
    7539
    6928
    6277
    5938
    5536
    5127
    4595
    4404
    4076
    3726
    3410
    3217
    3132
    2817
    2671
    2352
    2236
    2101
    1900
    1703
    1499
    1422
    1354
    1162
    1091
     954
     841
     769
     645
     591
     490
     436
     400
     297
     257
     241
     181
     151
     131
     104
      94
      74
      60
      46
      51
      23
      27
      19
      26
      11
      14
      17
       8
      11
       7
       7
       8
       7
       6
       6
       4
       1
       5
       6
       9
       8
       4
       4
       6
       7
       6
       7
       8
       4
       5
       9
       4
       6
       4
       5
       2
       3
       1
       8
       4
       3
       3
       8
       5
       4
       4
       8
       3
       4
       6
       5
       5
       8
       5
       8
       6
       2
       3
       5
       6
       7
       3
       6
       7
       3
       2
       2
       5
       5
       4
       3
       4
       4
       3
       4
       5
       5
       0
       5
       2
       7
       6
       7
       6
       4
       3
       5
       2
       5
       3
       3
       3
       4
       4
       2
       4
       4
       1
       4
       1
       3
       1
       4
       1
       7
       4
       3
       1
       4
       9
       3
       4
       4
       1
       3
       3
       2
       6
       6
       6
       4
       7
       2
       3
       4
       2
       3
       3
       8
       5
       6
       2
       2
       2
       5
       3
       2
       6
       1
       3
       3
       5
       2
       6
       4
       4
       7
       4
       7
       5
       5
       3
       4
       4
       3
       6
       3
       2
       2
       4
       5
       1
       3
       2
       7
       6
       3
       2
       7
       2
       3
       1
       6
       6
       4
       2
       2
       5
       6
       1
       1
       2
       3
       4
       3
       1
       1
       6
       3
       4
       4
       5
       3
       2
       1
       3
       0
       3
       6
       2
       2
       7
       3
       2
       1
       2
       2
       2
       2
       7
       3
       3
       4
       3
       6
       3
       1
       5
       4
       7
       4
       1
       7
       1
       6
       2
       3
       6
       6
       4
       5
       2
       5
       2
       3
       3
       5
       5
       4
       5
       6
       4
       4
       6
       5
       6
       2
       3
       2
       4
       2
       2
       6
       1
       5
       3
       1
       3
       3
       4
       4
       6
       2
       1
       2
       6
       5
       3
       3
       3
       6
       3
       3
       3
       1
       1
       3
       4
       2
       3
       3
       0
       6
       6
       4
       8
       1
       6
       4
       2
       6
       2
       1
       3
       4
       3
       2
       5
       2
       1
       2
       2
       1
       1
       3
       3
       4
       0
       4
       3
       2
       6
       3
       1
       2
       2
       4
       4
       2
       3
       8
       1
       3
       4
       1
       3
       1
       2
       3
       0
       1
       3
       6
       3
       7
       4
       1
       4
       2
       1
       0
       3
       4
       3
       5
       2
       2
       2
       4
       4
       6
       1
       3
       7
       3
       1
       4
       5
       6
       8
       5
       5
       4
       5
       3
       3
       2
       3
       6
       6
       2
       9
       2
       6
       7
       8
      10
       5
       5
       4
       3
       5
       6
       4
       5
       7
       7
       6
       8
       9
       9
       4
       9
      16
       8
       7
      15
       9
      11
       9
      10
      11
      14
       8
      21
      12
      13
      13
      14
       9
      14
       8
      14
      13
      11
      12
       8
       8
       9
       7
      10
       8
       8
       8
      10
      11
       6
      10
       7
       7
       6
       5
       5
       8
       8
       7
       2
       7
       7
       8
       4
       4
       2
       6
       6
       3
       7
       5
       2
       3
       4
       3
       5
       2
       7
       1
       3
       2
       2
       5
       2
       3
       5
       5
       2
       4
       2
       2
       1
       1
       4
       2
       2
       3
       1
       5
       4
       4
       4
       6
       6
       3
       5
       5
       0
       1
       4
       0
       5
       5
       5
       4
       4
       3
       0
       5
       2
       6
       4
       4
       0
       4
       4
       6
       8
       9
       5
       5
       3
       4
       4
       3
       8
      10
       5
       8
       5
       7
       6
       4
       6
       5
       7
       8
       7
      11
       7
       5
       9
       4
       8
       5
       8
       9
       2
       6
       7
       5
       3
       5
       7
       6
       6
       7
       3
       2
       3
       6
       3
      10
       2
       8
       4
       4
       0
       4
       6
       3
       0
       3
       3
       5
       7
       5
       1
       3
       2
       3
       3
       4
       6
       3
       2
       1
       2
       2
       1
       3
       3
       2
       1
       0
       1
       0
       3
       3
       1
       1
       3
       3
       1
       1
       2
       1
       3
       1
       0
       1
       2
       1
       2
       6
       3
       0
       2
       2
       1
       1
       2
       1
       3
       2
       0
       3
       1
       2
       1
       3
       1
       1
       0
       0
       3
       3
       4
       3
       0
       1
       2
       2
       2
       1
       1
       1
       0
       1
       1
       3
       0
       2
       3
       1
       2
       1
       1
       1
       0
       2
       1
       2
       3
       5
       2
       1
       0
       4
       6
       2
       5
       0
       1
       1
       1
       1
       6
       3
       1
       1
       2
       0
       2
       1
       1
       1
       1
       3
       0
       1
       1
       1
       4
       4
       4
       0
       4
       2
       1
       2
       1
       4
       2
       2
       2
       2
       0
       4
       2
       3
       2
       2
       2
       2
       2
       3
       1
       1
       6
       3
       1
       4
       4
       0
       1
       1
       1
       4
       1
       1
       1
       3
       1
       2
       1
       3
       0
       6
       4
       0
       1
       1
       2
       1
       0
       3
       2
       4
       0
       4
       4
       1
       2
       3
       3
       5
       2
       1
       2
       2
       2
       5
       2
       1
       3
       0
       6
       3
       2
       5
       4
       1
       3
       6
       4
       2
       2
       1
       1
       5
       2
       4
       3
       3
       3
       5
      13
       6
       7
       2
      13
       9
      12
       8
       5
      13
      11
       9
      13
      11
       8
      13
      22
      13
      17
      22
      31
      24
      32
      18
      35
      37
      46
      37
      45
      49
      44
      58
      69
      51
      65
      83
      88
      80
      94
      97
     106
     101
     112
     144
     115
     121
     151
     152
     142
     143
     120
     150
     169
     152
     137
     151
     135
     167
     146
     138
     140
     146
     135
     154
     129
     110
     117
     125
     124
     116
      98
     104
     105
      86
      72
      73
      84
      87
      63
      64
      59
      62
      78
      52
      53
      50
      48
      42
      37
      41
      39
      30
      27
      28
      21
      19
      15
      20
      13
      14
      14
      10
      12
       9
      11
      22
      12
       9
       8
       9
      10
       7
       2
       5
       5
       3
       9
      10
      10
       6
       2
       7
       6
       8
       3
       5
      10
       4
       5
      10
       9
       8
      13
      17
       6
      10
      13
      17
      14
      22
      12
      14
      19
      16
      28
      21
      24
      23
      24
      24
      36
      37
      29
      52
      39
      61
      68
      52
      66
      54
      59
      81
      76
      79
      79
      85
      98
     104
      93
     101
      95
      94
     107
      86
      88
     109
      99
     113
     117
     108
      93
     101
      81
      96
      83
      92
     103
      84
      92
      97
      96
      98
      86
      68
      72
      68
      71
      62
      75
      52
      55
      60
      55
      32
      54
      46
      45
      54
      35
      37
      43
      24
      22
      35
      27
      27
      16
      22
      20
      16
      16
      14
      15
      13
      11
      14
      16
       6
      14
       6
      11
       5
       7
       4
       8
       6
       8
       4
      11
       5
       4
       2
       3
       6
       1
       2
       5
       3
       3
       2
       2
       0
       1
       0
       0
       1
       0
       1
       1
       2
       2
       3
       1
       2
       5
       2
       0
       1
       2
       0
       1
       1
       1
       2
       0
       2
       2
       2
       1
       0
       2
       1
       0
       3
       0
       2
       3
       0
       0
       2
       0
       2
       2
       3
       1
       0
       0
       4
       4
       1
       2
       0
       0
       2
       1
       1
       1
       0
       2
       3
       0
       1
       3
       0
       0
       2
       0
       0
       0
       1
       3
       0
       1
       0
       0
       1
       2
       2
       0
       0
       0
       0
       4
       0
       0
       1
       2
       2
       0
       1
       1
       1
       3
       1
       0
       3
       2
       2
       4
       1
       2
       2
       2
       1
       2
       1
       0
       1
       2
       0
       3
       1
       1
       1
       3
       2
       0
       1
       0
       1
       1
       0
       1
       0
       1
       1
       1
       0
       1
       2
       1
       0
       3
       2
       1
       0
       2
       3
       2
       3
       1
       6
       1
       0
       3
       1
       5
       3
       1
       1
       0
       0
       0
       0
       1
       2
       2
       2
       0
       0
       0
       2
       3
       0
       0
       5
       2
       2
       3
       3
       1
       2
       1
       0
       2
       3
       1
       1
       1
       2
       0
       3
       0
       2
       0
       2
       1
       1
       0
       2
       1
       1
       1
       2
       0
       1
       3
       4
       0
       2
       3
       1
       0
       0
       0
       0
       1
       1
       1
       0
       1
       5
       4
       0
       0
       0
       1
       3
       0
       0
       0
       2
       0
       1
       3
       2
       1
       0
       2
       1
       2
       1
       2
       2
       2
       2
       0
       0
       1
       1
       0
       2
       1
       0
       1
       1
       1
       6
       0
       2
       1
       1
       2
       2
       1
       1
       0
       0
       0
       3
       1
       2
       2
       1
       0
       1
       2
       1
       2
       0
       1
       2
       2
       2
       2
       3
       3
       1
       1
       0
       1
       3
       0
       1
       2
       2
       0
       0
       1
       1
       2
       0
       3
       1
       0
       1
       1
       1
       3
       3
       3
       2
       2
       0
       2
       2
       2
       0
       1
       1
       3
       1
       0
       1
       0
       0
       1
       0
       4
       1
       2
       1
       1
       1
       1
       2
       1
       1
       2
       3
       1
       2
       2
       2
       1
       1
       1
       0
       4
       0
       2
       1
       0
       0
       1
       1
       1
       3
       3
       1
       1
       3
       1
       3
       2
       2
       2
       3
       1
       0
       2
       2
       0
       2
       1
       0
       2
       1
       0
       3
       0
       5
       2
       1
       0
       2
       3
       2
       3
       2
       4
       1
       1
       1
       3
       2
       1
       1
       1
       0
       1
       3
       1
       1
       2
       4
       0
       1
       2
       3
       3
       1
       1
       1
       0
       3
       2
       0
       2
       1
       1
       0
       1
       1
       1
       1
       2
       1
       2
       1
       1
       0
       1
       2
       0
       0
       1
       1
       3
       1
       1
       4
       1
       2
       4
       0
       1
       0
       1
       2
       3
       4
       1
       3
       2
       2
       2
       3
       1
       4
       2
       0
       3
       4
       4
       4
       1
       2
       3
       1
       0
       1
       0
       1
       3
       2
       2
       4
       0
       1
       3
       3
       0
       1
       5
       0
       1
       5
       1
       2
       1
       4
       2
       5
       4
       4
       0
       1
       2
       0
       4
       3
       2
       0
       1
       2
       2
       2
       0
       5
       1
       0
       1
       5
       2
       1
       0
       3
       1
       2
       3
       3
       0
       6
       5
       4
       2
       3
       7
       1
       3
       5
       4
       4
       6
       2
       0
       5
       0
       2
       3
       4
       4
       3
       5
       1
       5
       0
       1
       2
       2
       0
       1
       3
       4
       3
       3
       4
       1
       3
       0
       2
       2
       2
       3
       2
       2
       3
       2
       1
       2
       4
       1
       2
       2
       2
       1
       0
       3
       2
       3
       1
       3
       4
       4
       2
       4
       4
       4
       3
       6
       2
       2
       3
       2
       4
       4
       6
       5
       1
       3
       4
       1
       1
       1
       2
       4
       0
       1
       2
       8
       6
       7
       2
       1
       6
       1
       4
       1
       5
       6
       4
       3
       2
       3
       2
       1
       3
       1
       3
       4
       1
       4
       1
       5
       4
       6
       5
       2
       3
       3
       1
       3
       1
       1
       2
       2
       4
       7
       6
       2
       5
       4
       4
       5
       1
       5
       5
       3
       0
       4
       2
       3
       1
       3
       3
       1
       1
       2
       3
       6
       4
       4
       2
       5
       5
       1
       4
       9
       2
       1
       3
       2
       1
       3
       3
       2
       6
       3
       5
       3
       7
       5
       2
       4
       5
       0
       1
       4
       6
       3
       5
       3
       6
       1
       3
       6
       4
       5
       0
       4
      11
       7
       2
       6
       6
       2
       6
       5
       7
       3
       4
       5
       7
       7
       3
      11
       5
       6
       3
      12
       2
       3
       8
       6
       6
       8
       6
       2
       4
       4
       2
       4
       7
       5
       7
       5
       9
       7
       3
       5
       4
       9
       5
       4
      10
       7
       5
       9
       5
      11
       8
       4
       7
      11
       6
      10
       8
       9
       6
       6
       3
       8
      11
      10
       5
       6
       8
      10
       6
       7
       8
      10
       9
      13
       8
      10
       4
       2
      14
      12
       8
      13
      10
      11
      11
      11
       8
       5
       8
      13
       6
      12
      11
       5
      10
      15
       8
      13
       9
      12
       7
       8
      10
       7
       9
      12
      16
      14
      15
      15
      14
      16
      12
      12
      14
      13
      11
      15
      11
      14
      12
      17
      12
      14
      11
      24
      12
      13
      11
      15
      11
      18
      17
       8
       9
      21
      17
      20
      15
      20
      20
       7
      20
      15
      18
      21
      17
      21
      10
      21
      14
      16
      17
      20
      17
      20
      18
      12
      15
      18
      15
      22
      18
      17
      23
      22
      19
      26
      27
      23
      30
      29
      16
      14
      22
      24
      21
      27
      19
      26
      34
      31
      30
       0
       0
       0
       0
       0
       0
       0
       0
       0
       0
       0
       0
       0
       0
       0
       0
       0
       0
       0
       0
       0
       0
       0
       0
       0
       0
       0
       0
       0
       0
       0
       0
