       0
       0
       0
       0
       0
       0
       0
       1
       0
       0
       0
       1
       0
       0
       0
       0
       0
       0
       0
       0
       0
       0
       0
       0
       0
       0
       0
       0
       0
       0
       0
       0
       0
       0
       0
       0
       0
       0
       0
       0
       0
       0
       0
       0
       0
       0
       0
       0
      13
    1552
   22817
   21117
   18974
   17365
   15557
   14195
   12970
   11704
   10704
    9797
    9003
    8302
    7480
    6897
    6287
    5687
    5303
    4876
    4430
    4189
    3946
    3604
    3297
    3155
    2843
    2633
    2390
    2235
    2086
    1921
    1745
    1633
    1445
    1408
    1195
    1095
     951
     847
     769
     644
     590
     489
     419
     390
     299
     268
     207
     189
     136
     129
     106
      86
      65
      56
      48
      40
      32
      20
      23
      19
      20
      21
      12
       8
      10
       8
       3
      11
      14
      10
       9
       4
       7
       9
      10
      11
      11
      16
      12
       9
       8
      12
      11
       8
       7
       7
      10
       5
       5
       4
       9
       8
       3
      10
       6
       8
       7
       5
       7
       8
       9
       3
      12
       5
      11
       8
       7
       4
      11
      10
       8
      11
       7
       7
       7
       6
       7
       5
       7
       9
      14
       9
       8
       7
       3
       7
      11
       8
       9
       5
       2
       1
       7
       8
       7
       4
       7
       5
       4
       5
       8
       7
       2
       7
       5
       5
       5
       2
       7
       4
       4
       6
       9
       6
       7
       4
       4
       6
      11
       5
       2
       6
      11
       3
       6
       5
       4
       9
       4
       4
      11
       8
       3
       7
       4
       5
       3
       3
       7
       9
       5
       7
       6
       4
       5
       7
       4
       3
       8
       4
       5
       2
       4
       4
       3
       7
       3
       4
       2
       7
       5
       1
       1
       4
       6
       6
       6
       8
       5
       9
       3
       3
       5
       8
       4
       4
       5
       9
       5
       6
       7
       3
       6
       5
       3
       7
       8
       4
       4
       3
       5
       5
       8
       4
       7
       8
       4
       6
       3
       3
       3
       5
       7
       5
       3
       4
       3
       1
       1
       7
       6
       6
       5
       9
       4
       3
       8
       5
       2
       4
       8
       5
       5
       5
       4
       3
       6
       2
       4
       5
       8
       8
       6
       4
       5
       9
       2
       8
       2
       6
       7
       4
       3
       5
       7
       6
       7
       5
       7
       7
       7
      10
       3
       5
       5
       5
       3
       8
       9
      13
      11
       6
       3
       6
       9
       7
       8
       6
       3
       6
       7
       4
       5
       4
       3
       6
       4
       6
       8
       2
       3
       6
       3
       7
      10
      10
       7
       5
       8
       5
       9
       3
       3
       0
       1
       5
      11
      10
       7
       4
       2
       6
       7
       5
       6
       3
       4
       1
       4
       2
       1
       4
       2
       3
       5
       3
       3
       3
       2
       2
       4
       1
       6
       9
       4
       2
       7
       4
       1
       8
       5
       6
       5
       5
       0
       5
       3
       3
       1
       5
       3
       4
       3
       2
       3
       9
       2
       7
       5
       7
       3
       5
       2
       7
       7
       5
       6
       6
      10
       8
       9
       5
       7
      12
       5
       8
       7
       5
       8
       6
       9
       7
       7
      10
       9
      11
      10
      19
       7
      13
       9
      14
      10
       9
       9
      21
       9
       7
      12
      11
      11
      15
       8
      10
      10
      12
      10
      10
      11
      10
      14
      14
      28
      11
      27
      22
      19
      17
      19
      24
      26
      19
      24
      38
      21
      32
      28
      29
      21
      26
      32
      35
      34
      32
      23
      30
      39
      33
      39
      40
      22
      35
      35
      45
      24
      25
      24
      29
      27
      28
      26
      25
      26
      38
      25
      23
      23
      15
      12
      21
      20
      17
      14
      16
      20
      16
      14
      16
      10
      13
       9
       7
      13
      10
       9
       8
       8
       7
       8
       7
       3
       6
       4
       7
       4
       6
       3
       5
      10
       5
       4
       6
       7
       5
       5
       4
       3
       6
       4
       1
       4
       2
      10
       2
       5
       7
       9
       7
       5
      10
       7
       5
       1
       6
       6
       8
       7
       5
       3
       9
       7
       4
       7
       5
       5
       7
       4
       8
       7
       4
      10
      10
      13
       5
       6
      13
       9
       7
      10
      16
       9
       7
       6
      11
      11
      12
      13
      16
       5
      10
      12
       9
      19
      23
       9
      16
      16
       9
      13
      20
      17
      13
      13
       6
       4
      14
      15
      11
      13
      13
      15
      14
       9
      14
      19
      15
      11
      14
       9
      11
       5
       9
       6
      13
       4
       8
       6
       4
      12
       8
      10
       7
       4
       5
       6
       7
       5
       2
       3
       3
       6
       5
       5
       3
       3
       5
       5
       4
       3
       6
       5
       3
       4
       4
       3
       4
       3
       2
       3
       1
       2
       3
       1
       2
       3
       1
       7
       4
       4
       4
       3
       2
       4
       2
       1
       1
       4
       3
       2
       1
       1
       1
       2
       3
       0
       2
       2
       3
       1
       3
       3
       6
       2
       1
       2
       4
       2
       3
       1
       2
       2
       1
       3
       3
       1
       3
       3
       3
       4
       2
       0
       0
       0
       0
       4
       1
       2
       2
       2
       1
       3
       5
       4
       5
       2
       1
       4
       0
       1
       5
       3
       1
       2
       5
       5
       3
       2
       6
       2
       2
       0
       4
       4
       1
       1
       4
       1
       6
       3
       3
       1
       3
       3
       3
       1
       2
       4
       0
       6
       4
       4
       4
       6
       3
       2
       5
       3
       3
       3
       4
       1
       1
       3
       2
       1
       2
       4
       1
       2
       3
       6
       4
       2
       5
       3
       3
       2
       1
       2
       4
       3
       5
       2
       2
       5
       1
       4
       6
       3
       4
       5
       2
       5
       5
       7
       2
       7
       4
       5
       7
       6
       4
       5
       8
       4
       3
       4
       9
       7
       7
       7
       1
       5
       4
       6
       7
       7
      10
       9
       9
       9
      10
       5
      11
      10
      12
      10
      10
      13
      14
      15
      12
      13
      17
      13
      21
      23
      26
      25
      18
      22
      34
      23
      28
      32
      48
      39
      43
      51
      60
      51
      52
      72
      77
      86
     109
      97
     102
     134
     142
     148
     166
     174
     194
     209
     214
     245
     260
     272
     274
     284
     284
     357
     345
     391
     384
     436
     397
     454
     450
     462
     485
     477
     519
     467
     460
     454
     489
     478
     518
     474
     487
     492
     430
     449
     439
     392
     427
     386
     365
     351
     337
     375
     340
     279
     316
     274
     269
     226
     245
     232
     231
     191
     214
     172
     138
     159
     135
     123
     129
     124
     116
     112
      94
      64
      74
      54
      68
      62
      63
      56
      42
      50
      33
      48
      34
      23
      37
      20
      26
      22
      15
      17
       8
      19
      12
      18
      17
      13
      16
      16
      14
      14
      14
      10
      21
      13
      14
      13
      15
      17
      13
      12
      12
      18
      16
      21
      21
      21
      32
      34
      28
      28
      43
      32
      30
      59
      43
      61
      71
      74
      68
      79
      93
     107
      79
     125
     108
     125
     154
     149
     139
     159
     169
     173
     209
     186
     194
     217
     220
     210
     225
     231
     242
     222
     234
     239
     230
     218
     229
     229
     252
     219
     233
     240
     241
     229
     224
     224
     217
     194
     197
     216
     178
     177
     164
     160
     139
     141
     125
     148
     142
     110
     112
     132
      89
     106
     100
      92
     100
      92
      63
      72
      76
      56
      58
      48
      43
      48
      37
      42
      39
      39
      25
      32
      32
      24
      31
      19
      18
      19
      21
      14
      12
      16
      11
      11
       5
      14
       9
       9
      12
       6
      10
       1
       9
       8
       5
       6
       0
       5
       3
       0
       4
       1
       3
       1
       3
       0
       3
       2
       2
       1
       3
       1
       0
       3
       0
       0
       0
       3
       0
       2
       0
       3
       2
       0
       1
       3
       1
       1
       1
       5
       2
       2
       0
       1
       0
       1
       3
       1
       0
       0
       2
       2
       2
       1
       1
       0
       2
       0
       0
       1
       2
       1
       0
       1
       5
       2
       1
       1
       2
       2
       1
       2
       2
       1
       3
       1
       0
       3
       3
       1
       0
       3
       1
       2
       0
       1
       1
       2
       0
       1
       0
       2
       2
       1
       0
       0
       1
       2
       1
       2
       1
       2
       1
       1
       1
       1
       2
       2
       0
       1
       1
       3
       1
       5
       1
       1
       0
       2
       0
       1
       1
       0
       1
       1
       2
       0
       1
       1
       0
       2
       1
       2
       2
       2
       3
       1
       1
       2
       1
       0
       0
       1
       2
       2
       2
       3
       3
       0
       1
       3
       2
       0
       0
       2
       2
       0
       4
       0
       1
       1
       3
       0
       2
       3
       2
       2
       0
       0
       0
       1
       1
       2
       1
       2
       0
       3
       1
       0
       0
       3
       1
       2
       1
       3
       3
       4
       1
       1
       1
       2
       0
       1
       3
       1
       2
       2
       4
       1
       2
       2
       3
       3
       0
       2
       1
       0
       2
       2
       0
       1
       0
       3
       3
       0
       1
       1
       2
       1
       1
       0
       1
       3
       0
       1
       2
       1
       4
       1
       2
       1
       1
       4
       2
       1
       1
       1
       4
       2
       1
       0
       0
       1
       2
       0
       1
       2
       0
       0
       1
       0
       1
       2
       0
       1
       1
       1
       2
       1
       1
       1
       1
       2
       1
       0
       3
       1
       1
       0
       0
       2
       3
       0
       0
       1
       1
       2
       2
       3
       1
       1
       0
       1
       3
       1
       3
       2
       1
       2
       0
       1
       4
       1
       1
       1
       2
       2
       1
       2
       1
       2
       0
       4
       1
       2
       1
       1
       2
       3
       3
       1
       0
       5
       1
       1
       2
       1
       2
       1
       2
       4
       0
       3
       0
       0
       1
       0
       3
       1
       2
       1
       2
       0
       2
       3
       1
       2
       3
       2
       1
       0
       2
       0
       2
       0
       2
       3
       1
       1
       2
       3
       3
       0
       3
       3
       1
       2
       1
       1
       0
       5
       1
       3
       3
       0
       3
       3
       2
       3
       3
       2
       1
       1
       2
       4
       1
       3
       1
       0
       2
       0
       4
       3
       1
       3
       3
       0
       1
       0
       2
       2
       4
       2
       3
       2
       1
       2
       0
       1
       1
       0
       1
       3
       0
       2
       4
       2
       3
       3
       1
       0
       3
       0
       1
       1
       0
       0
       4
       0
       2
       3
       3
       2
       5
       2
       2
       2
       4
       3
       3
       1
       3
       1
       4
       4
       1
       0
       1
       2
       2
       2
       1
       1
       2
       3
       1
       2
       2
       4
       2
       5
       0
       2
       3
       1
       1
       4
       1
       1
       4
       1
       2
       1
       1
       2
       1
       3
       2
       3
       1
       3
       5
       4
       0
       2
       2
       3
       0
       4
       1
       7
       0
       4
       4
       2
       0
       1
       6
       0
       1
       1
       0
       0
       5
       1
       3
       2
       0
       1
       4
       1
       2
       3
       1
       2
       7
       2
       4
       2
       2
       0
       1
       2
       2
       2
       1
       2
       0
       1
       8
       4
       4
       3
       4
       5
       4
       3
       1
       4
       3
       2
       4
       2
       2
       2
       2
       1
       3
       1
       0
       2
       3
       4
       4
       5
       4
       5
       2
       2
       5
       5
       3
       3
       1
       0
       2
       3
       1
       3
       2
       1
       6
       3
       6
       2
       4
       4
       2
       3
       2
       0
       6
       3
       4
       3
       4
       3
       2
       1
       6
       3
       2
       1
       2
       2
       4
       3
       5
       2
       2
       7
       6
       5
       6
       2
       6
       2
       2
       1
       5
       0
       3
       1
       6
       5
       6
       2
       1
       3
       2
       2
       1
       2
       1
       6
       3
       4
       4
       6
       2
       5
       4
       1
       3
       3
       5
       5
       4
       6
       5
       4
       3
       6
       3
       5
       6
       4
       4
       7
       1
       2
       4
       6
       8
       3
       2
       1
       3
       5
       5
       9
       3
       1
       3
       2
       2
       4
       7
       1
       7
       4
       4
       3
       6
       4
       0
       4
       2
       7
       1
       1
       3
       5
       4
       7
       3
       4
       3
       6
       3
       5
       1
       5
      11
       2
       5
      10
       3
       4
       7
       6
       6
       4
       6
       6
       0
       5
       4
       5
       5
       5
       9
       8
       4
       2
       5
       1
       3
       5
       6
       7
       4
      10
       4
       1
       9
       5
       4
       1
       5
       3
       4
       8
       9
       4
       6
       7
       4
       8
       8
       4
       6
      10
       1
      10
       5
      10
       5
       7
      11
      14
       2
       6
       5
       5
       7
       7
       8
       2
       9
       8
       7
       6
       9
       7
      13
       9
      12
       7
       9
      10
       9
       4
       8
       8
      12
       8
      10
       8
       7
       7
       9
      11
       8
      12
       4
       7
      12
      13
       9
       5
      13
      10
      11
      12
       6
      10
       7
       6
      12
       7
       6
      12
      11
      17
      10
      17
       8
       7
       7
       8
       9
      11
      10
      14
      13
       6
      16
      15
      11
       9
      12
      12
      12
       9
      13
      19
      13
      15
       8
      14
      16
      13
      18
      17
      11
      11
      18
      15
       9
      11
      18
      14
      14
      20
      16
      21
      13
      11
      14
      12
      11
      15
      19
      20
      18
      20
      10
      15
      18
      18
      14
      25
      18
      21
      18
      18
      24
      18
      25
      15
      20
      21
      23
      31
      23
      20
      29
      27
      22
      15
      19
      34
      34
      23
      32
      27
      17
      16
      18
      24
      30
      31
      23
      33
      31
      36
      32
      20
      21
      28
      28
      39
      33
       0
       0
       0
       0
       0
       0
       0
       0
       0
       0
       0
       0
       0
       0
       0
       0
       0
       0
       0
       0
       0
       0
       0
       0
       0
       0
       0
       0
       0
       0
       0
       0
