       0
       0
       0
       0
       0
       0
       0
       0
       0
       0
       0
       0
       0
       0
       0
       0
       0
       0
       0
       0
       0
       0
       0
       0
       0
       0
       0
       0
       0
       0
       0
       0
       0
       0
       0
       0
       0
       0
       0
       0
       0
       0
       0
       0
       0
       0
       0
       0
       4
    1615
   22924
   21409
   19502
   17238
   15577
   14386
   13253
   11971
   10952
   10138
    9189
    8448
    7828
    7155
    6784
    6173
    5839
    5447
    5000
    4563
    4333
    4095
    3791
    3465
    3277
    3012
    2755
    2616
    2378
    2221
    2066
    1895
    1831
    1624
    1479
    1309
    1253
    1061
     970
     845
     748
     642
     609
     494
     429
     362
     282
     282
     246
     207
     158
     133
     101
      88
      75
      68
      36
      36
      26
      35
      24
      14
      11
       9
      10
       8
       7
       9
       4
       5
       7
       4
       5
       5
       5
       5
       8
       2
       3
       4
       4
       6
       2
       3
       3
       2
       5
       4
       4
       5
       3
       1
       3
       4
       7
       2
       4
       4
       0
       3
       2
       3
       4
       1
       3
       3
       3
       4
       1
       2
       1
       1
       7
       5
       3
       5
       2
       0
       3
       5
       8
       4
       4
       8
       1
       2
       4
       3
       7
       0
       3
       1
       3
       3
       4
       2
       1
       5
       4
       3
       3
       4
       1
       6
       3
       2
       2
       1
       5
       0
       3
       4
       2
       6
       3
       1
       4
       2
       4
       2
       3
       1
       5
       3
       5
       2
       5
       2
       4
       5
       2
       7
       4
       0
       3
       2
       2
       1
       2
       2
       2
       1
       4
       1
       1
       2
       1
       2
       4
       5
       5
       1
       2
       2
       2
       5
       3
       3
       5
       4
       1
       2
       7
       3
       3
       7
       2
       2
       4
       2
       2
       2
       2
       4
       4
       3
       6
       3
       3
       4
       6
       3
       1
       1
       3
       2
       4
       6
       4
       4
       1
       4
       3
       2
       5
       3
       1
       2
       4
       2
       1
       2
       4
       4
       2
       3
       3
       2
       2
       3
       5
       1
       1
       2
       2
       2
       3
       3
       2
       4
       5
       0
       2
       4
       1
       0
       4
       4
       5
       1
       6
       3
       2
       7
       4
       1
       1
       4
       1
       3
       0
       3
       3
       2
       3
       1
       1
       7
       1
       4
       4
       5
       1
       2
       1
       0
       3
       6
       4
       2
       4
       1
       2
       2
       2
       2
       4
       4
       4
       1
       3
       1
       5
       2
       4
       1
       2
       2
       2
       3
       4
       2
       7
       4
       2
       4
       3
       6
       3
       3
       3
       3
       3
       5
       2
       4
       3
       3
       2
       0
       1
       0
       2
       2
       5
       2
       0
       2
       4
       2
       2
       5
       0
       1
       2
       4
       3
       2
       2
       3
       1
       2
       4
       4
       1
       2
       6
       1
       1
       0
       1
       2
       4
       3
       1
       3
       3
       0
       4
       1
       3
       1
       0
       1
       1
       5
       2
       0
       2
       1
       1
       1
       1
       1
       1
       3
       3
       4
       2
       3
       3
       6
       3
       2
       1
       1
       4
       4
       7
       2
       2
       5
       3
       6
       4
       1
       4
       1
       6
       4
       4
       4
       5
       5
       8
       0
       2
       1
       3
       6
       3
       1
       3
       1
       4
       1
       5
       1
       3
       3
       1
       3
       3
       3
       2
       1
       5
       4
       1
       5
       8
       3
       5
       4
       7
       7
       5
       5
       5
       9
       5
       4
       3
       8
       5
       3
      11
       4
       4
       7
       6
      13
       4
      12
       7
       5
       4
       8
       3
       3
       5
       7
       9
       1
       9
       2
       1
       8
       3
       1
       4
       7
       3
       1
       3
       2
       4
       1
       5
       5
       3
       3
       3
       3
       1
       2
       3
       1
       0
       1
       5
       3
       2
       3
       6
       4
       1
       2
       0
       1
       1
       2
       3
       0
       1
       3
       1
       1
       2
       2
       4
       1
       2
       2
       3
       3
       2
       2
       2
       3
       3
       2
       3
       3
       2
       0
       1
       1
       1
       1
       2
       0
       3
       3
       3
       3
       5
       3
       0
       4
       7
       2
       7
       3
       2
       3
       5
       3
       1
       4
       5
       3
       2
       6
       4
       5
       1
       3
       4
       4
       6
       7
       9
       4
       5
       6
       4
       5
       6
       8
       1
       4
       5
       3
       5
       9
       4
       6
       2
       3
       2
       4
       6
       5
       6
       4
       6
       1
       4
       3
       3
       4
       6
       1
       2
       2
       2
       3
       1
       1
       2
       6
       1
       0
       1
       3
       1
       1
       2
       4
       0
       0
       1
       1
       2
       0
       1
       2
       1
       3
       2
       3
       1
       1
       4
       1
       3
       0
       0
       1
       1
       2
       5
       0
       1
       3
       2
       2
       1
       1
       0
       0
       2
       2
       0
       5
       0
       1
       1
       0
       4
       0
       0
       2
       1
       0
       2
       0
       0
       0
       3
       2
       1
       0
       2
       0
       1
       2
       2
       2
       3
       1
       4
       1
       2
       2
       2
       2
       1
       1
       0
       2
       1
       3
       0
       2
       2
       2
       3
       3
       3
       2
       2
       4
       1
       0
       1
       2
       3
       0
       2
       0
       8
       0
       3
       2
       1
       2
       2
       2
       1
       2
       2
       1
       4
       0
       1
       0
       1
       0
       2
       1
       2
       0
       0
       1
       3
       3
       2
       0
       3
       2
       3
       1
       0
       1
       0
       1
       2
       1
       2
       0
       1
       1
       3
       1
       2
       3
       1
       2
       2
       1
       0
       2
       3
       4
       0
       1
       2
       1
       2
       4
       0
       1
       2
       4
       3
       2
       3
       2
       0
       3
       4
       1
       1
       4
       1
       3
       1
       3
       2
       3
       2
       3
       1
       1
       4
       0
       2
       4
       1
       2
       2
       4
       4
       1
       1
       5
       2
       1
       3
       2
       1
       2
       1
       0
       3
       6
       3
       6
       7
       2
       2
       0
       8
       9
       3
       5
       5
       5
       8
       3
       5
       3
       2
       0
       8
       5
      12
       6
       7
      15
      16
       9
       8
      15
      18
       8
      21
      19
      22
      21
      23
      30
      24
      24
      39
      27
      44
      43
      34
      43
      45
      44
      60
      58
      52
      55
      69
      84
      57
      63
      60
      71
      68
      79
      85
      67
      75
      52
      48
      63
      63
      61
      57
      54
      57
      58
      51
      46
      54
      53
      38
      45
      43
      32
      41
      39
      27
      35
      33
      22
      23
      31
      21
      26
      21
      19
      26
      24
      14
      19
      21
      11
      11
       5
      10
       8
       8
       7
      11
       5
       8
       7
       5
       8
       6
       1
       5
       7
       3
       4
       7
       2
       2
       4
       7
       5
       5
       5
       4
       4
       1
       1
       3
       3
       6
       6
       6
       6
       3
       6
       4
       5
       3
       7
       6
       7
       4
       7
       8
      13
       7
       8
       7
      10
      16
      15
      13
      15
      21
      12
      18
      28
      22
      23
      32
      31
      37
      35
      30
      43
      36
      43
      59
      34
      47
      61
      51
      61
      58
      52
      47
      77
      60
      50
      57
      53
      51
      66
      35
      56
      55
      54
      64
      52
      46
      50
      59
      54
      61
      48
      37
      50
      47
      43
      44
      33
      30
      26
      44
      41
      23
      23
      29
      31
      29
      21
      27
      23
      25
      15
      18
      15
      19
      18
      16
      18
      14
      10
       4
      10
      12
       6
      10
       6
      13
       9
       4
       7
       3
       4
       7
       4
       1
       6
       3
       1
       2
       3
       2
       3
       2
       1
       3
       2
       1
       2
       1
       3
       3
       1
       1
       1
       1
       3
       4
       1
       2
       1
       0
       1
       0
       3
       1
       1
       2
       1
       1
       3
       3
       1
       2
       4
       0
       2
       2
       0
       1
       2
       3
       2
       3
       1
       2
       3
       3
       2
       3
       2
       2
       2
       0
       0
       1
       2
       2
       3
       0
       0
       0
       1
       1
       0
       2
       2
       3
       1
       0
       2
       0
       1
       2
       2
       2
       2
       1
       2
       1
       2
       1
       2
       2
       1
       1
       3
       0
       0
       1
       0
       1
       0
       3
       4
       3
       3
       0
       2
       2
       4
       2
       1
       1
       1
       0
       4
       0
       2
       0
       0
       0
       2
       0
       1
       0
       1
       0
       3
       2
       2
       1
       1
       2
       0
       1
       1
       1
       1
       1
       0
       2
       0
       2
       4
       0
       1
       1
       2
       1
       1
       0
       0
       0
       1
       1
       5
       1
       2
       0
       2
       0
       1
       0
       1
       1
       2
       2
       3
       1
       0
       0
       0
       0
       1
       2
       3
       0
       1
       0
       1
       0
       0
       0
       2
       0
       1
       3
       2
       2
       0
       0
       1
       2
       0
       1
       2
       0
       1
       1
       0
       1
       1
       1
       3
       1
       0
       3
       0
       1
       2
       1
       2
       0
       1
       2
       0
       1
       2
       1
       2
       0
       1
       1
       1
       0
       2
       1
       0
       2
       2
       1
       1
       0
       4
       1
       2
       1
       0
       3
       2
       1
       0
       1
       0
       1
       1
       0
       2
       0
       3
       1
       2
       2
       1
       2
       0
       2
       3
       1
       1
       0
       1
       0
       0
       1
       1
       3
       1
       0
       0
       1
       2
       1
       2
       0
       2
       1
       0
       2
       1
       1
       0
       0
       0
       0
       2
       3
       1
       3
       3
       2
       0
       1
       1
       0
       0
       0
       2
       4
       0
       3
       2
       0
       2
       1
       2
       0
       2
       2
       0
       1
       1
       2
       1
       1
       0
       0
       0
       0
       1
       0
       1
       2
       1
       1
       0
       1
       2
       2
       3
       1
       0
       0
       0
       1
       1
       2
       0
       3
       1
       2
       0
       0
       1
       2
       0
       1
       2
       4
       1
       1
       4
       1
       1
       3
       2
       3
       0
       3
       1
       2
       3
       2
       2
       0
       3
       2
       1
       3
       1
       1
       1
       1
       2
       2
       0
       0
       0
       3
       1
       3
       1
       4
       1
       0
       0
       1
       1
       4
       8
       1
       0
       0
       1
       2
       3
       1
       2
       0
       1
       0
       2
       0
       3
       2
       3
       2
       1
       3
       1
       2
       1
       2
       4
       4
       2
       0
       2
       2
       3
       3
       2
       0
       1
       1
       0
       4
       1
       5
       1
       3
       1
       2
       2
       1
       1
       2
       2
       5
       2
       2
       1
       0
       0
       2
       2
       2
       1
       1
       0
       2
       0
       1
       0
       2
       3
       2
       1
       3
       1
       2
       2
       2
       4
       1
       5
       0
       1
       2
       2
       0
       5
       2
       1
       1
       3
       0
       1
       3
       0
       0
       1
       2
       1
       0
       2
       1
       3
       4
       0
       2
       1
       3
       3
       1
       2
       5
       1
       1
       3
       4
       4
       1
       3
       2
       0
       2
       3
       0
       1
       3
       2
       2
       4
       3
       4
       1
       1
       2
       1
       3
       1
       4
       1
       5
       4
       6
       3
       0
       1
       5
       3
       2
       1
       2
       3
       2
       1
       3
       5
       3
       4
       3
       2
       4
       4
       2
       2
       5
       2
       2
       1
       3
       5
       3
       2
       2
       1
       1
       3
       4
       2
       2
       1
       3
       0
       3
       3
       1
       6
       3
       1
       2
       3
       2
       5
       2
       0
       3
       1
       3
       1
       2
       3
       3
       4
       4
       1
       2
       2
       1
       0
       2
       2
       1
       2
       2
       6
       2
       1
       3
       1
       2
       1
       2
       3
       4
       5
       3
       0
       1
       4
       5
       3
       5
       2
       2
       1
       3
       3
       2
       1
       4
       2
       1
       2
       6
       2
       4
       3
       2
       2
       2
       3
       2
       2
       0
       6
       6
       8
       3
       2
       2
       1
       1
       3
       6
       2
       0
       2
       8
       1
       2
       2
       7
       2
       4
       6
       5
       0
       6
       4
       1
       0
       1
       4
       6
       5
       3
       1
       5
       5
       3
       7
       3
       5
       6
       1
       6
       5
       2
       2
       1
       1
       6
       4
       5
       4
       4
       5
       7
       2
       5
       6
       2
       1
       4
       2
       3
       4
       3
       3
       9
       5
       2
       2
       2
       4
       3
       2
       8
       3
       6
       3
       3
       5
       4
       4
       8
       2
       3
       5
       7
       8
       2
       4
       6
       4
       8
       2
       8
       5
       1
       7
       8
       4
       5
       2
       4
       6
      10
       3
       8
       7
       3
       7
       6
       3
       2
       4
       8
       8
       6
       7
       6
       6
       2
       9
       6
      11
       7
       6
       3
       7
       9
       6
       7
      11
       5
       4
       6
       2
       8
       6
       7
       7
      15
      12
       9
       6
       6
       5
      11
       6
      12
       4
       8
       7
       8
       9
      12
       4
      10
       6
       6
       7
       7
       7
       5
      12
      11
      10
      11
      10
       8
      13
       6
       8
      17
      12
       9
       4
       4
      11
      12
      15
       5
       9
      11
      16
      10
      15
       5
       8
      12
      15
      10
      13
       6
      12
      17
       9
      10
      10
      10
       8
      12
      11
       9
      14
      20
       7
      19
      11
      11
      16
       9
      10
      17
      17
      10
      12
      17
       9
       9
      19
      14
      10
      18
      10
      18
      10
      19
      22
      11
      23
      16
      16
      16
      15
      15
      12
      12
      21
      16
      27
      21
      17
      28
      21
      19
      19
      22
      16
      17
      19
      26
      11
      14
      20
      16
      17
      13
      27
      25
      33
      21
      19
      23
      24
      31
      17
      21
      19
      18
      31
       0
       0
       0
       0
       0
       0
       0
       0
       0
       0
       0
       0
       0
       0
       0
       0
       0
       0
       0
       0
       0
       0
       0
       0
       0
       0
       0
       0
       0
       0
       0
       0
