       0
       0
       0
       0
       0
       0
       0
       0
       0
       0
       0
       0
       0
       0
       0
       0
       0
       0
       0
       0
       0
       0
       0
       0
       0
       0
       0
       0
       0
       0
       0
       0
       0
       0
       0
       0
       0
       0
       0
       0
       0
       0
       0
       0
       0
       0
       0
       0
      15
    1771
   22888
   21172
   18963
   17210
   15404
   14276
   13032
   11719
   10715
    9886
    9067
    8119
    7679
    6983
    6377
    6003
    5425
    4928
    4687
    4246
    4049
    3778
    3417
    3169
    2912
    2702
    2485
    2334
    2157
    1916
    1872
    1665
    1567
    1315
    1250
    1116
    1059
     897
     787
     721
     623
     539
     461
     381
     346
     255
     266
     198
     165
     118
     103
      96
      69
      69
      43
      43
      31
      27
      27
      17
       8
      10
       9
      11
       8
       4
       5
       3
       3
       1
       3
       5
       1
       2
       1
       4
       5
       4
       3
       3
       4
       7
       6
       5
       1
       6
       4
       2
       8
       6
       5
       3
       3
       2
       0
       4
       2
       3
       5
       3
       3
       4
       3
       4
       3
       5
       4
       4
       2
       5
       3
       6
       3
       4
       2
       1
       3
       2
       4
       1
       3
       2
       7
       2
       5
       5
       5
       0
       1
       2
       2
       2
       3
       4
       3
       5
       3
       7
       3
       5
       1
       4
       3
       6
       3
       1
       2
       3
       0
       1
       3
       3
       1
       1
       4
       0
       3
       2
       1
       1
       4
       2
       3
       2
       2
       4
       6
       0
       6
       2
       3
       2
       0
       3
       1
       0
       5
       2
       4
       3
       2
       3
       2
       1
       3
       3
       5
       2
       3
       3
       5
       0
       2
       2
       8
       5
       2
       4
       1
       1
       3
       4
       5
       2
       5
       1
       1
       4
       5
       0
       2
       3
       1
       2
       2
       4
       2
       4
       4
       1
       1
       2
       2
       4
       1
       2
       5
       4
       3
       2
       4
       2
       2
       2
       1
       3
       4
       1
       3
       5
       4
       3
       4
       3
       5
       4
       3
       0
       2
       4
       1
       5
       1
       5
       2
       1
       1
       8
       1
       1
       2
       2
       2
       2
       3
       2
       5
       3
       0
       3
       3
       5
       4
       3
       3
       2
       1
       2
       2
       1
       5
       4
       3
       2
       3
       3
       3
       3
       3
       4
       0
       2
       0
       4
       3
       2
       1
       2
       3
       3
       5
       3
       0
       0
       4
       2
       3
       4
       2
       3
       5
       2
       3
       1
       3
       1
       1
       1
       5
       6
       2
       4
       1
       3
       6
       2
       2
       2
       0
       0
       4
       1
       3
       4
       1
       2
       3
       2
       2
       0
       2
       2
       3
       1
       1
       2
       1
       2
       2
       1
       2
       2
       2
       2
       1
       2
       0
       4
       2
       2
       2
       1
       2
       4
       1
       0
       1
       2
       1
       1
       2
       0
       1
       0
       7
       4
       2
       2
       1
       3
       2
       0
       1
       0
       2
       1
       2
       3
       3
       2
       7
       1
       0
       0
       4
       4
       4
       3
       5
       0
       0
       1
       6
       3
       0
       2
       4
       1
       2
       1
       2
       1
       1
       3
       7
       1
       1
       2
       1
       4
       3
       1
       0
       2
       1
       2
       1
       2
       0
       2
       1
       4
       2
       4
       2
       1
       1
       2
       2
       2
       3
       5
       5
       6
       3
       5
       1
       1
       1
       3
       2
       2
       2
       3
       5
       2
       4
       3
       2
       5
       2
       0
       2
       1
       2
       4
       2
       1
       2
       5
       1
       2
       3
       1
       4
       7
       1
       3
       1
       4
       3
       1
       4
       3
       5
       4
       1
       3
       6
       7
       4
       1
       2
       1
       2
       2
       2
       3
       2
       2
       2
       2
       2
       1
       3
       2
       2
       1
       5
       2
       2
       3
       1
       0
       0
       2
       3
       3
       0
       2
       1
       3
       1
       1
       1
       1
       0
       4
       0
       3
       2
       1
       1
       4
       3
       0
       3
       3
       5
       2
       1
       4
       3
       2
       4
       1
       4
       4
       2
       2
       1
       3
       3
       1
       3
       1
       0
       5
       4
       1
       1
       3
       4
       4
       1
       0
       2
       1
       1
       4
       3
       3
       2
       2
       0
       3
       3
       4
       1
       0
       4
       1
       1
       4
       2
       1
       1
       3
       2
       0
       4
       3
       3
       5
       3
       0
       2
       4
       3
       6
       2
       3
       2
       4
       1
       1
       6
       5
       3
       3
       1
       1
       2
       1
       1
       1
       1
       3
       5
       2
       2
       1
       1
       3
       4
       1
       2
       1
       1
       4
       2
       1
       0
       2
       2
       2
       0
       4
       5
       2
       1
       0
       1
       1
       1
       1
       1
       2
       2
       1
       1
       2
       2
       1
       3
       4
       2
       1
       2
       1
       2
       2
       1
       3
       2
       2
       1
       2
       0
       2
       1
       2
       1
       3
       4
       1
       2
       2
       1
       3
       4
       2
       5
       0
       4
       3
       0
       1
       2
       2
       2
       2
       2
       2
       1
       2
       4
       1
       3
       1
       0
       2
       1
       1
       2
       1
       1
       0
       0
       1
       2
       0
       3
       2
       2
       4
       4
       1
       1
       0
       0
       2
       1
       1
       1
       5
       2
       0
       1
       1
       2
       1
       0
       0
       1
       1
       2
       3
       2
       1
       1
       1
       1
       0
       0
       3
       1
       0
       1
       2
       0
       1
       3
       4
       1
       2
       4
       2
       0
       0
       1
       3
       1
       1
       3
       1
       2
       1
       1
       1
       1
       1
       1
       2
       1
       1
       1
       1
       0
       0
       3
       1
       1
       0
       0
       0
       1
       3
       3
       2
       0
       3
       2
       0
       2
       2
       1
       4
       1
       1
       2
       3
       3
       1
       3
       0
       0
       0
       2
       2
       2
       2
       1
       2
       2
       1
       0
       1
       0
       1
       3
       1
       2
       3
       1
       2
       3
       3
       1
       1
       1
       3
       1
       2
       1
       2
       5
       4
       5
       1
       0
       2
       0
       3
       2
       1
       3
       3
       3
       2
       6
       6
       2
       5
       4
       4
       3
       4
       5
       4
       5
       6
       5
       7
       8
       8
       5
      11
      11
      12
      11
      12
       9
      18
      18
      12
      14
      15
      19
      15
      18
      12
      17
      17
      16
      11
      21
      11
      10
      24
       8
      11
      11
      15
      12
       7
      16
      22
      14
      16
      11
      13
      13
      12
      12
      10
      10
       5
       6
       9
       9
       6
      10
       8
       5
       7
       8
       3
       4
       5
       5
       6
       5
       3
       3
       2
       7
       2
       3
       2
       4
       5
       1
       2
       0
       2
       3
       3
       2
       3
       3
       3
       2
       2
       1
       3
       0
       2
       0
       3
       1
       2
       3
       1
       2
       1
       3
       4
       4
       2
       5
       1
       2
       0
       1
       1
       2
       4
       1
       3
       5
       0
       5
       3
       5
       3
       2
       5
       6
       5
       6
       8
       8
      11
       8
      14
      10
       8
       9
      21
      18
      15
      13
      13
      12
      13
      21
      17
      16
      21
      18
      23
      26
      26
      21
      27
      24
      21
      16
      29
      22
      22
      33
      37
      16
      25
      31
      19
      22
      18
      11
      20
      23
      17
      11
      17
      16
      12
      16
      15
      16
      15
      15
      13
      18
       8
       8
      11
       7
       6
       8
       5
      11
       3
       5
       6
       5
       8
       4
       5
       6
       5
       8
       6
       2
       4
       2
       2
       4
       2
       1
       1
       1
       2
       1
       1
       3
       3
       0
       3
       4
       1
       3
       2
       0
       2
       0
       1
       3
       4
       1
       2
       1
       2
       2
       1
       2
       0
       2
       2
       1
       0
       1
       3
       1
       0
       0
       2
       0
       3
       1
       1
       0
       4
       0
       1
       0
       2
       2
       3
       0
       4
       1
       1
       0
       0
       0
       0
       0
       0
       1
       2
       1
       1
       1
       2
       1
       0
       1
       0
       0
       0
       2
       0
       1
       2
       1
       1
       3
       0
       1
       1
       2
       2
       0
       0
       2
       0
       0
       0
       2
       0
       0
       2
       2
       1
       7
       2
       0
       0
       0
       1
       1
       2
       2
       0
       0
       1
       0
       0
       2
       0
       2
       2
       0
       1
       1
       2
       0
       2
       1
       2
       2
       1
       0
       1
       2
       0
       0
       0
       1
       2
       0
       1
       1
       0
       0
       1
       1
       0
       2
       2
       2
       0
       0
       1
       1
       0
       2
       2
       2
       1
       0
       1
       1
       3
       0
       1
       0
       1
       1
       0
       2
       2
       1
       2
       1
       0
       0
       0
       2
       4
       3
       1
       1
       1
       1
       0
       0
       3
       1
       1
       0
       2
       2
       1
       0
       1
       0
       3
       0
       3
       0
       0
       2
       2
       1
       3
       0
       0
       2
       1
       2
       0
       0
       1
       2
       2
       1
       0
       0
       0
       0
       3
       0
       1
       1
       2
       1
       2
       1
       2
       1
       0
       0
       0
       2
       2
       1
       0
       1
       3
       1
       1
       2
       0
       0
       0
       1
       0
       1
       4
       1
       1
       0
       0
       3
       2
       1
       1
       2
       1
       2
       1
       1
       0
       2
       0
       3
       0
       4
       4
       2
       4
       0
       0
       2
       2
       0
       1
       0
       1
       2
       2
       0
       2
       1
       0
       2
       0
       3
       1
       4
       1
       0
       2
       0
       2
       1
       4
       1
       1
       0
       1
       0
       2
       2
       1
       3
       2
       2
       0
       1
       0
       0
       3
       1
       1
       0
       0
       3
       0
       2
       1
       2
       2
       3
       1
       0
       1
       1
       3
       1
       0
       2
       1
       1
       1
       2
       2
       1
       1
       1
       3
       1
       0
       0
       1
       1
       0
       0
       0
       1
       2
       3
       2
       2
       2
       0
       1
       2
       2
       0
       2
       0
       1
       1
       1
       1
       0
       1
       1
       1
       0
       0
       1
       0
       2
       2
       0
       1
       1
       4
       0
       2
       0
       0
       1
       1
       0
       5
       1
       0
       1
       1
       2
       1
       0
       1
       0
       0
       0
       1
       1
       3
       3
       1
       2
       1
       2
       0
       2
       2
       0
       1
       1
       3
       0
       0
       2
       3
       1
       1
       0
       0
       4
       4
       1
       4
       2
       4
       1
       1
       1
       2
       1
       3
       2
       3
       2
       1
       4
       1
       1
       0
       1
       0
       1
       0
       1
       1
       1
       0
       1
       1
       1
       3
       1
       2
       3
       1
       0
       2
       1
       1
       1
       2
       2
       1
       3
       1
       3
       1
       2
       2
       0
       1
       1
       0
       0
       0
       1
       0
       4
       2
       0
       0
       0
       0
       2
       0
       1
       1
       2
       1
       3
       2
       2
       1
       2
       1
       0
       2
       3
       1
       1
       3
       1
       1
       1
       0
       0
       2
       1
       5
       0
       0
       0
       5
       3
       4
       0
       3
       1
       4
       2
       4
       3
       0
       2
       0
       1
       0
       2
       1
       1
       0
       3
       2
       4
       3
       1
       2
       1
       3
       1
       1
       2
       1
       2
       2
       2
       4
       3
       2
       2
       1
       3
       3
       2
       4
       0
       3
       3
       1
       0
       3
       2
       0
       3
       1
       1
       4
       1
       4
       0
       3
       3
       4
       2
       2
       2
       2
       2
       7
       2
       1
       4
       4
       0
       1
       1
       1
       3
       1
       2
       1
       0
       1
       1
       2
       1
       3
       2
       4
       1
       4
       0
       5
       2
       0
       5
       2
       3
       5
       1
       0
       0
       3
       2
       0
       0
       2
       2
       3
       3
       5
       3
       2
       5
       4
       1
       3
       1
       5
       2
       3
       2
       2
       2
       2
       3
       0
       3
       1
       5
       1
       2
       2
       0
       1
       2
       3
       0
       2
       0
       1
       8
       5
       3
       4
       1
       3
       1
       3
       4
       3
       2
       6
       2
       1
       4
       6
       2
       2
       4
       5
       2
       2
       1
       3
       2
       3
       2
       1
       1
       2
       6
       5
       3
       4
       2
       5
       4
       3
       3
       2
       3
       3
       4
       2
       2
       3
       2
       2
       6
       4
       4
       3
       0
       2
       1
       1
       3
       1
       4
       1
       3
       4
       3
       8
       4
       3
       4
       4
       3
       6
       5
       7
       2
       3
       2
       3
       2
       3
       3
       5
       9
       4
       6
       2
       2
       2
       1
       4
       2
       7
       5
       5
       6
       8
       5
       3
       5
       5
       6
       3
       3
       6
       5
       4
      11
       5
       4
       9
       5
       3
       4
       5
       6
       2
       7
       5
       6
       3
       4
       2
       4
       9
       0
       9
       8
       7
       2
       6
       5
       5
       4
       8
       6
       4
       5
       3
       7
       4
       6
       6
       5
       5
      10
       7
       8
       9
       6
       7
       9
       8
       6
       9
       8
       6
      11
       8
       8
       7
       7
       8
      10
       5
       5
       7
       7
       2
       7
      12
       3
      11
      10
       6
       6
      11
       8
       8
       6
      10
       9
      13
       5
       8
       9
       8
      11
       7
      11
       7
       3
      16
       9
      16
      14
      12
       8
      12
      17
       8
      10
       9
      13
      11
       9
       5
      14
      12
       9
      11
      14
      11
       7
       7
       8
      11
      13
      15
       6
      10
      18
      15
       9
      20
      11
      14
       8
       7
      11
      16
      20
      14
      12
      18
      15
      16
      12
      14
      16
      15
      10
       7
      22
       9
      13
      15
      15
      17
      21
      16
      24
      15
       9
      23
      16
      22
      29
      19
      23
      25
      21
       0
       0
       0
       0
       0
       0
       0
       0
       0
       0
       0
       0
       0
       0
       0
       0
       0
       0
       0
       0
       0
       0
       0
       0
       0
       0
       0
       0
       0
       0
       0
       0
