       0
       0
       0
       0
       0
       0
       0
       0
       0
       0
       0
       0
       0
       0
       0
       0
       0
       0
       0
       0
       0
       0
       0
       0
       0
       0
       0
       0
       0
       0
       0
       0
       0
       0
       0
       0
       0
       0
       0
       0
       0
       0
       0
       0
       0
       0
       0
       0
       9
    1486
   22942
   21250
   18998
   17154
   15614
   14215
   12851
   11641
   10496
    9630
    8749
    7993
    7460
    6815
    6310
    5775
    5398
    4830
    4465
    4214
    3778
    3575
    3350
    3152
    2851
    2661
    2436
    2275
    2042
    1870
    1778
    1627
    1525
    1293
    1226
    1033
    1000
     828
     737
     634
     556
     509
     438
     355
     291
     238
     229
     159
     155
     115
     103
      86
      83
      65
      38
      35
      44
      22
       7
      17
      19
      14
      10
       8
       4
       7
       3
       5
       7
       6
       4
       3
       2
       3
       4
       2
       3
       3
       4
       3
       4
       6
       3
       3
       9
       4
       2
       3
       3
       1
       4
       3
       2
       4
       3
       1
       3
       2
       1
       3
       1
       5
       5
       8
       1
       3
       0
       2
       3
       3
       8
       4
       1
       3
       1
       2
       2
       4
       3
       4
       4
       4
       2
       1
       6
       6
       3
       2
       6
       2
       3
       4
       4
       5
       1
       2
       4
       2
       6
       2
       4
       1
       4
       3
       7
       2
       0
       4
       4
       1
       1
       3
       3
       3
       1
       8
       6
       2
       0
       3
       5
       3
       3
       0
       0
       1
       1
       2
       3
       2
       4
       3
       2
       1
       2
       3
       3
       3
       1
       2
       0
       3
       0
       4
       1
       2
       1
       5
       3
       5
       1
       3
       2
       2
       1
       0
       2
       2
       0
       4
       1
       2
       6
       3
       4
       2
       1
       2
       4
       2
       3
       6
       2
       1
       2
       3
       2
       1
       1
       5
       0
       1
       2
       0
       3
       4
       1
       4
       3
       1
       3
       1
       4
       2
       4
       1
       0
       1
       2
       4
       1
       1
       3
       2
       1
       4
       2
       4
       1
       0
       3
       2
       4
       1
       3
       0
       3
       1
       3
       4
       2
       1
       0
       2
       4
       2
       3
       0
       4
       1
       2
       1
       1
       4
       1
       3
       5
       1
       1
       2
       2
       1
       2
       0
       4
       6
       2
       2
       0
       5
       2
       3
       1
       2
       4
       5
       3
       6
       3
       1
       1
       0
       1
       2
       4
       4
       3
       4
       0
       1
       1
       3
       2
       4
       4
       1
       2
       2
       4
       2
       4
       0
       1
       2
       3
       2
       3
       2
       2
       3
       2
       2
       1
       1
       1
       3
       0
       6
       2
       2
       3
       3
       3
       3
       0
       3
       4
       7
       4
       4
       3
       4
       4
       3
       3
       3
       1
       4
       2
       2
       2
       5
       2
       2
       1
       3
       4
       1
       2
       2
       1
       2
       3
       2
       1
       3
       9
       3
       0
       2
       3
       2
       0
       1
       2
       6
       5
       5
       4
       1
       2
       1
       1
       3
       1
       2
       2
       2
       1
       0
       3
       4
       1
       3
       4
       2
       1
       2
       3
       4
       1
       2
       2
       2
       3
       4
       3
       5
       3
       2
       7
       1
       5
       5
       5
       0
       3
       3
       2
       1
       3
       1
       3
       5
       5
       8
       3
       1
       3
       7
       1
       3
       5
       2
       1
       2
       0
       2
       3
       1
       3
       7
       3
       6
       4
       1
       7
       9
       3
       4
       8
       7
       5
       4
       4
       3
       7
       5
       8
       4
       3
       5
       5
       2
       5
       4
       3
       4
       1
       0
       4
       8
       5
       5
       2
       5
       2
       3
       2
       3
       5
       4
       4
       1
       4
       7
       1
       5
       4
       2
       2
       3
       1
       3
       1
       1
       3
       4
       1
       2
       0
       2
       1
       1
       0
       1
       1
       3
       4
       1
       7
       0
       2
       3
       0
       1
       2
       0
       0
       3
       1
       3
       3
       4
       1
       2
       3
       2
       2
       2
       4
       2
       4
       2
       1
       1
       2
       2
       2
       1
       3
       3
       4
       6
       4
       1
       1
       3
       0
       4
       2
       1
       2
       2
       4
       1
       4
       4
       3
       1
       6
       3
       3
       8
       3
       1
       3
       1
       3
       3
       2
       4
       1
       7
       7
       4
       4
       4
       3
       4
       3
       5
       3
       2
       3
       3
       6
       6
       2
       3
       3
       5
       6
       1
       3
       2
       3
       5
       2
       1
       2
       1
       3
       2
       2
       5
       2
       1
       3
       4
       0
       2
       2
       3
       0
       3
       2
       2
       3
       2
       2
       2
       1
       5
       2
       1
       0
       3
       2
       5
       2
       1
       1
       3
       0
       3
       1
       1
       1
       0
       2
       1
       3
       2
       8
       2
       0
       1
       2
       0
       0
       1
       1
       0
       1
       2
       4
       2
       2
       1
       0
       2
       2
       2
       0
       0
       1
       0
       1
       3
       2
       0
       2
       2
       2
       0
       2
       2
       3
       3
       1
       1
       1
       0
       2
       2
       0
       0
       1
       1
       0
       0
       3
       0
       1
       1
       5
       3
       3
       1
       0
       1
       0
       3
       2
       1
       0
       2
       5
       0
       1
       1
       3
       1
       0
       0
       0
       4
       0
       1
       2
       1
       2
       1
       2
       1
       2
       1
       1
       1
       2
       3
       0
       0
       1
       4
       1
       1
       0
       0
       1
       1
       2
       2
       1
       4
       0
       1
       2
       0
       1
       0
       1
       1
       0
       2
       1
       0
       0
       2
       2
       4
       0
       0
       1
       0
       0
       0
       1
       0
       2
       1
       0
       1
       1
       3
       1
       2
       0
       1
       1
       3
       1
       0
       1
       1
       0
       1
       0
       1
       1
       4
       2
       1
       4
       1
       4
       3
       3
       3
       3
       2
       2
       5
       2
       0
       3
       4
       4
       1
       1
       2
       4
       3
       1
       1
       2
       2
       3
       1
       2
       0
       2
       2
       3
       1
       6
       2
       5
       4
       4
       3
       1
       4
       3
       5
       0
       1
       5
       4
       2
       8
       2
       4
       4
       6
      16
      12
       6
      10
      13
      17
      19
       9
      20
      11
      21
      31
      26
      14
      31
      34
      30
      30
      41
      38
      34
      32
      49
      28
      37
      33
      41
      51
      50
      58
      40
      39
      42
      42
      43
      42
      37
      31
      44
      35
      38
      35
      34
      34
      29
      31
      30
      23
      22
      31
      20
      27
      24
      25
      19
      17
      28
      16
      22
      16
      11
       9
       7
      10
      11
       9
      17
      11
       4
       5
      11
       5
       4
       3
       2
       2
       2
       2
       5
       4
       1
       1
       4
       2
       6
       6
       1
       1
       5
       3
       7
       3
       3
       3
       7
       2
       1
       6
       0
       2
       2
       4
       2
       0
       3
       5
       5
       2
       9
       4
       6
       3
       5
       4
       8
       8
       7
       5
      10
       6
       4
       9
      20
       9
       8
      11
      13
      11
      16
      21
      21
      16
      26
      22
      21
      32
      27
      30
      36
      37
      33
      39
      36
      39
      37
      43
      27
      55
      40
      44
      48
      36
      36
      38
      41
      31
      38
      44
      37
      43
      40
      47
      40
      41
      32
      38
      44
      33
      35
      35
      31
      18
      25
      28
      22
      25
      17
      21
      18
      22
      20
      19
      25
      18
      18
      12
      10
      15
      15
      13
      14
       9
      13
       8
       8
       5
       6
       9
       6
       8
       7
       6
       3
       3
       7
       4
       4
       4
       4
       3
       2
       4
       3
       2
       1
       3
       2
       1
       5
       2
       3
       2
       2
       1
       0
       0
       2
       1
       2
       0
       1
       3
       1
       0
       0
       0
       2
       2
       0
       1
       1
       2
       1
       1
       3
       2
       0
       2
       1
       2
       5
       0
       3
       0
       1
       2
       1
       2
       1
       0
       1
       2
       1
       1
       1
       3
       3
       1
       1
       1
       1
       1
       0
       0
       0
       0
       2
       2
       0
       0
       1
       3
       1
       4
       2
       2
       3
       0
       2
       1
       2
       1
       1
       2
       0
       2
       2
       4
       3
       2
       0
       2
       4
       0
       0
       1
       1
       0
       0
       0
       1
       3
       1
       1
       2
       1
       1
       2
       1
       2
       1
       1
       0
       1
       0
       2
       2
       1
       0
       1
       4
       0
       2
       1
       1
       1
       1
       3
       1
       2
       1
       2
       1
       1
       1
       1
       2
       0
       2
       0
       0
       1
       0
       2
       1
       0
       1
       1
       1
       2
       4
       2
       1
       1
       1
       1
       3
       2
       2
       0
       1
       0
       1
       0
       1
       0
       1
       4
       1
       0
       3
       0
       2
       0
       0
       0
       1
       0
       1
       3
       1
       2
       1
       3
       1
       3
       2
       1
       1
       3
       3
       1
       2
       1
       4
       1
       3
       2
       3
       1
       3
       2
       3
       5
       2
       1
       0
       3
       1
       1
       1
       0
       4
       0
       0
       1
       1
       0
       0
       2
       3
       3
       1
       1
       1
       2
       1
       1
       3
       1
       3
       0
       3
       1
       1
       2
       2
       0
       0
       5
       0
       1
       0
       0
       1
       1
       1
       1
       3
       2
       2
       1
       1
       0
       0
       2
       0
       2
       1
       2
       1
       0
       1
       1
       0
       1
       2
       1
       2
       2
       2
       1
       1
       0
       1
       1
       2
       3
       0
       0
       1
       0
       1
       0
       3
       0
       2
       0
       1
       0
       0
       0
       3
       3
       3
       2
       2
       1
       0
       1
       0
       2
       1
       1
       2
       1
       0
       0
       0
       2
       0
       0
       0
       1
       2
       2
       0
       0
       3
       0
       3
       2
       0
       1
       1
       1
       0
       1
       1
       3
       4
       1
       0
       1
       2
       1
       1
       2
       4
       1
       0
       2
       1
       3
       1
       2
       3
       4
       2
       1
       2
       2
       1
       2
       1
       3
       1
       0
       3
       1
       0
       2
       3
       0
       2
       1
       0
       1
       0
       2
       2
       1
       3
       0
       1
       1
       0
       3
       2
       2
       5
       4
       3
       1
       1
       1
       2
       0
       0
       2
       0
       0
       2
       1
       2
       3
       0
       2
       1
       1
       4
       2
       4
       1
       1
       1
       1
       2
       0
       1
       0
       1
       4
       1
       2
       1
       0
       0
       3
       2
       2
       3
       1
       0
       0
       0
       0
       1
       0
       2
       3
       2
       2
       2
       1
       3
       2
       2
       2
       3
       1
       2
       0
       1
       1
       1
       2
       0
       3
       3
       3
       1
       2
       1
       2
       1
       0
       1
       3
       3
       1
       2
       3
       2
       1
       1
       8
       4
       0
       1
       2
       0
       2
       3
       0
       0
       4
       0
       1
       1
       0
       2
       1
       1
       3
       3
       0
       3
       3
       1
       2
       0
       1
       2
       0
       1
       3
       2
       2
       5
       6
       2
       0
       3
       0
       2
       3
       5
       6
       6
       0
       1
       3
       2
       1
       3
       4
       3
       5
       1
       0
       1
       2
       2
       0
       1
       2
       2
       2
       3
       6
       3
       1
       1
       2
       6
       2
       1
       0
       2
       3
       1
       5
       2
       2
       5
       1
       1
       4
       2
       3
       0
       3
       2
       5
       1
       5
       7
       2
       1
       3
       2
       7
       4
       1
       3
       3
       0
       3
       1
       0
       1
       2
       3
       2
       0
       3
       2
       7
       3
       3
       3
       7
       2
       4
       1
       2
       2
       4
       1
       4
       3
       4
       2
       3
       2
       1
       3
       2
       2
       2
       1
       3
       1
       2
       4
       1
       3
       5
       4
       4
       2
       0
       7
       2
       2
       1
       0
       5
       3
       3
       3
       2
       2
       2
       0
       0
       1
       2
       4
       2
       5
       0
       5
       2
       5
       1
       3
       2
       1
       4
       2
       2
       2
       1
       3
       1
       2
       3
       4
       4
       4
       3
       5
       3
       4
       4
       4
       3
       2
       3
       3
       2
       7
       1
       2
       3
       2
       4
       2
       3
       4
       7
       2
       5
       4
       4
       4
       5
       3
       2
       7
       2
       4
       2
       4
       5
       5
       1
       7
       6
       4
       7
       5
       3
       7
       5
       6
       1
       2
       1
       5
       2
       3
       3
       4
       5
       6
       1
       6
       2
       4
       6
       4
       3
       6
       3
       7
       4
       5
       7
       5
       6
       7
       2
       4
       6
       3
       3
       6
       4
       2
       6
       5
       3
       6
       6
       4
       4
       8
       5
       7
       6
       5
       6
       8
       3
       2
       4
       3
       8
       5
       7
       3
       6
       4
       6
       5
       3
       4
       6
       8
       6
       3
       3
       1
       3
       6
       5
      11
       4
       5
      12
       8
       4
       5
       9
       1
       4
       6
       9
       7
       4
       6
       9
       8
       8
       3
      13
       3
      10
       9
      12
       8
       6
      11
       7
       9
       8
       7
      11
       9
       7
       6
      15
      12
       5
       9
       8
      10
       7
       5
       7
      10
       8
      10
       4
       8
       8
      15
      11
      13
      17
       7
       8
       7
       7
       7
      11
       7
      11
      11
      12
      18
      13
       7
      12
      10
      15
      11
       9
      11
       8
      13
      11
      16
      13
      12
      11
       7
      11
      14
      18
       8
      24
       8
      10
      16
      14
       8
      13
       9
      14
       7
      15
      12
      12
       7
      19
      15
      20
      17
      20
      14
      20
      18
      15
      12
      16
      19
      16
      25
      15
      19
      16
      21
      18
      16
      15
      21
      18
      20
      23
      19
      13
      24
      18
      28
      21
      18
       0
       0
       0
       0
       0
       0
       0
       0
       0
       0
       0
       0
       0
       0
       0
       0
       0
       0
       0
       0
       0
       0
       0
       0
       0
       0
       0
       0
       0
       0
       0
       0
