       0
       0
       0
       0
       0
       0
       0
       0
       0
       0
       0
       0
       0
       0
       0
       0
       0
       0
       0
       0
       0
       0
       0
       0
       0
       0
       0
       0
       0
       0
       0
       0
       0
       0
       0
       0
       0
       0
       0
       0
       0
       0
       0
       0
       0
       0
       1
       0
       3
    1812
   23100
   21122
   19369
   17306
   15437
   14306
   12760
   11740
   10504
    9626
    8772
    8275
    7387
    6957
    6270
    5768
    5374
    5046
    4558
    4245
    3922
    3566
    3461
    3238
    2975
    2752
    2522
    2313
    2131
    2013
    1782
    1700
    1553
    1437
    1225
    1164
    1009
     908
     790
     718
     602
     568
     442
     376
     352
     329
     275
     201
     186
     168
     143
     105
      88
      81
      73
      64
      46
      47
      52
      39
      46
      56
      29
      41
      32
      25
      22
      26
      31
      30
      27
      36
      28
      20
      34
      26
      18
      31
      20
      34
      29
      22
      19
      21
      27
      20
      17
      21
      33
      15
      43
      19
      15
      18
      16
      31
      18
      25
      26
      11
      16
      16
      32
      21
      25
      20
      18
      17
      15
      18
      15
      25
      18
      22
      24
      14
      19
      11
      26
      15
      24
      20
      20
      25
      17
      19
      16
      17
      23
      18
      16
      19
      18
      25
      15
      15
      14
      10
      18
      18
      16
      23
      18
      19
      13
      30
      17
      16
      14
      20
      10
      12
      17
      21
      23
       9
      12
      21
      13
       9
      18
      11
      15
      15
      16
      12
      14
      16
      14
      13
       8
      11
      21
      11
      15
      12
      19
      13
      18
      15
       9
      18
      11
      20
      17
      14
      13
      15
      13
       7
      14
      13
      12
      19
      10
      17
      14
      13
      13
      14
      12
       9
      11
      16
       8
       8
      13
      14
      12
      13
       9
      13
      14
      17
      12
      13
      16
      11
      11
       8
      12
      13
      15
      10
      19
      12
      14
      15
      16
      12
       6
       8
      10
       9
      11
      13
       8
      10
      16
      15
       8
      26
      11
      15
      14
      13
       6
       9
      11
      11
      10
       6
      15
      10
       9
       6
      13
      10
      10
      10
       9
      14
      16
      15
       4
      14
      14
       9
      10
      11
      12
      10
       8
      11
      10
      10
       8
      11
       2
      10
       9
      13
      12
       7
      12
      11
       5
       8
       6
      12
      16
       7
      10
       4
       9
       6
       7
      11
       8
       9
      10
      15
       7
      10
       7
      11
       8
       6
      11
       9
      13
      10
       8
       5
       9
      13
       7
      15
      13
      12
      12
       7
       4
       6
       8
      12
       9
      13
       9
      12
      13
      10
      11
      16
       7
      10
      13
      12
       9
       7
       7
       8
       7
      13
      12
       9
      16
       5
      10
      15
       9
       8
      13
       8
       5
      14
       8
       7
      11
      10
      11
       7
      13
      15
       3
      16
       9
      16
       8
      16
      10
      10
      14
      17
      16
      15
       8
      14
      15
      11
      24
      13
       7
      13
      10
       6
      12
      18
      14
      14
      13
      19
      18
      21
      24
      22
      23
      20
      21
      23
      25
      20
      24
      26
      29
      32
      37
      23
      40
      25
      36
      29
      40
      41
      36
      36
      38
      32
      36
      44
      33
      33
      41
      35
      48
      44
      47
      52
      57
      45
      44
      46
      55
      51
      50
      68
      53
      62
      47
      67
      67
      76
      76
      72
      84
      89
      94
      96
      90
      95
     122
     105
      98
     116
     131
     145
     126
     139
     156
     148
     132
     152
     138
     159
     159
     155
     140
     168
     169
     159
     136
     142
     178
     153
     140
     130
     137
     146
     108
     121
     119
     134
     139
     115
      90
      99
     105
     118
      65
      85
      73
      84
      72
      77
      65
      62
      59
      49
      69
      46
      58
      42
      33
      43
      29
      31
      32
      29
      25
      17
      26
      24
      16
      18
      20
      17
      15
      10
      16
      15
      16
      14
      20
      19
      15
      14
      11
      17
      12
      16
      15
      12
      11
      18
      10
      19
      14
      19
      23
      10
      16
      20
      18
      14
      19
      20
      22
      12
      15
      17
      12
      18
      17
      21
      24
      12
      22
      18
      13
      18
      17
      15
      12
      28
      16
      17
      27
      28
      34
      22
      38
      31
      41
      41
      35
      41
      31
      41
      35
      52
      33
      35
      52
      41
      56
      41
      42
      51
      56
      47
      37
      36
      43
      46
      38
      44
      41
      36
      41
      41
      37
      40
      37
      35
      35
      26
      32
      30
      40
      29
      19
      23
      22
      26
      13
      24
      21
      19
      15
      24
      16
      19
      18
      18
      13
      22
      14
      11
      15
      12
      11
      10
       9
       6
      12
      14
      12
      11
      12
       9
       7
      10
       9
       8
       9
       4
       6
       8
       6
      13
       4
       9
       9
       3
       8
       5
       8
       4
       6
       5
       6
       6
       3
       9
       6
       3
       9
       6
       8
       5
       9
      12
      11
       4
       3
       9
       6
       1
      10
       4
       7
       4
       3
       3
       7
       8
       6
       8
       4
       8
       8
      13
       5
       7
       4
       6
       6
      12
       8
       4
       4
       8
       8
       3
       5
       4
       7
       7
       9
       5
       4
       5
       4
       9
       6
      10
       5
       5
       9
       5
      10
      12
       6
       8
       7
       7
      13
       8
       7
       9
       6
       8
      13
       9
       9
       6
       7
       7
       6
       4
       5
       7
       5
       4
       6
       2
       9
       7
      10
       1
       9
      12
      11
       8
       5
      13
      13
      10
       8
       6
       9
       7
      13
       9
      14
      11
      13
      15
      10
      10
      10
      12
      15
      15
      13
      16
      13
       8
      13
      17
      11
      18
      14
      13
      14
      16
      22
      24
      16
      10
       8
      15
      13
      15
      16
      13
      21
      29
      17
      16
      22
      24
      22
      11
      22
      25
      25
      20
      21
      15
      21
      21
      31
      19
      39
      36
      31
      39
      34
      43
      39
      47
      45
      32
      45
      53
      62
      56
      49
      49
      57
      86
      72
      80
      63
      90
      91
     120
      98
     121
     116
     114
     120
     137
     168
     210
     200
     224
     220
     249
     276
     302
     331
     350
     404
     422
     511
     535
     588
     650
     693
     786
     911
     901
    1062
    1045
    1178
    1219
    1344
    1394
    1507
    1641
    1759
    1884
    1945
    2005
    2057
    2070
    2124
    2220
    2321
    2308
    2362
    2390
    2397
    2305
    2436
    2435
    2382
    2320
    2435
    2360
    2284
    2244
    2153
    2194
    2067
    1917
    1967
    1821
    1752
    1727
    1706
    1594
    1568
    1465
    1396
    1311
    1249
    1195
    1099
    1084
     969
     946
     863
     780
     773
     718
     666
     605
     580
     535
     516
     459
     408
     383
     358
     317
     319
     259
     222
     221
     178
     176
     174
     131
     120
     126
      96
     117
     107
      85
     104
      72
      71
      61
      68
      60
      53
      57
      65
      52
      50
      62
      43
      48
      72
      60
      42
      50
      60
      57
      73
      64
      57
      76
      51
      72
      81
      88
     116
      74
     102
     105
     152
     157
     149
     181
     165
     204
     221
     233
     232
     290
     284
     336
     361
     374
     402
     404
     436
     511
     524
     551
     564
     589
     639
     623
     637
     643
     689
     719
     737
     753
     719
     737
     729
     774
     762
     723
     792
     714
     713
     709
     675
     689
     736
     705
     632
     613
     590
     610
     539
     595
     556
     569
     492
     439
     466
     464
     396
     409
     391
     392
     375
     328
     337
     310
     281
     271
     275
     241
     218
     208
     183
     199
     162
     135
     135
     116
     140
     122
     122
      90
      86
      66
      71
      59
      68
      56
      67
      59
      39
      32
      30
      32
      26
      27
      39
      17
      27
      23
      14
      15
      18
      13
      10
       5
      12
       4
       8
       7
       8
       6
       4
       6
       3
       2
      11
       5
       6
       6
       5
       3
       2
       3
       4
       3
       5
       6
       0
       2
       1
       3
       3
       0
       1
       2
       5
       3
       2
       1
       4
       2
       2
       1
       2
       3
       2
       1
       0
       0
       1
       3
       1
       1
       2
       1
       2
       1
       0
       2
       4
       2
       1
       2
       4
       1
       3
       2
       2
       3
       5
       0
       4
       0
       2
       0
       0
       3
       4
       1
       2
       2
       1
       3
       3
       4
       2
       4
       1
       1
       0
       3
       1
       1
       3
       2
       3
       4
       2
       1
       4
       4
       2
       0
       5
       1
       0
       0
       1
       2
       1
       1
       1
       4
       1
       0
       1
       2
       2
       3
       1
       4
       2
       3
       3
       2
       1
       1
       1
       2
       3
       2
       1
       0
       3
       3
       4
       5
       3
       4
       1
       3
       4
       0
       2
       3
       2
       5
       4
       2
       2
       2
       0
       3
       2
       1
       4
       4
       2
       1
       2
       4
       1
       1
       2
       2
       3
       1
       1
       1
       3
       3
       1
       2
       2
       3
       3
       3
       1
       3
       3
       2
       2
       3
       4
       1
       6
       4
       3
       1
       3
       2
       1
       2
       1
       0
       3
       3
       3
       2
       3
       1
       1
       1
       6
       2
       4
       2
       3
       3
       0
       3
       4
       2
       3
       2
       3
       3
       0
       8
       2
       2
       0
       3
       4
       3
       4
       1
       4
       0
       3
       3
       1
       1
       3
       2
       3
       3
       4
       3
       1
       2
       4
       4
       2
       5
       6
       3
       5
       1
       2
       2
       4
       3
       1
       2
       2
       3
       2
       3
       1
       8
       2
       3
       2
       5
       3
       1
       3
       2
       0
       3
       1
       4
       2
       3
       4
       3
       2
       2
       4
       1
       5
       3
       3
       2
       5
       7
       5
       1
       4
       5
       1
       1
       1
       5
       2
       2
       4
       5
       2
       5
       5
       2
       6
       2
       1
       3
       2
       3
       3
       2
       2
       3
       0
       0
       4
       4
       4
       3
       3
       5
       1
       3
       5
       2
       6
       3
       3
       3
       2
       5
       4
       2
       4
       1
       3
       2
       5
       5
       2
       4
       3
       1
       1
       4
       7
       3
       1
       0
       4
       5
       2
       4
       4
       3
       2
       1
       1
       1
       1
       3
       3
       4
       2
       1
       6
       0
       5
       3
       3
       6
       5
       3
       2
       2
       2
       2
       3
       8
       1
       3
       2
       1
       2
       5
       5
       3
       4
       5
       7
       3
       2
       1
       5
       1
       3
       3
       1
       3
       1
       5
       2
       2
       3
       0
       2
       1
       4
       2
       2
       4
       1
       4
       4
       2
       1
       3
       1
       5
       5
       2
       4
       1
       3
       1
       4
       1
       2
       1
       4
       3
       2
       2
       6
       1
       2
       4
       1
       3
       2
       4
       5
       3
       2
       2
       4
       3
       5
       3
       5
       4
       5
       4
       2
       4
       9
       4
       2
       5
       1
       3
       5
       5
       6
       3
       5
       6
       4
       6
       3
       1
       4
       4
       4
       3
       2
       3
       3
       2
       2
       3
       2
       4
       0
       5
       4
       4
       6
       3
       2
       3
       6
       5
       3
       1
       3
       1
       5
       3
       5
       4
       1
       7
       4
       5
       5
       2
       6
       6
       4
       1
       4
       4
       7
       0
       5
       4
      10
       2
       5
       5
      10
       2
       2
       6
       5
       3
       3
       4
       4
       6
       5
       6
       5
       3
       3
       3
       5
       4
       4
       1
       3
       3
       5
       0
       7
       6
       5
       3
       8
       4
       3
       4
       1
       6
       2
       5
       8
       5
       3
       6
       8
       2
       4
       6
       4
       5
       7
       3
       6
       7
       1
       7
       3
       5
       6
       6
       3
       9
       5
       5
       8
       5
       5
       3
       5
       3
       9
       6
       4
       7
       9
       3
       8
       3
       4
       7
      12
       1
       4
       7
       6
       1
       6
       5
       7
       1
       4
       4
       5
       7
       4
       1
       3
       7
       6
       2
       8
       3
       6
       3
       3
       4
       4
       6
       9
       1
       3
       4
       9
       5
       4
       6
       7
       7
       4
       3
       3
       5
       5
       3
       5
       4
       3
       8
       3
       4
       7
      11
       5
       9
       3
       4
       6
      12
       5
       6
      10
       4
       9
       5
       6
       2
       8
       9
       7
       9
       8
       5
       7
      12
       8
      11
       9
      10
       4
       2
       9
       4
       4
       8
       6
       7
       9
       8
       4
       8
       8
       4
       8
       1
      14
       9
       5
       7
       5
       8
       6
       7
       7
      14
      11
       7
       8
       5
       9
       7
      14
      12
       6
      16
       5
       7
      13
       6
       6
      10
       9
       8
       7
       9
       6
      10
      11
      11
      11
       5
       7
      10
      16
       7
       6
      15
       8
       5
      11
      11
       6
      12
      14
      14
      12
       7
       9
       9
      13
       8
      12
      10
      10
      15
      10
      13
      13
       9
      10
      13
      10
       9
      14
       8
      14
      12
      11
      13
      12
       8
       8
      12
      12
      12
      14
      12
      13
      11
      14
      18
      11
      11
      12
      18
      14
       7
      10
       7
      11
      13
      19
      13
       5
      20
      13
      14
      11
       7
      12
      14
      14
      19
      18
      12
      14
      11
       9
      13
      15
      13
      10
      17
      16
      22
      11
      16
      21
      15
      18
      15
      20
       9
      26
      17
      19
      10
      25
      28
      11
      12
      15
      19
      22
      17
      15
      17
      31
      17
      20
      24
      19
      25
      17
      17
      18
      22
      24
      14
      20
      16
      19
      20
      21
      28
      31
      21
      24
      35
      33
      21
      27
      28
      23
      21
      18
      34
      23
      26
      27
      28
      24
      28
      32
      25
      26
      25
      21
      24
      21
      29
      31
      35
      35
      35
      23
      37
      33
      46
      34
      30
      38
      37
      50
      25
      30
      37
       0
       0
       0
       0
       0
       0
       0
       0
       0
       0
       0
       0
       0
       0
       0
       0
       0
       0
       0
       0
       0
       0
       0
       0
       0
       0
       0
       0
       0
       0
       0
       0
