       0
       0
       0
       0
       0
       0
       0
       0
       0
       0
       0
       0
       0
       0
       0
       0
       0
       0
       0
       0
       0
       0
       0
       0
       0
       0
       0
       0
       0
       0
       0
       0
       0
       0
       0
       0
       0
       0
       0
       0
       0
       0
       0
       0
       0
       0
       0
       0
       9
    1666
   22424
   20915
   18615
   16750
   15231
   13657
   12511
   11316
   10179
    9435
    8599
    7891
    7270
    6516
    6085
    5580
    5215
    4693
    4446
    4047
    3747
    3364
    3254
    2902
    2721
    2519
    2365
    2223
    2006
    1795
    1675
    1520
    1436
    1273
    1139
    1062
     951
     793
     718
     601
     557
     458
     405
     318
     269
     222
     218
     168
     137
     115
      92
      58
      63
      51
      42
      24
      16
      21
      10
      10
       8
      10
       9
      10
      11
      10
       7
       4
       8
       5
      10
       6
       7
      11
       4
       2
       6
       3
       5
       5
      12
       2
       9
       9
       6
       4
       6
       2
       5
       4
       6
       4
      10
       3
       3
       3
       5
       3
       5
       5
       2
       3
       2
       2
       3
       6
       2
       1
       7
       8
       3
       8
       5
       1
       3
       4
       1
       3
       3
       8
       5
       2
       3
       6
       0
       7
       5
       6
       2
       5
       2
       6
       3
       3
       5
       7
       4
       7
       7
       2
       3
       6
       5
       5
       8
       5
       3
       2
       2
       7
       5
       6
       2
       6
       4
       2
       4
       3
       7
       6
       3
       7
       2
       3
       3
       4
       2
       4
       2
       5
       4
       3
       2
       3
       4
       3
       3
       8
       3
       3
       4
       3
       3
       2
       3
       2
       1
       1
       3
       3
       3
       6
       2
       5
       3
       3
       4
       4
       2
       6
       4
       0
       2
       3
       0
       3
       4
       1
       2
       2
       6
       2
       3
       6
       5
       1
       5
       1
       2
       7
       2
       2
       5
       2
       2
       2
       4
       2
       1
       1
       4
       8
       4
       3
       4
       4
       1
       4
       0
       1
       2
       2
       1
       3
       3
       5
       3
       4
       5
       1
       3
       1
       4
       2
       3
       3
       4
       3
       1
       3
       2
       5
       6
       1
       3
       1
       1
       3
       3
       3
       0
       3
       1
       3
       5
       3
       0
       3
       3
       2
       2
       1
       5
       5
       2
       3
       5
       6
       2
       6
       6
       2
       1
       2
       3
       2
       4
       4
       6
       4
       3
       1
       1
       5
       6
       2
       3
       2
       4
       4
       3
       4
       2
       3
       2
       3
       1
       4
       4
       2
       4
       3
       1
       2
       0
       2
       4
       2
       3
       2
       2
       1
       4
       2
       4
       3
       1
       1
       2
       4
       0
       4
       4
       3
       3
       2
       3
       1
       1
       4
       2
       2
       5
       8
       4
       3
       5
       0
       1
       2
       4
       3
       2
       3
       5
       6
       2
       4
       3
       2
       0
       3
       2
       0
       5
       2
       4
       2
       2
       2
       5
       5
       2
       3
       4
       3
       2
       3
       4
       3
       4
       3
       1
       7
       2
       2
       1
       8
       1
       3
       2
       3
       4
       3
       3
       3
       5
       5
       5
       3
       1
       3
       5
       5
       6
       3
       5
       1
       5
       8
       4
       3
       5
       5
       6
       5
       6
       3
       9
       4
       3
       4
       5
       9
       2
       5
       3
       7
       2
       5
       5
       1
      11
       7
       5
       2
       6
       7
       6
       5
       8
       8
       9
       7
       5
       5
       8
      22
      14
       6
      16
      12
      10
      11
       8
       9
       9
       9
      13
      17
       9
       8
       9
       5
      12
       7
       9
      10
      12
      12
      10
       6
       6
       3
       7
      12
      12
       7
      10
       7
       6
       2
      10
       8
       4
       5
       4
       6
       2
       6
       7
       1
       3
       2
       2
       8
       4
       4
       3
       4
       4
       5
       3
       6
       3
       4
       4
       1
       1
       2
       3
       1
       1
       8
       7
       3
       5
       2
       2
       2
       4
       4
       2
       5
       2
       1
       2
       1
       6
       4
       6
       2
       4
       3
       7
       3
       2
       4
       3
       1
       7
       5
       2
       3
       7
       1
       4
       1
       4
       3
       1
       6
       2
       3
       3
       6
       4
       7
       7
       3
       5
       3
       4
       4
       4
       5
       5
       9
       8
       6
       6
       9
       4
       7
       7
       3
       8
       8
       6
       7
      10
       7
       7
      10
       7
       5
       4
       8
       8
       3
       8
       6
       9
       8
       6
       3
       4
       5
       4
       4
      10
       3
       9
       2
       3
       3
       2
       5
       5
       3
       7
       4
       4
       5
       4
       3
       3
       4
       2
       2
       6
       3
       2
       4
       1
       3
       5
       0
       3
       3
       0
       4
       1
       2
       3
       0
       1
       4
       2
       3
       2
       2
       1
       6
       3
       5
       0
       1
       1
       1
       2
       2
       0
       1
       2
       2
       2
       4
       0
       0
       1
       1
       3
       1
       2
       3
       1
       1
       0
       2
       0
       2
       3
       1
       2
       1
       2
       1
       1
       1
       1
       5
       2
       1
       1
       2
       1
       1
       1
       0
       3
       1
       3
       1
       1
       1
       0
       4
       1
       1
       5
       2
       2
       1
       1
       0
       0
       2
       2
       1
       0
       1
       3
       6
       2
       1
       0
       2
       2
       0
       1
       1
       0
       1
       2
       2
       2
       4
       0
       0
       2
       3
       2
       2
       3
       2
       4
       2
       0
       1
       0
       0
       3
       1
       0
       1
       0
       2
       1
       3
       1
       4
       4
       0
       2
       2
       4
       2
       2
       1
       7
       1
       2
       1
       4
       1
       4
       3
       1
       2
       5
       1
       3
       2
       1
       2
       2
       2
       2
       2
       1
       1
       1
       3
       1
       1
       5
       0
       1
       2
       2
       3
       1
       3
       1
       2
       1
       2
       2
       0
       2
       1
       3
       1
       4
       7
       2
       4
       4
       3
       2
       5
       3
       6
       3
       1
       4
       4
       7
       4
       7
       8
       5
       6
       4
       7
       5
      12
       6
       7
      10
      13
       8
       8
      16
      11
      10
      14
      12
      16
      14
      19
      16
      20
      32
      30
      28
      34
      31
      33
      37
      52
      45
      52
      50
      68
      59
      65
      67
      79
      88
      94
      76
      98
     100
     112
     126
     110
     139
     138
     123
     140
     130
     155
     113
     139
     148
     134
     129
     150
     142
     122
     136
     145
     140
      99
     113
     105
      95
     116
      88
      94
     101
      82
      77
      79
      73
      74
      74
      61
      56
      71
      65
      53
      50
      49
      47
      32
      45
      34
      33
      35
      44
      30
      21
      27
      12
      19
      27
      25
      16
      13
      12
       9
       6
       7
      11
      10
      12
      10
      12
       7
       4
      10
      10
       9
       9
       6
       5
       8
       5
       6
       7
      10
       4
       3
       3
       8
      14
      13
       8
       3
       9
       9
       7
      14
      10
       8
      10
      19
      10
      18
      18
      20
      12
      25
      25
      21
      18
      31
      25
      37
      25
      42
      35
      40
      52
      36
      50
      60
      56
      65
      65
      60
      80
      77
      79
      91
      83
      86
     101
      84
      99
      88
     101
      91
      94
      96
     104
     101
      86
     101
     101
     107
      99
      85
      77
      97
      76
      91
      86
      80
      78
      70
      76
      67
      75
      64
      72
      54
      64
      48
      48
      64
      56
      31
      39
      63
      49
      34
      33
      32
      21
      25
      25
      29
      29
      20
      20
      20
      11
      22
      14
      20
      15
      12
      11
       7
       9
       9
       6
       3
       8
       3
       7
       3
       7
       4
       3
       5
       2
       4
       5
       2
       2
       3
       0
       1
       1
       2
       3
       2
       1
       1
       0
       2
       4
       2
       3
       2
       0
       4
       0
       1
       1
       3
       3
       0
       2
       0
       3
       0
       1
       1
       1
       0
       1
       1
       1
       2
       1
       1
       0
       2
       3
       1
       5
       1
       0
       2
       0
       0
       1
       1
       2
       2
       1
       0
       1
       0
       3
       1
       3
       3
       0
       2
       0
       1
       6
       1
       5
       0
       3
       1
       1
       0
       2
       4
       1
       2
       0
       1
       1
       2
       0
       2
       0
       2
       0
       1
       2
       1
       2
       3
       3
       2
       2
       2
       1
       2
       0
       2
       1
       0
       1
       2
       1
       1
       2
       2
       1
       0
       1
       0
       2
       2
       1
       1
       2
       1
       2
       1
       3
       0
       1
       1
       0
       0
       4
       1
       2
       2
       2
       0
       1
       1
       0
       2
       0
       2
       0
       2
       4
       2
       1
       0
       0
       2
       0
       0
       1
       0
       0
       2
       4
       2
       0
       2
       1
       3
       1
       0
       0
       3
       1
       0
       1
       1
       1
       2
       5
       1
       1
       3
       1
       2
       2
       1
       3
       0
       3
       1
       0
       0
       1
       1
       0
       2
       1
       1
       1
       4
       2
       0
       0
       4
       0
       1
       1
       0
       1
       0
       2
       2
       0
       0
       1
       1
       1
       1
       3
       1
       0
       2
       1
       1
       2
       1
       2
       1
       1
       0
       0
       1
       2
       0
       1
       5
       1
       0
       1
       0
       2
       3
       3
       1
       3
       3
       1
       1
       2
       2
       1
       1
       0
       1
       2
       0
       1
       3
       3
       4
       1
       1
       4
       0
       1
       0
       2
       1
       3
       2
       0
       0
       1
       0
       1
       1
       2
       2
       0
       4
       2
       0
       1
       1
       0
       1
       1
       1
       1
       3
       1
       1
       1
       2
       1
       1
       1
       1
       1
       4
       0
       2
       3
       2
       2
       1
       1
       1
       0
       2
       0
       2
       1
       0
       0
       1
       1
       0
       1
       2
       2
       1
       1
       1
       2
       1
       1
       0
       1
       0
       3
       0
       0
       0
       2
       1
       2
       1
       1
       2
       0
       3
       0
       1
       0
       3
       1
       1
       2
       5
       2
       2
       1
       2
       0
       1
       0
       2
       0
       3
       1
       1
       1
       0
       0
       0
       1
       2
       1
       3
       3
       2
       0
       3
       1
       3
       0
       4
       3
       1
       2
       2
       0
       4
       5
       0
       2
       2
       1
       1
       2
       0
       3
       3
       0
       2
       0
       1
       0
       3
       1
       3
       1
       5
       1
       1
       0
       0
       2
       3
       2
       1
       4
       3
       1
       1
       1
       1
       2
       0
       2
       1
       2
       3
       3
       1
       0
       1
       1
       0
       0
       2
       1
       2
       2
       1
       0
       1
       0
       1
       1
       2
       2
       1
       3
       1
       1
       1
       3
       2
       0
       1
       1
       4
       2
       3
       5
       2
       1
       2
       3
       1
       1
       1
       1
       3
       3
       2
       4
       2
       2
       1
       0
       1
       5
       1
       0
       4
       2
       4
       1
       1
       3
       1
       3
       5
       3
       1
       6
       1
       2
       1
       2
       2
       1
       2
       0
       2
       1
       3
       1
       0
       1
       3
       0
       2
       0
       1
       6
       3
       1
       5
       4
       3
       5
       0
       2
       3
       3
       0
       0
       2
       2
       4
       1
       2
       3
       7
       5
       2
       3
       1
       4
       0
       4
       3
       4
       1
       3
       2
       1
       2
       2
       3
       1
       4
       0
       1
       3
       1
       2
       3
       2
       7
       2
       5
       1
       6
       3
       5
       3
       5
       4
       2
       2
       3
       3
       3
       4
       2
       1
       3
       1
       1
       2
       4
       1
       3
       3
       5
       7
       4
       0
       2
       7
       3
       2
       1
       3
       4
       6
       5
       2
       2
       9
       4
       3
       1
       1
       3
       2
       2
       2
       5
       5
       2
       2
       9
       1
       3
       1
       2
       3
       3
       3
       3
       2
       2
       3
       4
       6
       2
       6
       8
       2
       2
       1
       4
       4
       5
       3
       8
       5
       3
       2
       2
       1
       2
       3
       4
       5
       5
       5
       1
       6
       4
       3
       5
       1
       1
       5
       5
       3
       2
       8
       2
       0
       0
       2
       4
       1
       2
       1
       2
       4
       4
       3
       4
       3
       5
       5
       4
       2
       5
       5
       9
       7
       3
       3
       3
       2
       4
       5
       7
       1
       3
       9
       6
       3
       3
       6
       3
       4
       7
       3
       4
       4
       5
       5
       7
       5
       4
       5
       5
       4
       3
       5
       3
       3
       1
       5
       9
       3
      10
       9
       4
       9
       5
       6
       5
       6
       5
       4
       8
       6
       1
       4
       3
       8
       3
       8
       4
       4
       3
      16
       6
       3
       6
       8
       3
       4
       5
       3
       0
       4
       5
       1
       8
       3
       6
       7
       3
      13
       4
       8
      12
       2
      10
      11
       4
       9
       7
       8
       7
       7
       3
      13
      11
       9
       7
       8
       8
      12
       5
       8
       5
      13
       9
       7
       7
       6
       7
       5
       7
      13
       9
      11
      10
       9
       8
       6
       9
      11
      12
       8
       7
      10
       7
      15
       6
       5
       9
      10
       8
       3
       5
       8
       9
       9
      13
      10
       5
       8
       9
       7
       6
       9
      11
       9
       8
      15
      13
      14
       8
      11
      10
      14
      19
      13
      11
      10
       8
       6
      10
      14
      20
      10
      11
       7
       6
      12
      13
      14
      18
      13
      10
      18
      15
      15
      19
      16
      14
       8
       9
      13
      15
      18
      13
      13
      20
      18
      21
      16
      19
      26
      19
      12
      14
      22
      18
      25
      20
      15
      19
      16
      11
      19
      15
      22
      15
      28
      30
      17
      24
      25
      19
      26
      16
      22
      28
      30
      31
      25
      21
      35
      27
      23
      21
      28
      24
      17
      29
      25
      26
       0
       0
       0
       0
       0
       0
       0
       0
       0
       0
       0
       0
       0
       0
       0
       0
       0
       0
       0
       0
       0
       0
       0
       0
       0
       0
       0
       0
       0
       0
       0
       0
