       0
       0
       1
       2
    5769
  153899
 4401076
 1203010
 1322892
 1220101
 1055911
  904204
  741603
  578619
  430871
  313491
  225609
  164243
  121213
   90249
   68600
   52417
   40263
   31535
   23520
   17527
   12880
    8680
    5628
    3840
    2555
    1737
    1303
    1061
     966
     880
     822
     844
     796
     739
     687
     706
     683
     695
     655
     643
     603
     616
     545
     545
     552
     569
     561
     538
     498
     507
     517
     477
     475
     456
     477
     447
     490
     445
     458
     455
     438
     409
     357
     412
     400
     367
     389
     420
     366
     379
     376
     354
     360
     350
     351
     363
     331
     355
     370
     331
     333
     321
     320
     315
     333
     316
     289
     316
     324
     268
     304
     275
     313
     316
     312
     285
     291
     297
     277
     278
     258
     237
     264
     287
     276
     274
     279
     291
     264
     240
     256
     283
     244
     276
     223
     242
     273
     289
     270
     273
     319
     270
     291
     343
     341
     362
     359
     390
     418
     362
     399
     387
     424
     471
     475
     577
     638
     762
     814
    1015
    1170
    1321
    1488
    1575
    1607
    1671
    1606
    1675
    1749
    1792
    1971
    2326
    2768
    3480
    4189
    4914
    5644
    6085
    6648
    6733
    6548
    6066
    5705
    5075
    4420
    3721
    3353
    2860
    2421
    2090
    1751
    1461
    1172
     916
     783
     675
     576
     506
     486
     496
     480
     477
     529
     564
     510
     495
     502
     562
     566
     620
     635
     738
     858
    1004
    1121
    1344
    1394
    1476
    1437
    1471
    1351
    1276
    1126
    1054
     976
     893
     834
     726
     649
     585
     472
     443
     374
     333
     312
     296
     287
     242
     226
     225
     228
     208
     215
     229
     220
     211
     186
     195
     222
     199
     210
     230
     245
     225
     215
     230
     229
     213
     224
     259
     226
     232
     261
     245
     271
     275
     268
     272
     294
     307
     305
     314
     333
     331
     378
     386
     415
     434
     441
     448
     464
     497
     521
     579
     608
     654
     686
     756
     830
     980
    1045
    1167
    1336
    1502
    1772
    2039
    2312
    2739
    3367
    4033
    5153
    6392
    8498
   11246
   15333
   21225
   28515
   38524
   49919
   63461
   76049
   87882
   96405
  101345
  102344
   97600
   90816
   82027
   71604
   62854
   53935
   46165
   39679
   33327
   27678
   22508
   17820
   13623
   10152
    7549
    5366
    4184
    3170
    2561
    2211
    1879
    1772
    1725
    1811
    1942
    2281
    2674
    3436
    4420
    5910
    7900
   10359
   13392
   16746
   19833
   22989
   24543
   25627
   25595
   24816
   22946
   21044
   19586
   17603
   16075
   14021
   12573
   10508
    8955
    7285
    5946
    4705
    3562
    2735
    2212
    1725
    1291
     936
     776
     586
     466
     289
     252
     223
     159
     142
     134
      99
      98
      99
      80
      84
      85
      83
      70
      59
      75
      83
      60
      78
      94
      81
      68
      88
      64
      82
      72
      66
      80
      66
      81
      60
      76
      69
      71
      68
      67
      71
      60
      63
      85
      66
      63
      66
      90
      68
      75
      66
      87
      70
      72
      86
      90
      98
      96
     108
     117
     106
     129
     137
     127
     155
     139
     142
     132
     137
     147
     151
     160
     156
     160
     162
     155
     154
     154
     164
     160
     144
     178
     173
     157
     167
     142
     156
     186
     184
     184
     175
     190
     204
     197
     216
     181
     194
     226
     225
     228
     225
     191
     189
     218
     204
     179
     223
     209
     223
     221
     197
     185
     192
     193
     205
     194
     167
     197
     182
     202
     195
     167
     184
     189
     178
     200
     175
     187
     182
     171
     179
     193
     203
     178
     189
     197
     203
     187
     177
     166
     194
     193
     216
     232
     202
     193
     183
     185
     202
     183
     178
     193
     177
     221
     214
     192
     201
     184
     188
     204
     197
     210
     182
     200
     215
     215
     179
     229
     196
     200
     193
     202
     209
     214
     222
     202
     223
     219
     202
     205
     224
     216
     222
     229
     217
     218
     245
     238
     248
     234
     209
     223
     232
     232
     217
     230
     244
     245
     197
     218
     232
     228
     265
     225
     247
     287
     269
     264
     265
     297
     284
     262
     246
     277
     286
     283
     305
     299
     338
     287
     290
     310
     313
     323
     326
     357
     336
     377
     360
     373
     392
     418
     408
     454
     459
     449
     486
     508
     497
     533
     507
     511
     490
     509
     451
     433
     441
     391
     435
     391
     389
     406
     367
     397
     367
     415
     371
     364
     361
     416
     404
     421
     414
     444
     463
     464
     469
     448
     525
     508
     556
     535
     617
     618
     589
     631
     582
     636
     663
     695
     743
     759
     792
     761
     799
     801
     847
     859
     863
     890
     956
    1008
    1003
    1083
    1119
    1183
    1252
    1318
    1348
    1436
    1471
    1660
    1644
    1655
    1795
    1799
    1876
    1928
    2015
    1977
    2007
    2083
    2115
    2068
    2127
    2080
    2110
    2008
    1992
    1974
    1869
    1918
    1744
    1709
    1643
    1591
    1460
    1431
    1452
    1317
    1266
    1201
    1163
    1121
    1122
    1024
     983
     942
     930
     870
     880
     805
     819
     721
     690
     684
     729
     672
     632
     607
     662
     636
     663
     589
     560
     596
     566
     554
     545
     602
     526
     539
     569
     532
     529
     558
     515
     500
     530
     540
     491
     511
     519
     497
     469
     467
     494
     445
     437
     470
     478
     490
     503
     483
     461
     470
     457
     458
     480
     470
     437
     475
     439
     441
     492
     441
     455
     453
     443
     422
     459
     422
     418
     396
     403
     414
     394
     385
     362
     411
     411
     385
     376
     367
     353
     386
     340
     340
     364
     380
     316
     342
     353
     374
     318
     384
     318
     352
     353
     337
     328
     336
     363
     380
     355
     379
     408
     422
     457
     559
     645
     833
    1068
    1323
    1751
    2272
    2863
    3549
    4025
    4453
    4825
    4817
    4755
    4405
    4219
    3691
    3354
    2852
    2418
    2089
    1766
    1450
    1147
     984
     721
     584
     438
     334
     235
     158
     139
     108
      71
      82
      83
      70
      50
      41
      47
      49
      38
      51
      31
      32
      37
      28
      51
      40
      32
      33
      33
      26
      42
      35
      44
      42
      37
      35
      40
      45
      47
      35
      25
      42
      28
      57
      39
      32
      37
      48
      43
      30
      37
      46
      42
      40
      42
      41
      34
      40
      37
      44
      32
      38
      46
      45
      47
      25
      34
      40
      58
      42
      43
      39
      52
      50
      53
      45
      39
      30
      39
      42
      40
      45
      49
      37
      39
      58
      52
      38
      58
      52
      48
      57
      46
      59
      57
      72
      52
      59
      57
      53
      62
      65
      54
      57
      51
      55
      66
      40
      48
      48
      47
      55
      45
      50
      46
      54
      49
      33
      65
      61
      45
      63
      49
      45
      47
      44
      46
      54
      66
      51
      68
      59
      61
      56
      57
      50
      47
      45
      60
      50
      59
      39
      45
      55
      52
      51
      46
      57
      51
      54
      61
      39
      41
      59
      65
      53
      59
      49
      47
      44
      55
      51
      58
      70
      71
      77
      80
      87
      88
      82
      89
      81
      82
      64
      78
      90
      76
      54
      64
      73
      56
      53
      56
      51
      55
      54
      63
      63
      65
      63
      62
      67
      61
      89
      89
      92
      97
     104
     108
     114
     104
     103
      97
      91
      77
      88
      88
      83
      59
      63
      55
      47
      39
      46
      41
      48
      41
      42
      56
      50
      48
      37
      38
      33
      39
      35
      48
      49
      33
      43
      35
      43
      42
      31
      39
      39
      38
      42
      39
      41
      38
      39
      44
      37
      47
      35
      31
      40
      45
      50
      29
      31
      30
      40
      23
      37
      30
      49
      29
      39
      35
      47
      33
      38
      34
      38
      29
      39
      39
      40
      34
      56
      45
      29
      38
      40
      27
      51
      47
      43
      37
      38
      43
      41
      53
      52
      45
      35
      46
      44
      49
      38
      35
      39
      40
      25
      44
      34
      28
      26
      25
      22
      30
      21
      21
      15
      15
      27
      19
      21
      29
      17
      20
      27
      24
      27
      26
      26
      19
      30
      27
      32
      33
      32
      33
      35
      30
      40
      47
      49
      43
      51
      45
      41
      46
      48
      40
      44
      46
      37
      37
      40
      33
      28
      26
      32
      19
      28
      19
      21
      28
      20
      26
      22
      14
      25
      25
      27
      24
      30
      20
      28
      33
      25
      24
      33
      33
      31
      22
      30
      29
      29
      19
      23
      31
      20
      22
      27
      25
      20
      22
      25
      29
      20
      16
      24
      20
      16
      18
      18
      15
      16
      23
      22
      15
      20
      23
      21
      10
      19
      17
      21
      15
      20
      20
      23
      30
      25
      23
      22
      16
      24
      20
      20
      25
      13
      24
      21
      31
      24
      12
      22
      19
      18
      21
      22
      13
      24
      18
      20
      21
      16
      16
      11
      23
      20
      14
      25
      20
      24
      18
      21
      23
      17
      16
      23
      24
      20
      20
      20
      17
      20
      15
      26
      17
      22
      19
      18
      21
      11
      18
      27
      15
      20
      28
      22
      22
      27
      20
      15
      23
      21
      19
      23
      12
      22
      22
      27
      16
      17
      18
      15
      20
      20
      20
      18
      21
      21
      17
      16
      16
      19
      20
      20
      17
      17
      17
      18
      18
      25
      18
      14
      19
      17
      21
      18
      15
      14
      10
      19
      20
      20
      22
      21
      15
      21
      29
      24
      26
      18
      17
      22
      25
      19
      19
      15
      20
      28
      19
      17
      23
      20
      25
      17
      13
      14
      15
      20
      24
      19
      12
      20
      21
      14
      18
      19
      21
      18
      22
      19
      13
      14
      21
      20
      12
      22
      16
      25
      18
      21
      16
      22
      23
      20
      18
      24
      22
      13
      19
      16
      17
      13
      23
      26
      19
      22
      20
      16
      24
      16
      20
      25
      23
      27
      19
      27
      10
      23
      27
      17
      23
      18
      20
      19
      21
      29
      21
      20
      13
      17
      23
      23
      17
      24
      24
      19
      18
      17
      21
      17
      22
      26
      20
      14
      15
      16
      24
      26
      13
      16
      14
      12
      19
      15
      15
      23
      18
      17
      21
      19
      18
      24
      25
      18
      19
      20
      18
      18
      20
      16
      30
      16
      31
      12
      17
      27
      21
      20
      23
      17
      20
      18
      19
      25
      21
      15
      22
      22
      23
      18
      13
      15
      21
      18
      18
      30
      15
      16
      18
      24
      25
      16
      24
      16
      26
      17
      17
      18
      16
      12
      24
      22
      11
      15
      20
      19
      18
      23
      24
      24
      21
      23
      20
      17
      24
      22
      11
      15
      23
      25
      24
      18
      20
      14
      26
      25
      15
      22
      11
      17
      18
      21
      15
      19
      20
      23
      20
      29
      16
      16
      21
      16
      21
      16
      17
      19
      18
      16
      16
      22
      12
      22
      17
      25
      22
      16
      30
      15
      19
      19
      27
      15
      21
      13
      13
      13
      20
      14
      23
      26
      17
      18
      16
      19
      19
      12
      18
      19
      18
      15
      20
      21
      16
      23
      19
      21
      18
      27
      14
      14
      15
      18
      20
      30
      17
      19
      14
      18
      20
      15
      21
      19
      17
      23
      13
      13
      17
      17
      25
      21
      20
      16
      23
      15
      17
      12
      27
      19
      26
      13
      16
      22
      17
      13
      22
      17
      17
      25
      19
      25
      21
      17
      17
      19
      22
      20
      15
      19
      15
      21
      24
      20
      24
      14
      20
      12
      21
      16
      24
      18
      13
      20
      21
      17
      21
      14
      18
      28
      23
      27
      20
      16
      18
      31
       9
      23
      22
      29
      23
      21
      19
      25
      21
      26
      24
      20
      21
      17
      23
      27
      19
      19
      14
      20
      17
      18
      14
      21
      17
      20
      20
      26
      27
      22
      17
      24
      15
      26
      20
      36
      32
      27
      31
      32
      29
      32
      30
      23
      32
      32
      22
      26
      24
      28
      25
      23
      22
      21
      18
      21
      17
      20
      11
      27
      20
      23
      14
      19
      10
      23
      18
      17
      17
      26
      19
      14
      15
      22
      22
      24
      19
      18
      18
      20
      15
      19
      16
      14
      21
      12
      26
      23
      13
      21
      19
      21
      20
      30
      20
      17
      20
      18
      24
      17
      15
      18
      19
      24
      19
      21
      24
      17
      17
      17
      19
      24
      23
      21
      14
      24
      16
      18
      24
      17
      20
      18
      18
      14
      26
      30
      19
      16
      24
      15
      26
      20
      25
      13
      18
      19
      21
      16
      27
      15
      21
      25
      29
      24
      28
      27
      24
      22
      14
      22
      11
      21
      24
      21
      21
      29
      28
      20
      17
      24
      26
      13
      30
      12
      21
       9
      21
      24
      22
      12
      20
      20
      23
      21
      13
      16
      33
      28
      19
      21
      18
      14
      13
      25
      21
      22
      14
      19
      22
      20
      21
      13
      17
      19
      25
      18
      22
      14
      12
      21
      21
      14
      17
      17
      19
      18
      25
      15
      23
      28
      16
      15
      22
      19
       6
      19
      18
      14
      22
      25
      15
      31
      21
      17
      23
      22
      24
      27
      18
      30
      26
      25
      13
      17
      15
      13
      18
      17
      22
      17
      20
      21
      20
      24
      18
      25
      20
      23
      21
      19
      23
      29
      20
      23
      22
      17
      21
      11
      20
      24
      20
      18
      22
      19
      22
      23
      17
      25
      20
      20
      22
      21
      25
      21
      22
      19
      24
      34
      24
      26
      22
      20
      27
      22
      27
      22
      27
      21
      17
      21
      16
      14
      23
      14
      26
      18
      16
      21
      16
      22
      25
      17
      28
      23
      22
      18
      17
      22
      23
      11
      16
      21
      28
      14
      24
      22
      21
      18
      22
      12
      24
      30
      23
      39
      26
      23
      29
      22
      31
      28
      40
      22
      24
      21
      36
      18
      20
      23
      28
      19
      24
      23
      16
      19
      30
      21
      20
      20
      19
      36
      21
      16
       0
       0
       0
       0
       0
       0
       0
       0
       0
       0
       0
       0
       0
       0
       0
       0
       0
       0
       0
       0
       0
       0
       0
       0
       0
       0
       0
       0
       0
       0
       0
       0
