       0
       0
       0
       0
       0
       0
       0
       0
       0
       0
       0
       0
       0
       0
       0
       0
       0
       0
       0
       0
       0
       0
       0
       0
       0
       0
       0
       0
       0
       0
       0
       0
       0
       0
       0
       0
       0
       0
       0
       0
       0
       0
       0
       0
       0
       0
       0
       0
       6
    1738
   22993
   21244
   18870
   17145
   15572
   13912
   12849
   11614
   10763
    9671
    8706
    8151
    7512
    6796
    6219
    5820
    5392
    4847
    4561
    4159
    3913
    3607
    3366
    3174
    2902
    2673
    2561
    2267
    2093
    1943
    1793
    1706
    1435
    1364
    1163
    1135
    1009
     933
     763
     709
     608
     478
     413
     362
     311
     284
     230
     201
     172
     142
     112
     111
     103
      69
      65
      57
      47
      43
      37
      31
      35
      28
      29
      33
      22
      21
      17
      22
      22
      25
      18
      20
      28
      14
      17
      23
      14
      21
      22
      22
      18
      10
      15
      26
      12
      22
      12
      13
      17
      16
      15
      12
       9
      18
      26
      20
      22
      14
      12
      22
      28
       5
      19
      16
      18
       9
      15
      11
      16
      10
      19
      11
      17
      17
      14
      14
      10
       9
      15
      18
      11
      21
      10
      10
      12
       8
      14
       9
      13
      14
      11
      16
       9
      13
      15
      11
       6
      13
      12
      14
       4
      13
       8
      20
      14
       8
       8
      17
      16
       9
      10
      17
      12
      13
       9
      11
      11
      17
      11
      15
      10
      17
      20
       8
       5
       7
      10
      11
       8
       8
      11
      15
       9
       8
      10
      13
      12
      11
      19
       9
       9
      12
      11
       7
       7
      16
      12
       7
       9
       7
      15
       9
      11
       9
      12
      13
       9
       7
       8
      10
       7
       5
      13
      11
      11
       6
       7
      10
      16
      13
      17
      11
      10
      12
      12
       9
       6
       5
      14
       9
      11
       5
       9
      10
       5
       6
       3
      10
       8
       9
       8
      12
       7
       8
      10
       5
      11
      11
       5
       6
      14
       8
      13
      10
      11
       7
       9
      10
       4
      10
       9
       8
      11
       9
       8
       4
       6
      12
       7
      14
      13
       6
       8
       7
      13
      13
       9
      13
       3
       1
      11
       6
       5
       4
       4
       7
      13
       7
       8
      11
       8
      10
       5
       9
       7
       5
       4
       7
       6
       5
       8
       8
       9
       4
       9
       3
       9
       7
       4
       4
       6
       6
      11
       8
      11
       3
       7
       7
       9
       1
       9
       5
       9
      11
      10
       8
      12
       4
       6
       6
       2
       7
       6
      12
       9
       5
       8
      10
       3
       8
       9
      11
      10
       8
       8
       8
      11
       9
       6
       7
      10
      11
       8
       5
       5
       5
       7
       5
       6
       6
       2
       7
       8
       6
       2
       9
       6
      10
       5
       6
       8
      10
       5
       6
      10
       7
       8
       5
       8
      10
      11
      11
       8
       7
       8
       6
      17
       6
       8
       8
       8
       8
      10
      10
      10
      10
      14
      16
      17
      10
       7
      17
       8
      14
      11
      12
      10
       9
      15
      18
      15
      15
      17
      23
      19
      18
      21
      23
      27
      31
      18
      35
      27
      23
      25
      27
      22
      27
      32
      39
      34
      23
      32
      27
      26
      29
      22
      30
      38
      40
      39
      38
      33
      41
      40
      37
      54
      39
      55
      49
      28
      49
      42
      50
      42
      57
      52
      76
      56
      71
      75
      91
      78
      75
      89
      96
     100
      92
      91
      95
     104
     111
     117
     114
     130
     128
     105
     101
     130
     120
     118
      99
     119
     109
     116
     103
     104
     100
     104
      99
      92
      82
      90
      85
      65
      72
      51
      68
      66
      64
      45
      66
      43
      52
      40
      44
      39
      45
      29
      33
      25
      24
      31
      24
      28
      18
      22
      19
      13
      18
      16
      13
      21
      19
      14
      16
       9
      12
      24
      18
       6
      16
      12
       7
      13
       6
      10
      14
      16
      11
      17
      17
      12
       8
      17
      13
      13
      12
       9
       8
       7
      10
      13
       5
      11
      14
      15
      12
      13
      11
      14
      19
      23
      14
      12
      16
      20
       7
      10
      18
       9
      16
      14
      21
      12
      21
      24
      17
      17
      28
      18
      26
      25
      26
      28
      38
      22
      24
      28
      19
      30
      34
      36
      32
      24
      25
      31
      33
      39
      34
      44
      36
      35
      35
      41
      44
      36
      31
      24
      25
      34
      21
      33
      25
      26
      26
      24
      26
      20
      11
      16
      18
      11
      14
      21
      21
      18
      16
      26
      10
      14
      12
      16
      12
      11
      11
       8
      10
      12
       7
       8
      10
       7
       7
       3
       9
       4
      10
       4
       9
       2
      10
       9
       7
       8
       4
       5
       4
       4
       6
       7
       4
       4
       2
       4
       3
       6
       1
       3
       7
       3
       2
       3
       5
       1
       3
       5
       7
       4
       5
       4
       7
      10
       6
       7
       6
       2
       1
       5
       3
       3
       7
       3
       1
       3
       4
       5
       5
       4
       5
       4
       8
       6
       3
       6
       4
       2
       6
       4
       1
       5
       2
       6
       6
       4
       3
       7
       3
       4
       4
       7
       7
       2
       5
       6
       5
       7
       1
      10
      10
       3
       5
       7
       5
       5
       4
      11
       4
       3
       1
       0
       5
       4
       2
       8
       4
       7
       7
       5
       3
       9
       2
       2
      10
       6
       3
       4
       5
       5
       2
       7
       3
       7
       5
       9
      12
       8
       7
       6
       6
       7
       4
       7
      11
       7
       4
       6
       6
       7
      11
       6
      11
      10
      13
       3
       9
       5
       6
       9
      15
      10
       4
       8
       6
      10
       8
       9
       7
       6
       6
      13
      14
      10
      13
      13
       5
      10
      16
      12
      13
      11
      13
      15
      10
      15
      11
      10
      14
      12
      21
      22
      18
      20
      19
      25
      16
      18
      15
      17
      23
      24
      28
      26
      28
      22
      33
      33
      43
      38
      41
      47
      34
      55
      44
      57
      53
      63
      67
      73
      78
      82
      81
      95
     105
      98
     124
     126
     125
     164
     178
     214
     228
     237
     248
     261
     326
     338
     387
     429
     454
     487
     547
     612
     615
     705
     755
     784
     864
     901
    1028
    1053
    1102
    1174
    1266
    1283
    1355
    1443
    1498
    1551
    1579
    1591
    1558
    1688
    1635
    1663
    1776
    1682
    1703
    1666
    1613
    1624
    1656
    1607
    1564
    1518
    1493
    1518
    1373
    1351
    1295
    1242
    1172
    1124
    1094
     993
    1023
     947
     917
     821
     813
     769
     719
     718
     676
     609
     574
     544
     517
     439
     413
     398
     385
     365
     317
     298
     287
     244
     212
     197
     165
     176
     150
     126
     111
     107
      97
      77
      79
      77
      73
      64
      56
      63
      48
      45
      51
      38
      51
      51
      36
      35
      33
      30
      29
      43
      38
      41
      43
      40
      35
      35
      56
      38
      50
      46
      46
      55
      65
      68
      69
      65
      78
      72
      95
      92
     107
     122
     133
     136
     147
     164
     165
     191
     221
     205
     231
     254
     282
     299
     315
     357
     376
     371
     456
     431
     503
     469
     516
     506
     502
     578
     565
     600
     580
     573
     571
     586
     594
     600
     619
     581
     588
     576
     570
     566
     565
     568
     521
     538
     470
     450
     434
     481
     429
     394
     376
     413
     369
     363
     352
     345
     329
     317
     286
     271
     269
     227
     225
     233
     220
     221
     193
     168
     146
     170
     132
     127
     119
     105
     106
      96
      69
      83
      66
      78
      49
      53
      59
      43
      43
      50
      36
      28
      35
      35
      32
      29
      18
      26
       8
      10
      10
      19
      13
      13
       7
      12
       8
      12
       6
       5
       7
       5
       8
       4
       4
       1
       2
       6
       2
       4
       5
       3
       1
       6
       1
       7
       4
       0
       1
       2
       3
       3
       5
       1
       0
       2
       2
       1
       1
       2
       2
       1
       3
       3
       4
       6
       3
       2
       2
       4
       1
       1
       2
       1
       1
       0
       3
       2
       3
       2
       0
       1
       2
       1
       1
       1
       1
       2
       0
       2
       3
       3
       2
       1
       2
       1
       2
       2
       1
       2
       0
       3
       2
       2
       6
       3
       2
       4
       0
       2
       1
       1
       2
       2
       1
       1
       2
       0
       0
       3
       2
       0
       2
       0
       3
       1
       1
       2
       3
       2
       2
       4
       2
       1
       5
       1
       3
       0
       3
       3
       1
       1
       1
       4
       5
       1
       3
       1
       2
       2
       3
       0
       1
       1
       1
       1
       3
       0
       1
       1
       1
       0
       3
       2
       1
       0
       4
       1
       0
       3
       4
       1
       1
       3
       1
       1
       1
       2
       1
       0
       0
       0
       5
       2
       0
       2
       1
       2
       2
       3
       0
       5
       5
       2
       3
       0
       0
       2
       1
       3
       1
       2
       5
       2
       0
       2
       0
       3
       1
       1
       2
       1
       2
       1
       1
       1
       1
       1
       2
       1
       0
       1
       3
       4
       3
       1
       2
       0
       1
       1
       0
       4
       1
       4
       1
       2
       1
       2
       0
       3
       2
       1
       4
       1
       6
       3
       3
       0
       6
       1
       1
       4
       3
       0
       2
       1
       0
       2
       0
       5
       0
       1
       2
       5
       3
       0
       0
       1
       2
       1
       4
       4
       2
       3
       1
       1
       0
       2
       5
       1
       3
       3
       1
       3
       3
       0
       8
       0
       1
       3
       3
       4
       2
       1
       4
       0
       3
       1
       1
       3
       1
       6
       0
       0
       2
       2
       2
       4
       3
       2
       3
       5
       2
       1
       3
       4
       1
       4
       6
       3
       0
       0
       4
       1
       1
       2
       4
       4
       3
       5
       1
       3
       0
       3
       2
       5
       4
       1
       1
       2
       0
       1
       2
       4
       1
       5
       0
       2
       3
       2
       3
       2
       1
       3
       5
       1
       2
       2
       5
       1
       1
       3
       3
       0
       1
       1
       3
       3
       5
       2
       1
       1
       2
       1
       2
       5
       0
       1
       3
       1
       1
       4
       4
       2
       1
       2
       1
       3
       2
       1
       3
       2
       4
       3
       2
       4
       1
       4
       2
       2
       3
       4
       2
       2
       3
       3
       2
       0
       6
       5
       4
       2
       1
       0
       0
       3
       1
       3
       5
       2
       0
       1
       2
       2
       1
       1
       3
       3
       2
       2
       3
       2
       3
       0
       3
       1
       4
       2
       2
       1
       1
       2
       4
       3
       4
       3
       1
       2
       3
       3
       2
       2
       1
       3
       1
       1
       1
       1
       3
       3
       4
       4
       1
       2
       2
       3
       2
       2
       5
       3
       4
       2
       4
       2
       3
       2
       2
       0
       3
       6
       0
       1
       1
       6
       5
       3
       8
       4
       1
       3
       7
       3
       5
       1
       3
       4
       2
       3
       2
       2
       1
       0
       4
       3
       4
       4
       2
       3
       3
       6
       3
       4
       5
       1
       3
       1
       3
       5
       1
       3
       3
       2
       3
       4
       4
       3
       2
       0
       5
       1
       3
       3
       2
       4
       3
       2
       1
       3
       4
       4
       4
       3
       3
       4
       4
       0
       4
       5
       4
       1
       3
       2
       3
       5
       7
       4
       6
       2
       2
       8
       4
       3
       5
       5
       2
       5
       5
       3
       2
       1
       9
       5
       2
       4
       5
       6
       7
       7
       5
       6
       8
       2
       4
       4
       7
       3
       8
       6
       3
       4
       2
       4
       2
       4
       2
       6
       1
       2
       3
       3
       2
       8
       3
       2
       3
       4
       5
       3
       2
       3
       2
       4
       3
       7
       4
       2
       1
       5
       1
       7
       0
       7
       4
       4
       0
       6
       3
       5
       2
       2
       3
       4
       2
       4
       3
       4
       3
       3
       2
       3
       5
       4
       1
       5
       6
       3
       3
       1
       5
       1
       4
       4
       9
       5
       4
       5
       6
       3
       5
       7
       2
       9
       2
      12
       2
       2
       2
       4
       3
       5
       5
       4
       2
       7
       5
       4
      12
       2
       5
       3
      11
       3
       7
       2
       6
       8
       4
       7
       8
       6
       4
       4
       9
       6
       4
       5
       3
       8
       6
       9
       7
       7
       9
       3
      10
       6
       5
       4
       3
       7
       5
       3
       3
       4
       5
       5
       5
       8
       5
       7
       6
       5
       8
       5
       4
       6
      10
       7
       8
       3
       4
       5
       3
       9
       9
       5
       9
       8
      12
       9
       7
      10
      13
      10
       2
      12
       8
       5
       7
       6
      13
       3
       7
       4
      13
       4
       4
       9
      11
      10
      10
       7
       7
       6
      11
      11
      10
       6
       9
       6
       8
      12
       6
       9
       9
       8
      10
       3
       6
       9
      11
       3
      12
      11
      10
       7
       7
      10
       9
       7
      13
      12
      12
      11
       9
      10
      11
      17
       9
       8
      13
      11
      14
      15
      13
      19
      11
      10
      14
       7
      10
      10
      20
      15
      13
      13
      17
      11
       9
      20
       8
      13
       8
      17
       6
       8
      16
      12
      10
      11
      12
      18
      11
      18
      14
      10
      13
      15
      13
      10
      23
      16
       9
      20
      16
      19
      13
      19
      17
      18
      17
      14
      27
      11
      17
      20
      19
      13
      17
      17
      17
      22
      15
      20
      19
      11
      17
      19
      19
      19
      20
      25
      14
      26
      21
      28
      13
      21
      26
      20
      21
      21
      23
      21
      24
      19
      24
      24
      20
      21
      33
      23
      23
      20
      27
      34
      24
      18
      27
      33
      27
      29
      36
      31
      25
      35
      24
      34
      26
      27
      40
      24
      35
      28
      32
       0
       0
       0
       0
       0
       0
       0
       0
       0
       0
       0
       0
       0
       0
       0
       0
       0
       0
       0
       0
       0
       0
       0
       0
       0
       0
       0
       0
       0
       0
       0
       0
