       0
       0
       0
       0
       0
       0
       0
       0
       0
       0
       0
       0
       0
       0
       0
       0
       0
       0
       0
       0
       0
       0
       0
       0
       0
       0
       0
       0
       0
       0
       0
       0
       0
       0
       0
       0
       0
       0
       0
       0
       0
       0
       0
       0
       0
       0
       0
       0
      12
    1797
   23060
   21076
   18953
   16875
   15420
   13761
   12725
   11443
   10541
    9540
    8848
    8032
    7417
    6842
    6294
    5675
    5256
    4885
    4443
    4058
    3894
    3463
    3301
    3040
    2877
    2621
    2427
    2272
    2044
    1888
    1704
    1542
    1388
    1303
    1176
    1082
     931
     874
     736
     634
     578
     456
     423
     373
     295
     231
     216
     181
     158
     132
      98
      88
      81
      49
      39
      37
      31
      32
      30
      14
      18
      10
      10
      13
      11
      10
      10
      12
      10
      12
      15
      13
      11
      11
      12
       8
      15
       6
      18
      15
      11
      11
      15
       7
      11
      12
      13
       6
      11
       8
      10
       6
      18
      10
      13
      17
      11
      11
      14
       8
      10
      17
      11
       9
      13
      10
      12
       3
      13
      15
       8
       8
       8
      11
       9
      11
       9
      11
      10
       6
      10
       6
      11
       6
       6
      12
       9
      10
       8
       9
      10
      13
       9
       7
       7
       5
       6
      10
      10
       4
      12
       8
       7
       3
      12
       6
      10
       9
       5
      14
       4
       8
       9
       6
       6
       5
       9
       8
       3
      13
       8
       8
      12
       4
       7
      10
      12
       8
       7
      13
       6
       5
       8
       4
      11
       8
       7
       6
       6
       6
       9
      10
       6
       9
       7
       8
       4
       7
      11
       6
       9
       9
       5
       7
       5
      11
       4
       5
       7
       8
       2
      10
       4
       7
       8
       4
       1
       6
       3
       5
       5
      10
       4
      10
      11
       5
       5
       4
       6
       3
       6
       8
       5
       5
       4
       5
      10
       2
       5
       6
      10
       8
       2
       5
       4
       7
       6
       1
       4
       8
       5
      11
       8
       6
       4
       6
       6
       3
       2
       8
       5
       5
       9
       3
       3
       8
       4
       9
       8
       6
       7
       3
       3
       5
       6
       6
       8
       6
       4
       2
       3
       5
       4
       4
       7
       1
       0
       7
       9
       4
       5
       9
       6
       2
       6
      10
       9
       7
       4
       3
       4
       6
       8
       3
       7
       3
       3
       5
       9
       5
       5
       6
       6
       2
       4
       5
       5
       8
       2
       7
       1
       4
       7
       6
       1
       4
       8
       3
       7
      10
       7
       5
       4
       7
       5
       6
       8
       3
       2
       4
       7
       4
       8
       5
       7
       1
       8
       7
       4
       2
       2
       4
       3
       5
       4
       4
       4
      12
       8
       5
       4
       6
       7
       3
       2
       6
       5
       9
       3
       3
       4
       8
       4
       7
       7
       6
       6
       7
       2
       8
       5
       2
       3
       7
       5
       8
       9
       9
       3
       5
       3
       3
       8
       7
      13
       5
       4
       3
       5
       6
       5
       2
       5
       8
       7
      10
       7
       6
      11
      11
      11
       9
       9
      11
       9
      17
      10
      16
      11
      18
      10
      19
      20
      12
      17
      14
      11
      21
      23
      20
      24
      19
      18
      13
      18
      13
       8
      16
      13
      16
      20
      13
      17
      16
      26
      16
      19
      28
      15
      21
      27
      15
      22
      32
      25
      32
      31
      39
      39
      41
      37
      37
      30
      43
      45
      46
      50
      57
      45
      41
      50
      53
      55
      52
      61
      52
      49
      74
      63
      57
      62
      54
      53
      65
      54
      54
      40
      44
      42
      51
      47
      46
      40
      41
      35
      31
      33
      49
      38
      21
      28
      29
      25
      30
      19
      16
      17
      16
      23
      14
      16
      15
      16
      12
      19
      11
      13
      12
      10
      11
      13
       9
      10
       9
      12
       5
       8
       8
       7
       6
      15
       8
       8
       4
       4
       5
       5
       6
       4
       8
       3
       4
       5
      11
       5
       8
       9
       9
       5
       7
       5
       5
       8
      10
       9
       4
       9
      11
       2
       6
      13
      10
      12
       7
       8
      16
      11
       8
      11
       8
      13
      19
      11
      10
      11
      19
      12
      18
      11
      19
      16
      14
      23
      13
      20
      16
      18
      27
      16
      26
      18
      13
      20
      18
      16
      23
      25
      16
      22
      22
      20
      13
      15
      21
      16
      18
      17
      19
      20
      19
      18
      26
      14
      19
      11
      10
      15
      13
       8
      14
      11
      13
      17
       9
       6
      16
       7
       8
      14
       7
      10
      10
       8
       3
       8
       3
       3
      11
       5
       7
       8
       5
       4
       3
       4
       3
      10
       3
       1
       3
       1
       1
       8
       0
       2
       1
       1
       4
       4
       0
       4
       3
       1
       4
       3
       1
       6
       2
       6
       5
       4
       0
       7
       2
       7
       5
       5
       4
       5
       2
       2
       2
       2
       4
       1
       4
       2
       5
       2
       1
       3
       5
       1
       2
       1
       2
       3
       4
       0
       3
       3
       4
       5
       6
       2
       3
       4
       5
       4
       1
       3
       4
       2
       1
       5
       3
       4
       4
       0
       2
       3
       0
       1
       6
       2
       3
       3
       7
       2
       3
       6
       2
       2
       1
       4
       2
       7
       1
       1
       7
       2
       3
       3
       4
       1
       1
       3
       3
       3
       2
       3
       3
       4
       1
       1
       4
       4
       6
       4
       2
       6
       3
       9
       3
       3
       7
       2
       1
       4
       4
       5
       2
       6
       6
       2
       2
       8
       5
       4
       4
       6
       3
       3
       3
       7
       4
       7
       1
       5
       4
       6
       6
       4
       6
       8
       4
       4
       2
       1
       5
       6
      11
       6
       5
       7
       4
       7
       9
       9
       2
       7
       5
       3
       6
      10
       5
       4
       7
      11
       9
       6
      14
       9
       6
      12
       9
      13
      11
      15
       8
      12
      12
      13
      11
      14
      17
      24
      14
      15
      25
      25
      15
      22
      22
      27
      30
      39
      26
      39
      33
      46
      44
      57
      39
      51
      64
      65
      67
      88
      68
      93
      94
     119
     132
     136
     124
     163
     188
     208
     267
     252
     246
     278
     343
     343
     387
     399
     468
     446
     477
     546
     526
     657
     609
     651
     699
     660
     684
     765
     777
     825
     823
     807
     825
     852
     829
     852
     775
     812
     828
     821
     821
     808
     740
     749
     749
     760
     685
     691
     636
     616
     620
     571
     498
     550
     466
     473
     483
     421
     371
     401
     344
     322
     304
     296
     267
     267
     261
     222
     223
     212
     209
     149
     130
     128
     141
     128
     109
     102
      86
      73
      65
      76
      48
      44
      51
      50
      33
      33
      39
      33
      32
      31
      27
      21
      25
      24
      22
      17
      21
      23
      21
      26
      21
      17
      19
      24
      21
      25
      18
      31
      30
      26
      29
      27
      52
      35
      44
      40
      43
      41
      37
      51
      63
      58
      69
      71
      62
      96
      80
      98
     113
     144
     123
     126
     149
     158
     187
     187
     171
     202
     240
     236
     271
     236
     280
     258
     310
     312
     309
     324
     364
     355
     320
     360
     311
     363
     375
     353
     363
     334
     321
     346
     336
     326
     341
     338
     303
     295
     315
     304
     281
     292
     281
     258
     234
     255
     228
     219
     205
     203
     217
     157
     188
     197
     174
     151
     149
     132
     156
     116
      99
     128
      80
      94
      99
      69
      78
      67
      64
      71
      51
      52
      42
      37
      39
      30
      33
      29
      32
      35
      21
      20
      18
      22
      31
      17
      24
      14
      13
      10
       9
       9
       6
       7
       2
       6
       7
       7
       1
       3
       6
       4
       5
       5
       0
       3
       2
       5
       4
       2
       2
       2
       2
       2
       3
       2
       4
       3
       0
       1
       2
       1
       1
       3
       0
       3
       1
       0
       2
       3
       1
       4
       2
       1
       2
       2
       3
       1
       1
       0
       2
       0
       2
       3
       1
       0
       1
       1
       0
       0
       0
       1
       4
       4
       1
       4
       1
       3
       1
       0
       2
       2
       1
       1
       3
       2
       1
       2
       3
       2
       1
       2
       2
       0
       2
       2
       1
       1
       0
       2
       1
       1
       0
       1
       1
       1
       3
       3
       2
       1
       0
       2
       3
       0
       2
       2
       2
       2
       1
       2
       5
       2
       0
       0
       3
       1
       2
       4
       2
       1
       1
       0
       3
       1
       2
       1
       3
       1
       2
       0
       1
       1
       1
       1
       1
       1
       2
       3
       2
       2
       5
       1
       4
       1
       0
       0
       6
       0
       5
       2
       3
       1
       1
       2
       1
       1
       2
       2
       2
       1
       2
       3
       0
       1
       0
       0
       0
       1
       0
       4
       0
       2
       2
       3
       0
       1
       1
       1
       1
       1
       7
       3
       1
       1
       2
       0
       2
       3
       2
       2
       3
       3
       1
       1
       2
       4
       1
       1
       2
       0
       1
       0
       3
       2
       2
       1
       1
       0
       1
       4
       0
       2
       1
       2
       2
       0
       4
       0
       1
       0
       0
       2
       3
       1
       0
       1
       1
       1
       4
       1
       0
       4
       0
       0
       1
       0
       1
       1
       1
       4
       1
       3
       1
       0
       2
       1
       3
       1
       1
       1
       2
       3
       3
       3
       2
       3
       1
       0
       6
       1
       2
       0
       2
       1
       0
       1
       3
       2
       5
       4
       3
       2
       4
       2
       3
       3
       1
       1
       1
       3
       1
       2
       2
       2
       2
       1
       0
       6
       2
       1
       2
       3
       1
       1
       3
       4
       1
       0
       4
       3
       2
       3
       1
       4
       0
       0
       5
       1
       5
       0
       1
       0
       3
       0
       0
       0
       3
       0
       0
       5
       2
       2
       2
       1
       0
       2
       0
       1
       1
       0
       0
       3
       0
       3
       1
       2
       1
       1
       1
       2
       0
       2
       1
       0
       4
       2
       6
       3
       3
       3
       2
       2
       2
       1
       0
       3
       1
       2
       1
       1
       1
       4
       2
       2
       0
       1
       1
       2
       2
       1
       3
       3
       2
       1
       3
       4
       1
       0
       0
       2
       2
       1
       0
       1
       3
       1
       1
       1
       3
       1
       1
       3
       4
       4
       0
       2
       3
       3
       2
       2
       3
       2
       3
       4
       2
       4
       2
       4
       4
       5
       1
       2
       1
       4
       1
       2
       1
       5
       3
       4
       3
       6
       2
       0
       2
       2
       3
       1
       1
       1
       2
       0
       4
       1
       1
       7
       2
       0
       1
       5
       5
       2
       1
       1
       1
       0
       5
       2
       3
       5
       2
       1
       3
       3
       0
       2
       2
       8
       3
       3
       5
       2
       1
       2
       3
       4
       1
       3
       5
       3
       2
       5
       3
       1
       6
       3
       4
       5
       1
       2
       1
       5
       2
       7
       1
       1
       3
       4
       4
       5
       4
       6
       2
       2
       4
       2
       1
       2
       3
       5
       2
       3
       3
       3
       2
       1
       2
       3
       2
       2
       3
       4
       2
       2
       2
       3
       2
       3
       3
       2
       3
       3
       5
       2
       4
       6
       3
       2
       7
       3
       1
       6
       1
       2
       2
       1
       1
       0
       5
       3
       1
       4
       3
       3
       3
       1
       0
       5
       5
       2
       3
       6
       3
       2
       3
       6
       3
       1
       3
       4
       2
       3
       5
       3
       4
       4
       1
       7
       5
       2
       2
       5
       7
       5
       2
       5
       2
       1
       4
       6
       4
       2
       2
       2
       5
       2
       7
       3
       3
       2
       1
       6
       3
       2
       5
       4
       3
       3
       4
       4
       1
       6
       6
       5
       5
       2
       6
       5
       3
       3
       2
       3
       3
       2
       3
       3
       5
       3
       6
       6
       5
       3
       3
       1
       5
       4
       2
       3
       7
       6
       6
       1
       9
       4
       3
       2
       2
       6
       3
       4
       3
       3
       5
       1
       3
       6
       5
       3
       6
       5
       7
       7
       4
       4
       4
       9
       3
       5
       2
       2
       9
       6
       8
       5
       6
       5
       9
       5
       1
       1
       7
       3
       4
       6
       8
       5
       6
       6
       4
       7
       7
       6
       9
       2
       2
       6
       3
       4
       4
       7
       1
       2
       2
       5
       4
       4
       3
       5
       2
       4
       5
       5
       7
       5
       5
       5
       3
       9
       2
       6
       1
       5
       5
       8
       7
       7
       6
       7
       5
       5
       2
       8
       5
       6
       4
      10
       1
      11
       7
       4
       3
       8
       4
       7
      11
       4
      10
      10
       7
       7
       7
      11
       5
      11
       8
      11
       6
       7
       8
       9
       5
       5
       9
      12
      11
       4
       8
       9
       7
       4
       9
      10
       7
      11
      12
       7
       9
       5
       9
       7
       5
      11
      11
       4
       5
       5
      10
       9
       8
       7
       8
       6
      10
       8
       3
      14
      13
       7
      15
       9
      10
      13
       4
      11
       8
       4
      11
       8
       9
      11
      12
      10
      15
      10
      13
       9
      13
      13
       9
      10
       8
      15
      16
      11
      10
      13
      17
      11
      18
      19
      18
      19
      14
      15
      20
      12
      13
      14
      13
      14
      11
      14
      16
      13
      16
      10
      25
      18
      20
      19
      14
      15
       7
      21
      21
      24
      24
      13
      15
      24
      14
      17
      13
      16
      23
      18
      21
      21
      18
      22
      21
      21
      15
      24
      27
      23
      18
      22
      16
      17
      21
      24
      22
      19
      31
      28
      23
      31
      25
      17
      28
      25
      30
      38
      17
      23
      32
      28
      24
      25
      23
      31
      22
      40
      28
       0
       0
       0
       0
       0
       0
       0
       0
       0
       0
       0
       0
       0
       0
       0
       0
       0
       0
       0
       0
       0
       0
       0
       0
       0
       0
       0
       0
       0
       0
       0
       0
