       0
       0
       0
       0
       0
       0
       0
       0
       0
       0
       0
       0
       0
       0
       0
       0
       0
       0
       0
       0
       0
       0
       0
       0
       0
       0
       0
       0
       0
       0
       0
       0
       0
       0
       0
       0
       0
       0
       0
       0
       0
       0
       0
       0
       0
       0
       0
       0
       0
       0
       0
       0
       0
       0
       0
       0
       0
       0
       0
       0
       0
       0
       0
       0
       0
       0
       0
       0
       0
       0
       0
       0
       0
       0
       0
       0
       0
       0
       0
       0
       0
       0
       0
       0
       0
       0
       0
       0
       0
       0
       0
       0
       0
       0
       0
       0
       0
       0
       0
       1
      32
      49
      37
      45
      44
      38
      37
      45
      40
      35
      48
      44
      47
      33
      47
      51
      37
      43
      30
      47
      51
      43
      56
      43
      52
      49
      35
      44
      46
      58
      65
      47
      38
      48
      51
      59
      52
      36
      39
      47
      51
      43
      59
      54
      55
      47
      33
      51
      60
      51
      60
      60
      63
      63
      59
      60
      60
      73
      74
      68
      48
      61
      38
      54
      56
      68
      50
      49
      48
      61
      57
      52
      53
      58
      45
      51
      62
      62
      66
      62
      62
      71
      53
      65
      57
      64
      60
      55
      58
      60
      53
      76
      57
      61
      67
      54
      53
      56
      59
      62
      52
      60
      71
      55
      45
      64
      51
      58
      54
      60
      54
      63
      58
      65
      47
      59
      54
      53
      55
      57
      55
      48
      59
      73
      57
      62
      67
      60
      58
      58
      61
      64
      53
      71
      56
      66
      72
      59
      55
      53
      59
      54
      53
      63
      59
      65
      57
      57
      71
      64
      60
      74
      77
      61
      84
      88
     304
     533
     293
     118
      52
      53
      53
      46
      49
      53
      50
      47
      44
      52
      43
      53
      53
      50
      63
      49
      49
      43
      42
      50
      46
      42
      48
      54
      62
      55
      67
      91
     104
      82
      55
      55
      38
      41
      55
      40
      38
      35
      43
      39
      41
      55
      39
      50
      43
      37
      49
      49
      36
      46
      37
      49
      38
      69
      49
      49
      48
      40
      46
      48
      55
      39
      48
      41
      50
      49
      40
      47
      51
      40
      38
      42
      38
      50
      41
      48
      39
      40
      49
      46
      47
      40
      47
      36
      42
      38
      49
      41
      35
      45
      39
      44
      47
      39
      41
      44
      32
      52
      49
      44
      42
      41
      66
      53
      45
      49
      45
      58
      51
      50
      40
      53
      47
      38
      41
      53
      48
      32
      41
      41
      55
      51
      54
      45
      47
      42
      39
      57
      49
      41
      42
      40
      46
      51
      36
      33
      30
      61
      45
      42
      38
      38
      49
      39
      53
      42
      47
      45
      40
      42
      43
      42
      36
      48
      42
      49
      42
      49
      41
      39
      39
      34
      43
      38
      36
      39
      45
      46
      30
      53
      38
      45
      39
      25
      45
      35
      41
      36
      50
      37
      43
      34
      42
      41
      41
      32
      37
      44
      42
      42
      32
      37
      38
      41
      31
      29
      47
      42
      41
      45
      42
      38
      39
      43
      30
      28
      35
      33
      36
      34
      38
      39
      29
      31
      43
      35
      37
      33
      40
      39
      41
      28
      29
      37
      34
      18
      43
      25
      36
      37
      29
      39
      26
      42
      28
      32
      31
      33
      37
      35
      36
      30
      35
      48
      44
      38
      30
      27
      30
      21
      37
      35
      29
      26
      33
      31
      34
      34
      32
      36
      32
      36
      35
      26
      27
      24
      28
      28
      29
      19
      27
      26
      40
      32
      25
      33
      36
      34
      40
      24
      26
      35
      34
      29
      25
      36
      30
      30
      25
      28
      27
      28
      32
      29
      42
      33
      39
      37
      28
      29
      29
      22
      28
      36
      32
      32
      30
      33
      29
      25
      29
      33
      30
      25
      25
      32
      36
      27
      33
      26
      33
      32
      33
      33
      38
      18
      26
      39
      35
      31
      25
      38
      32
      31
      27
      37
      40
      24
      35
      44
      26
      27
      22
      27
      18
      35
      33
      34
      29
      25
      24
      31
      20
      27
      38
      24
      31
      25
      31
      28
      27
      35
      42
      27
      29
      36
      23
      18
      33
      31
      32
      23
      34
      28
      27
      30
      32
      37
      34
      35
      35
      27
      28
      35
      25
      36
      32
      27
      21
      47
      43
      31
      23
      31
      24
      20
      40
      35
      29
      39
      34
      35
      30
      27
      36
      33
      30
      36
      38
      40
      32
      40
      41
      36
      41
      32
      32
      31
      38
      40
      30
      33
      35
      24
      36
      30
      28
      23
      35
      38
      32
      29
      33
      44
      40
      33
      37
      42
      34
      22
      51
      36
      36
      33
      35
      43
      37
      29
      50
      38
      26
      37
      39
      34
      30
      35
      30
      25
      35
      27
      23
      25
      23
      25
      18
      22
      27
      21
      22
      11
      21
      32
      21
      27
      25
      22
      27
      20
      17
      26
      18
      25
      32
      26
      23
      13
      27
      10
      20
      28
      37
      34
      22
      20
      12
      20
      21
      27
      17
      18
      19
      17
      21
      15
      14
      16
      16
      17
      19
      16
      17
      16
      25
      15
      20
      13
      15
      17
      17
      22
      12
      20
      28
      15
      10
      15
      20
      13
      12
      12
      16
      11
      12
       7
      16
      20
      13
      13
      10
      18
      12
      22
      19
      13
       8
      11
      16
      20
      11
      13
      11
      17
      13
      15
      18
      14
      14
      16
      14
      14
      14
      14
      13
      12
      18
      10
      15
      15
       9
      13
      12
      19
      11
      14
      11
      13
       8
      11
       9
      12
      17
      11
      14
       7
      12
      11
       6
       9
      23
      14
       6
      11
       9
      11
      10
      11
       5
       6
       7
      13
      11
      16
      13
       8
       7
       7
      10
       8
       9
       9
      13
       9
      14
      13
       5
       7
       5
       8
      11
       5
       8
       9
       8
      13
       7
      12
       6
       9
      10
      14
       6
       8
      10
       6
      10
       9
      11
      10
       9
       8
       8
       9
       9
       7
       5
      16
      11
      11
       8
       9
       6
      12
      13
      11
       6
       9
       8
       9
      13
      13
      10
       7
       8
       8
      13
      10
       6
      10
       7
      10
       8
      14
       8
      11
      13
       8
      11
       9
       7
      10
      11
       5
       8
      17
       7
      12
       8
       6
       9
       9
       5
       5
       5
       7
      12
       7
       7
       7
       7
       7
       9
       8
       9
       8
       5
       7
      13
       5
       8
       7
      10
       8
       6
       9
       5
      12
       8
       6
      12
       4
       9
       7
       4
      10
       8
       6
       9
       7
       6
       7
       5
       8
       8
       6
      13
       4
       7
       6
      18
      10
       7
       7
       7
       9
       3
      10
      10
       7
       8
       5
       6
       8
       6
       8
      12
      11
       9
      11
      10
      10
       8
       8
       9
       8
      10
       6
       6
       4
       6
       5
       7
      12
       5
       8
      11
       7
       7
      12
      12
       7
       8
      12
       8
      13
      10
       8
      11
      14
       8
      10
       5
       9
       8
       7
      13
       8
       3
       6
       9
       7
      14
       8
       6
       9
      14
      10
      10
      14
      13
      13
      21
      53
      90
     214
     354
     525
     691
     800
     717
     510
     323
     169
      97
      42
      20
      14
       8
       3
       5
       4
      10
       5
       5
       4
       6
       3
       2
       8
       3
       4
       1
       3
       3
       6
       6
       6
       7
       5
       9
       7
       6
       5
       4
       3
       8
       6
       8
       8
       6
       2
       5
       2
       8
       1
       2
       5
       7
       3
       4
       1
       8
       3
       4
       2
       2
       3
       5
       6
       7
       8
       6
       5
       7
       1
       5
       4
       4
       8
       4
       2
       7
       1
       3
       5
       8
       7
       2
       4
       6
       9
       4
       8
       4
       3
       4
       2
       4
       9
       4
       2
       3
       4
       3
       1
       3
       6
       5
       7
       8
       8
       7
       7
       2
       8
       1
       4
       3
       8
       4
       2
       1
       8
      11
       5
       5
       6
       6
       9
       6
       7
       4
      12
       5
      10
       3
       7
       4
       3
       8
       2
       6
       8
       6
       4
       3
       2
       7
       3
       4
       7
       3
       3
       3
       6
       6
       3
       7
       7
       3
       5
       7
       3
       2
       5
       9
       1
       5
       6
       7
       3
       5
       2
       6
       6
       1
       2
       2
       5
       5
       2
       2
       4
       2
       0
       4
       4
       4
       3
       5
       4
       3
       4
       8
       6
       2
       6
       3
       3
       3
       3
       7
       5
       6
       2
       6
      10
       4
       3
       4
       4
       5
      10
       7
       8
      10
      14
       5
       4
       5
       1
       9
       3
       6
       3
       3
       1
       4
       2
       3
       1
       4
       2
       2
       7
       3
       4
       6
       1
       4
       3
       4
       4
       4
       7
       3
       4
       4
       3
       4
       1
       5
       5
       3
       4
       4
       7
       4
       7
       5
       6
       7
       3
       3
       8
       4
       2
       3
       4
       5
       1
       6
       5
       3
       6
       2
       3
       4
       7
       9
       4
       3
       2
       2
       3
       1
       2
       3
       9
       4
       2
       3
       3
       7
       8
       3
       6
      10
       6
       5
       1
       5
       3
       2
       3
       5
       6
       0
       2
       7
       2
       8
       5
       0
       3
       4
       5
       1
       3
       8
       1
       6
       5
      12
      21
      45
      38
      33
      12
       8
       5
       7
       7
       8
       5
       2
       3
       5
       4
       2
       5
       6
       5
       6
       1
       2
       6
       3
       4
       4
       5
       3
       1
       5
       5
       5
       3
       2
       3
       4
       8
       8
       4
       6
       2
       6
       9
       2
       3
       2
       3
       4
       7
       4
       5
       4
       2
       7
       4
       1
       7
       6
       3
       3
       9
       5
       6
       6
       7
       6
       7
       5
       1
       5
       7
       4
       3
       5
       4
       4
       5
       4
       6
       5
       4
      10
       6
       4
       7
       6
       9
       6
       4
       4
       3
       4
       4
       3
       4
       3
       5
       2
       9
       2
       3
       5
       4
       5
       2
       3
       4
       5
       8
       4
       4
       6
       8
       4
       1
       2
       4
       3
       5
       3
       2
       4
       3
       3
       5
       4
       4
       6
       4
       4
       6
       5
       1
       3
       2
       2
       4
       2
       5
       3
       5
       6
       2
       5
       4
       5
       3
       5
       2
       5
       2
       7
       2
       7
       2
       1
       3
       5
       6
       2
       4
       7
       1
       4
       6
       9
       4
       5
       3
       0
       3
       7
       5
       4
       3
       4
       4
       1
       6
       3
       6
       4
       1
       7
       1
       5
       2
       2
       4
       4
       7
       3
       3
       2
       3
       6
       3
       7
       3
      10
       1
       5
       3
       5
       5
       8
       0
       2
       5
       5
       2
       4
       3
       2
       4
       3
       1
       5
       6
       1
       4
       5
       4
       5
       5
       7
       5
       3
       4
       3
       4
       2
       4
       4
       4
       4
       6
       3
       6
       5
       5
       1
       3
       4
       3
      10
       3
       4
       3
       3
       4
       6
       3
       4
       7
       2
       8
       2
       2
       3
       7
       3
       3
       5
       7
       2
       6
       5
       4
       2
       5
       2
       4
       5
       6
      12
       5
       3
       7
       3
       4
       2
       2
      12
       9
       1
       2
       4
       7
       5
       3
       2
       4
       3
       4
       3
       7
       0
       3
       3
       3
       4
       6
       7
       4
       8
       4
       6
       3
       8
       4
       3
       4
       1
       2
       6
       4
       2
       4
       3
       5
       1
       6
       3
       3
       4
       2
       3
       4
       4
       3
       6
       4
       1
       5
       3
       3
       3
       6
       3
       4
       3
       4
       4
       2
       6
       3
       3
       3
       3
       3
       4
       6
       2
      10
       2
       2
       2
       4
       4
       5
       5
       2
       0
       8
       6
       4
       6
       2
       4
       6
       6
       4
       5
       1
       4
       2
       2
       4
       3
       6
       4
      10
       3
       3
       4
       5
       2
       7
       4
       2
       5
       4
       2
       4
       2
       7
       2
       2
       4
       2
       3
       5
       4
       4
       6
       2
       4
       0
       6
       3
       4
       6
       5
       2
       1
      10
       2
       2
       5
       3
       2
       2
       4
       3
       3
       0
       4
       6
       3
       8
      11
       6
       3
       1
       8
       1
       3
       2
       6
       5
       4
       4
       5
       3
       1
       5
       1
       1
       2
       5
       3
       3
       5
       2
       5
      10
       2
       5
       2
       5
       3
       4
       3
       4
       6
       6
       1
       5
       4
       3
       6
       5
       1
       3
       3
       6
       3
       3
       2
       1
       7
       6
       5
      10
       5
       4
       1
       3
       4
       2
       5
       6
       2
       4
       5
       2
       2
       6
       6
       7
       2
       6
       4
       4
       5
       6
       4
       3
       7
       6
       3
       2
       4
       5
       4
       5
       1
       4
       3
       3
       0
       6
       3
       6
       8
       6
       7
       7
       4
       4
       6
       2
       5
       4
       3
       6
       2
       2
       7
       3
       3
       7
       2
       1
       4
       3
       6
       6
       2
       7
       4
       1
       3
       5
       7
       4
       3
       5
       4
       3
       5
       9
       5
       4
       5
       3
       3
       3
       4
       4
       4
       2
       6
       6
       5
       7
       9
       3
       1
       4
       5
       3
       2
      10
       4
       5
       4
       3
       4
       2
       4
       9
       3
       4
       4
       8
       4
       2
      10
       2
       4
       4
       2
       8
       4
       2
       3
       4
       5
       7
       6
       9
       3
       7
       3
       4
       2
       3
       4
       3
       4
       5
       0
       0
       0
       0
       0
       0
       0
       0
       0
       0
       0
       0
       0
       0
       0
       0
       0
       0
       0
       0
       0
       0
       0
       0
       0
       0
       0
       0
       0
       0
       0
       0
