       0
       0
      13
       1
       2
     291
    5628
    2356
    2597
    2551
    2426
    2468
    2416
    2412
    2463
    2305
    2470
    2509
    2545
    2415
    2447
    2482
    2503
    2330
    2340
    2346
    2364
    2252
    2252
    2324
    2228
    2255
    2319
    2326
    2270
    2100
    2214
    2243
    2175
    2187
    2155
    2220
    2145
    2159
    2138
    2153
    2106
    2046
    2157
    2089
    2073
    2052
    2119
    2061
    2097
    1975
    1985
    2066
    2153
    2089
    1985
    2087
    2017
    2088
    2034
    2043
    1982
    2098
    1981
    2082
    2059
    1966
    2009
    1964
    2005
    1957
    2088
    2082
    1957
    1986
    1907
    2042
    1987
    2021
    2051
    1959
    2012
    2009
    2018
    1994
    1987
    1950
    1878
    1931
    2064
    1874
    1991
    2052
    1972
    2009
    2020
    1972
    2024
    2073
    2787
    3352
    2410
    3197
    4345
    2668
    2047
    1928
    1898
    1874
    2016
    1905
    1933
    1921
    1953
    1941
    1936
    2320
    2980
    2396
    2015
    2067
    2294
    2001
    1975
    1937
    1916
    1932
    1854
    1927
    1926
    1904
    1859
    1844
    1901
    1917
    1893
    1872
    1934
    1893
    1923
    1956
    1964
    1847
    1851
    1978
    1919
    1926
    1899
    1961
    1876
    1989
    1989
    1963
    1904
    1953
    2062
    1945
    1970
    1984
    2016
    1868
    1948
    2009
    2027
    1945
    1986
    1959
    1948
    1970
    2001
    1976
    2127
    1956
    2016
    2055
    2015
    1971
    1992
    1914
    1919
    2024
    1927
    1997
    2034
    1954
    1894
    1961
    1983
    1909
    1988
    1903
    1937
    1962
    1904
    1917
    1926
    1937
    1897
    1964
    1957
    2022
    1977
    1926
    1928
    1977
    1939
    1928
    1863
    1978
    1903
    1982
    1903
    1967
    1985
    1919
    1912
    1955
    1913
    1893
    1978
    1903
    1914
    1916
    1864
    1928
    1920
    1941
    1939
    1959
    1938
    1945
    1952
    1895
    1929
    1999
    1961
    2088
    2033
    1970
    1903
    2123
    2129
    2139
    2131
    2296
    2269
    2281
    2335
    2323
    2341
    2260
    2327
    2297
    2379
    2376
    2208
    2270
    2316
    2270
    2231
    2292
    2208
    2200
    2210
    2248
    2263
    2175
    2207
    2210
    2169
    2128
    2272
    2096
    2158
    2085
    2154
    2064
    2129
    2195
    2146
    2074
    2077
    2117
    2141
    2111
    2086
    2112
    2025
    2099
    2085
    1962
    2062
    2066
    1934
    2031
    2094
    2004
    1977
    2030
    2044
    2003
    1970
    1972
    1983
    2038
    1954
    1996
    1988
    1969
    1969
    1955
    1923
    1964
    1924
    1932
    1921
    1992
    1912
    1938
    1999
    1844
    1906
    1981
    1870
    1864
    1989
    1867
    1961
    1919
    1831
    1849
    1749
    1827
    1890
    1914
    1850
    1862
    1805
    1824
    1865
    1936
    1799
    1773
    1734
    1797
    1823
    1859
    1733
    1821
    1733
    1821
    1764
    1816
    1668
    1709
    1816
    1720
    1738
    1754
    1815
    1841
    1728
    1736
    1678
    1760
    1725
    1670
    1712
    1762
    1742
    1769
    1745
    1768
    1712
    1706
    1812
    1824
    1697
    1729
    1692
    1666
    1760
    1745
    1659
    1717
    1745
    1705
    1669
    1753
    1724
    1648
    1725
    1674
    1801
    1753
    1672
    1728
    1756
    1718
    1755
    1721
    1865
    1754
    1760
    1744
    1715
    1703
    1753
    1757
    1726
    1736
    1800
    1684
    1806
    1770
    1763
    1791
    1844
    1737
    1761
    1805
    1820
    1697
    1779
    1827
    1822
    1764
    1845
    1882
    1911
    1802
    1819
    1828
    1858
    1860
    1932
    1872
    1936
    1900
    1812
    1950
    1867
    1954
    1931
    1962
    1850
    1936
    1944
    1943
    1947
    1911
    1886
    2056
    2008
    1952
    2009
    1995
    2072
    1991
    2017
    2111
    2058
    2151
    2037
    2184
    2130
    2163
    2146
    2231
    2154
    2237
    2128
    2142
    2133
    2235
    2152
    2181
    2190
    2179
    2179
    2170
    2204
    2182
    2038
    2069
    2044
    1876
    1833
    1724
    1593
    1457
    1480
    1427
    1382
    1376
    1337
    1240
    1289
    1198
    1243
    1256
    1141
    1195
    1137
    1117
    1177
    1093
    1077
    1049
    1137
    1083
    1062
    1071
     985
    1016
    1051
    1059
     973
     999
     952
     954
     946
     912
     922
     939
     901
     968
     901
     954
     878
     881
     916
     884
     848
     897
     879
     871
     871
     848
     820
     802
     841
     819
     805
     714
     762
     765
     811
     789
     754
     803
     727
     711
     708
     703
     741
     707
     689
     699
     657
     638
     626
     649
     633
     656
     640
     646
     627
     625
     576
     613
     617
     602
     577
     579
     559
     595
     589
     578
     575
     591
     527
     562
     529
     518
     533
     532
     489
     492
     524
     488
     527
     472
     497
     528
     482
     472
     497
     511
     485
     464
     450
     451
     477
     473
     414
     478
     500
     482
     473
     434
     450
     461
     471
     460
     473
     502
     422
     443
     479
     439
     412
     446
     412
     471
     470
     473
     476
     443
     425
     458
     400
     421
     441
     460
     454
     476
     435
     420
     446
     441
     421
     441
     435
     433
     451
     438
     395
     430
     412
     422
     415
     387
     420
     437
     447
     447
     422
     436
     471
     420
     441
     427
     420
     429
     391
     421
     442
     381
     401
     391
     410
     394
     415
     425
     429
     425
     397
     363
     406
     376
     418
     440
     413
     387
     413
     351
     419
     404
     388
     407
     381
     349
     383
     400
     392
     389
     394
     403
     423
     411
     386
     444
     417
     409
     416
     446
     436
     460
     458
     463
     477
     473
     434
     444
     502
     481
     463
     476
     531
     510
     529
     522
     530
     576
     604
     689
     938
    1482
    3672
    9908
   23108
   40756
   50912
   42685
   25184
   11220
    3811
    1274
     576
     353
     287
     281
     273
     264
     262
     282
     252
     243
     238
     241
     248
     223
     242
     228
     267
     237
     233
     244
     242
     225
     243
     260
     242
     231
     236
     192
     233
     235
     272
     244
     213
     246
     226
     246
     242
     249
     238
     259
     231
     231
     221
     253
     252
     220
     229
     250
     253
     248
     214
     217
     246
     227
     259
     263
     237
     231
     235
     237
     227
     237
     218
     246
     237
     233
     211
     229
     217
     238
     242
     222
     232
     239
     226
     213
     213
     240
     245
     240
     225
     235
     182
     221
     236
     231
     204
     236
     225
     217
     230
     216
     218
     208
     261
     237
     234
     221
     278
     276
     270
     238
     221
     240
     228
     212
     240
     211
     230
     254
     226
     220
     213
     209
     219
     223
     222
     215
     233
     229
     253
     209
     240
     231
     204
     233
     216
     227
     229
     203
     219
     249
     235
     221
     222
     291
     323
     258
     216
     241
     220
     246
     226
     213
     198
     236
     237
     215
     205
     214
     197
     217
     218
     227
     232
     233
     205
     214
     200
     209
     225
     205
     224
     198
     208
     204
     214
     208
     214
     231
     225
     219
     222
     222
     227
     226
     217
     215
     222
     225
     231
     186
     194
     221
     215
     225
     200
     219
     195
     238
     217
     228
     205
     198
     218
     216
     225
     201
     236
     214
     213
     201
     235
     246
     231
     217
     238
     216
     242
     213
     236
     275
     288
     249
     229
     206
     220
     216
     180
     212
     187
     190
     222
     235
     228
     221
     205
     235
     209
     210
     212
     210
     213
     220
     199
     229
     191
     204
     199
     249
     233
     262
     247
     240
     222
     254
     252
     240
     229
     253
     236
     237
     262
     228
     232
     210
     215
     215
     247
     227
     252
     232
     192
     223
     200
     226
     217
     194
     217
     209
     230
     220
     228
     209
     208
     206
     213
     212
     194
     216
     223
     213
     220
     190
     260
     225
     216
     238
     226
     199
     208
     238
     217
     198
     213
     231
     188
     183
     216
     193
     204
     189
     235
     214
     213
     230
     209
     228
     220
     218
     209
     198
     216
     212
     222
     206
     234
     228
     191
     190
     201
     191
     226
     254
     213
     206
     204
     216
     197
     225
     214
     216
     218
     203
     221
     230
     220
     203
     213
     216
     241
     223
     238
     211
     237
     223
     231
     199
     214
     258
     218
     206
     240
     209
     240
     242
     228
     216
     241
     248
     245
     206
     214
     224
     189
     211
     225
     216
     214
     223
     227
     228
     206
     211
     224
     215
     222
     191
     203
     184
     222
     220
     232
     225
     214
     190
     190
     220
     230
     218
     201
     235
     217
     233
     204
     197
     235
     225
     213
     199
     205
     241
     220
     227
     227
     249
     238
     230
     235
     252
     226
     212
     249
     243
     238
     241
     229
     222
     230
     222
     239
     246
     223
     229
     216
     213
     205
     229
     208
     225
     241
     215
     229
     271
     217
     216
     221
     225
     207
     221
     215
     234
     230
     233
     241
     245
     237
     256
     249
     216
     223
     231
     203
     220
     250
     190
     215
     208
     219
     232
     240
     212
     220
     228
     206
     209
     220
     208
     218
     226
     204
     223
     211
     216
     242
     232
     231
     203
     233
     219
     229
     214
     230
     229
     235
     222
     222
     225
     212
     218
     256
     232
     221
     223
     212
     220
     228
     248
     230
     232
     265
     243
     217
     236
     228
     216
     245
     247
     226
     250
     240
     247
     244
     243
     234
     228
     248
     254
     214
     239
     251
     222
     246
     238
     267
     231
     243
     263
     228
     241
     214
     245
     207
     223
     255
     289
     249
     235
     252
     229
     252
     248
     205
     254
     243
     254
     263
     223
     227
     264
     284
     211
     243
     255
     270
     257
     241
     235
     279
     253
     238
     259
     265
     268
     261
     222
     268
     228
     250
     255
     260
     274
     283
     291
     248
     243
     242
     274
     249
     281
     266
     244
     241
     257
     252
     261
     246
     273
     282
     254
     268
     280
     265
     258
     291
     247
     267
     248
     243
     254
     230
     245
     247
     256
     271
     261
     279
     279
     248
     271
     241
     288
     264
     268
     265
     241
     301
     291
     305
     268
     298
     265
     305
     256
     257
     254
     291
     289
     264
     286
     269
     313
     256
     315
     267
     265
     283
     293
     259
     283
     300
     289
     304
     296
     302
     270
     282
     283
     261
     285
     278
     295
     296
     312
     302
     293
     298
     310
     285
     288
     306
     299
     324
     295
     297
     265
     313
     289
     315
     311
     344
     288
     323
     344
     290
     297
     336
     327
     293
     311
     314
     319
     313
     290
     353
     285
     272
     300
     338
     345
     367
     323
     321
     320
     312
     329
     298
     337
     347
     366
     340
     334
     340
     324
     340
     340
     304
     364
     361
     314
     349
     304
     349
     379
     331
     350
     341
     348
     359
     351
     375
     367
     379
     372
     396
     338
     368
     353
     340
     362
     356
     356
     369
     384
     395
     331
     402
     421
     382
     381
     392
     381
     404
     365
     363
     381
     377
     408
     422
     417
     412
     416
     398
     430
     396
     428
     399
     424
     415
     429
     414
     396
     409
     430
     422
     394
     422
     446
     441
     407
     447
     435
     411
     423
     408
     437
     461
     434
     447
     441
     468
     406
     425
     432
     392
     376
     397
     430
     365
     355
     360
     321
     314
     293
     282
     298
     280
     293
     290
     267
     263
     266
     287
     242
     250
     252
     262
     266
     239
     257
     238
     241
     228
     240
     202
     223
     216
     226
     242
     219
     204
     196
     259
     220
     225
     234
     226
     211
     197
     224
     224
     215
     217
     213
     221
     220
     219
     200
     216
     212
     209
     193
     184
     195
     189
     196
     200
     179
     191
     178
     188
     188
     169
     182
     197
     194
     200
     184
     168
     191
     181
     200
     163
     174
     172
     175
     192
     156
     187
     181
     181
     186
     175
     167
     184
     173
     165
     163
     182
     173
     157
     145
     167
     172
     144
     147
     157
     175
     159
     149
     148
     145
     162
     145
     153
     140
     171
     162
     132
     136
     133
     153
     144
     119
     153
     137
     145
     156
     144
     143
     116
     129
     114
     115
     123
     105
     136
     116
      91
     106
     107
     107
     114
      96
     122
     125
      89
     102
     103
      88
     106
     106
     102
      85
     104
      74
      99
     104
      90
      95
      82
      99
      93
      73
      95
      83
      67
      92
      84
     101
      86
      81
      82
      89
      84
      75
      93
      79
      73
      91
      73
      69
      82
      62
      62
      73
      83
      69
      81
      87
      72
      83
      85
      57
      79
      81
      63
      71
      57
      62
      66
      69
      62
      74
      65
      54
      63
      46
      72
      66
      51
      75
      61
      60
      59
      72
      69
      65
      56
      59
      80
      67
      60
      62
      64
      70
      64
      46
      65
      66
      66
      64
      65
      53
      67
      54
      57
      78
      59
      73
      59
      63
      63
      69
      66
      52
      57
      68
      62
      54
      71
      64
      72
      56
      49
      62
      51
      72
      60
      74
      61
      68
      72
      78
      71
      88
      64
      51
      58
      62
      75
      59
      47
      50
      50
      68
      47
      59
      60
      68
      56
      68
      44
      70
      51
      52
      51
      56
      64
      75
      50
      77
      55
      60
      73
      63
      57
      63
      68
      71
      62
      78
      74
      71
      93
      88
      82
      84
      88
      76
      96
     126
     165
     358
    1145
    4098
    9784
   12433
    8049
    2922
     572
     100
      52
      41
      37
      52
      46
      50
      52
      54
      49
      58
      51
      46
      51
      43
      46
      50
      42
      41
      46
      43
      51
      41
      44
      44
      42
      47
      53
      37
      38
      34
      42
      53
      58
      48
      44
      41
      37
      45
      29
      34
      53
      43
      30
      47
      45
      37
      49
      44
      48
      35
      38
      34
      35
      55
      45
      39
      40
      49
      47
      45
      42
      37
      36
      37
      32
      37
      42
      41
      42
      49
      37
      42
      44
      41
      34
      35
      39
      38
      43
      51
      36
      37
      33
      40
      35
      46
      32
      35
      43
      31
      36
      35
      38
      43
      31
      41
      39
      36
      37
      42
      37
      46
      36
      45
      42
      36
      30
      21
      46
      37
      36
      37
      29
      27
      50
      37
      47
      40
      33
      41
      32
      36
      36
      42
      40
      53
      44
      41
      27
      39
      35
      36
      29
      29
      32
      37
      25
      37
      44
      31
      40
      29
      45
      43
      36
      39
      38
      36
      40
      26
      36
      38
      29
      36
      37
      42
      32
      41
      36
      34
      31
      32
      33
      27
      29
      34
      42
      36
      42
      40
       0
       0
       0
       0
       0
       0
       0
       0
       0
       0
       0
       0
       0
       0
       0
       0
       0
       0
       0
       0
       0
       0
       0
       0
       0
       0
       0
       0
       0
       0
       0
       0
