       0
       0
       0
       0
      16
      60
     161
      44
      49
      42
      37
      39
      35
      34
      36
      24
      36
      31
      40
      31
      33
      18
      37
      40
      37
      29
      38
      28
      35
      31
      28
      30
      30
      33
      33
      41
      35
      29
      38
      27
      36
      31
      38
      20
      36
      70
      62
      80
      23
      24
      46
      29
      40
      51
      35
      47
      36
      36
      27
      42
      28
      34
      34
      34
      31
      37
      31
      39
      38
      38
      24
      40
      36
      30
      32
      35
      35
      30
      30
      33
      28
      46
      38
      31
      33
      36
      37
      32
      39
      30
      31
      28
      32
      34
      40
      28
      36
      48
      59
      30
      33
      31
      38
      29
      27
      22
      39
      43
      34
      43
      40
      40
      40
      39
      44
      39
      36
      38
      44
      43
      28
      46
      26
      38
      37
      35
      32
      28
      46
      29
      27
      28
      30
      27
      34
      33
      39
      29
      23
      33
      34
      33
      18
      25
      25
      38
      29
      22
      38
      28
      32
      32
      25
      33
      28
      18
      33
      27
      24
      21
      24
      22
      19
      19
      10
      27
      20
      32
      28
      26
      20
      21
      16
      29
      27
      18
      25
      17
      17
      26
      26
      26
      28
      23
      21
      30
      20
      15
      27
      30
      33
      21
      28
      26
      26
      26
      19
      31
      24
      26
      26
      29
      31
      41
      41
      25
      31
      23
      33
      38
      31
      28
      30
      27
      27
      25
      25
      19
      18
      20
      18
      18
      17
      18
      34
      23
      17
      15
      16
      12
       8
      21
      11
      16
      15
      11
      15
      11
      10
       9
      10
      13
       9
       7
       7
       9
      13
      14
       8
       6
      12
       8
       8
       8
      11
       5
       8
       4
      13
       7
       6
       8
       9
       7
       3
       6
       5
       5
       7
      11
       3
       6
      10
       5
       9
       8
       7
       8
       8
       3
       5
       3
       7
       2
       7
       9
       7
       7
       4
       6
       7
       5
       7
      12
       9
       6
       6
       6
       3
       7
       3
       7
       0
       9
       5
       7
       4
       6
       9
       8
       6
       7
      10
       4
       9
       6
       6
      15
       7
      10
      25
     151
     533
     411
      85
       7
       2
      11
       5
       8
       1
       5
       6
       5
       5
       5
       6
       6
       2
       7
       5
       3
       5
       2
       2
       0
       2
       2
       4
       5
       5
      11
       4
       5
       4
       5
       5
       5
       2
       5
       1
       4
       2
       7
       2
       6
       3
       2
       4
       3
       2
       4
       3
       1
       4
       4
       4
       2
       3
       5
       3
       5
       1
       2
       6
       4
       3
       6
       8
       3
       1
       3
       5
       4
       5
       2
       5
       5
       1
       5
       2
       1
       4
       3
       2
       3
       6
       4
       1
       1
       7
       3
       7
       3
       5
       3
       1
      17
      25
       1
       3
       2
       1
       5
       2
       3
       5
       5
       3
       4
       2
       3
       2
       4
       4
       4
       4
       4
       5
       4
       3
       5
       4
       1
       3
       4
       2
       6
       2
       4
       2
       3
       1
       3
       5
       2
       0
       2
       2
       1
       3
       3
       4
       5
       2
       4
       2
       3
       4
       3
       4
       4
       5
       3
       1
       1
       3
       2
       5
       1
       5
       3
       3
       1
       1
       6
       5
       3
       4
       6
       3
       4
       3
       5
       8
       6
       4
       4
       6
       3
       4
       2
       2
       2
       2
       5
       1
       2
       2
       1
       1
       2
       9
       1
       1
       3
       1
       4
       9
       2
       3
       5
       4
       3
       5
       6
       4
       2
       1
       3
       1
       4
       2
       2
       1
       2
       3
       3
       4
       4
       1
       3
       1
       3
       3
       2
       3
       6
       3
       2
       0
       1
       2
       2
       2
       7
       2
       4
       3
       3
       8
       8
       3
       5
       3
       3
       6
       4
       0
       5
       3
       4
       4
       2
       3
       2
       5
       7
       4
       4
       2
       5
       2
       8
       1
       3
       2
       3
       9
       1
       4
       5
       3
       4
       2
       3
       2
       3
       5
       7
      10
       4
       3
       4
       4
       3
       1
       3
       4
       3
       6
       2
       6
       5
       1
       5
       4
       2
       3
       5
       8
       7
       4
       1
       8
       4
      10
       5
       7
       4
       6
       4
       6
       2
       4
       5
       2
       3
       6
       6
       6
       5
       6
       2
       5
       5
       9
       7
       1
       5
       8
       6
       3
       4
       8
       8
       6
       4
       1
       9
       7
       6
       4
       8
       5
       6
       3
       4
       3
       4
       3
       4
       5
       5
       3
       7
       4
       2
       4
       4
       1
       3
       4
       2
       1
       4
       3
       3
       4
       2
       5
       1
       4
       2
       4
       3
       2
       1
       1
       2
       5
       1
       1
       1
       4
       2
       2
       4
       2
       3
       3
       1
       2
       1
       0
       1
       1
       2
       2
       2
       1
       1
       2
       2
       1
       3
       1
       2
       0
       0
       1
       3
       1
       2
       1
       1
       1
       3
       2
       0
       2
       1
       1
       1
       1
       0
       2
       1
       0
       2
       1
       1
       1
       1
       1
       1
       0
       0
       1
       0
       1
       2
       0
       0
       2
       3
       0
       0
       3
       1
       1
       1
       1
       1
       1
       2
       3
       0
       0
       0
       1
       0
       0
       0
       1
       1
       0
       0
       0
       3
       3
       1
       0
       2
       3
       1
       0
       1
       0
       1
       1
       1
       2
      14
     115
      98
       7
       1
       0
       0
       1
       0
       2
       1
       0
       0
       0
       0
       0
       1
       0
       1
       0
       1
       0
       0
       0
       2
       0
       2
       1
       0
       0
       0
       0
       0
       1
       0
       0
       0
       1
       0
       1
       0
       0
       0
       0
       0
       0
       0
       0
       1
       0
       0
       1
       0
       0
       1
       1
       0
       0
       0
       0
       0
       0
       0
       0
       0
       0
       1
       1
       1
       0
       0
       0
       2
       0
       0
       1
       0
       0
       0
       0
       0
       0
       0
       0
       0
       0
       0
       0
       1
       0
       1
       0
       0
       0
       0
       0
       0
       0
       1
       0
       1
       0
       0
       1
       1
       1
       0
       0
       1
       0
       0
       0
       0
       1
       1
       0
       0
       1
       5
       8
       1
       0
       0
       0
       0
       0
       0
       0
       0
       1
       1
       0
       1
       0
       1
       0
       0
       1
       0
       0
       0
       0
       0
       0
       0
       0
       1
       0
       0
       0
       0
       0
       0
       0
       2
       0
       1
       0
       2
       0
       2
       0
       0
       0
       0
       1
       0
       0
       0
       0
       0
       1
       0
       1
       1
       1
       0
       0
       0
       0
       0
       0
       0
       0
       1
       1
       0
       3
       0
       0
       0
       0
       1
       0
       0
       0
       1
       0
       1
       0
       0
       0
       0
       0
       0
       0
       0
       0
       0
       1
       0
       0
       0
       0
       1
       0
       0
       0
       0
       0
       0
       0
       0
       0
       0
       0
       2
       1
       1
       0
       0
       0
       0
       0
       0
       0
       1
       0
       0
       0
       0
       0
       0
       0
       0
       0
       0
       0
       0
       0
       0
       0
       2
       0
       0
       0
       0
       0
       0
       0
       0
       0
       1
       0
       0
       0
       0
       0
       0
       0
       0
       1
       0
       0
       0
       0
       0
       0
       0
       0
       0
       0
       0
       0
       0
       0
       0
       0
       0
       0
       0
       0
       0
       0
       0
       0
       0
       0
       0
       0
       0
       0
       0
       1
       0
       0
       0
       0
       0
       0
       1
       2
       0
       0
       0
       0
       0
       0
       1
       0
       0
       1
       3
       0
       2
       0
       0
       1
       0
       0
       0
       0
       1
       0
       0
       0
       0
       0
       0
       0
       0
       0
       0
       0
       0
       0
       0
       0
       0
       0
       1
       0
       0
       0
       0
       0
       0
       0
       1
       0
       0
       0
       0
       0
       0
       0
       0
       1
       0
       0
       0
       0
       0
       0
       0
       0
       0
       0
       0
       0
       0
       0
       0
       0
       0
       0
       0
       0
       0
       0
       0
       0
       1
       0
       0
       0
       0
       0
       0
       0
       0
       0
       0
       0
       0
       0
       1
       0
       0
       1
       0
       0
       0
       0
       1
       0
       0
       0
       0
       0
       0
       0
       0
       0
       1
       0
       0
       0
       0
       0
       0
       0
       0
       0
       0
       0
       0
       0
       0
       0
       0
       0
       0
       0
       0
       0
       0
       0
       0
       0
       0
       0
       0
       0
       0
       0
       0
       0
       0
       0
       0
       0
       0
       0
       0
       0
       0
       0
       0
       0
       0
       0
       0
       0
       0
       0
       0
       0
       0
       0
       0
       0
       0
       0
       0
       0
       0
       0
       0
       0
       0
       0
       0
       0
       0
       0
       0
       0
       0
       0
       0
       0
       0
       0
       0
       0
       0
       0
       0
       0
       1
       0
       0
       0
       0
       0
       0
       1
       0
       0
       0
       1
       0
       0
       0
       1
       0
       0
       0
       0
       0
       0
       0
       0
       0
       0
       0
       0
       0
       0
       0
       0
       0
       0
       0
       0
       0
       0
       0
       0
       0
       1
       0
       0
       0
       0
       0
       0
       0
       0
       0
       0
       0
       0
       0
       0
       2
       0
       0
       0
       0
       0
       0
       0
       0
       0
       0
       0
       0
       0
       0
       0
       0
       0
       0
       0
       0
       0
       0
       0
       0
       0
       0
       0
       0
       0
       0
       0
       0
       0
       0
       0
       0
       0
       0
       0
       0
       0
       0
       0
       0
       0
       0
       0
       0
       0
       0
       0
       0
       0
       0
       0
       0
       0
       0
       1
       0
       0
       0
       0
       0
       0
       0
       0
       0
       0
       0
       0
       0
       0
       0
       0
       1
       0
       0
       0
       0
       0
       0
       0
       0
       0
       0
       0
       0
       0
       0
       0
       0
       1
       0
       0
       0
       0
       0
       0
       0
       1
       0
       0
       0
       0
       0
       0
       0
       0
       0
       0
       0
       0
       0
       0
       0
       0
       0
       0
       0
       0
       0
       0
       0
       0
       0
       0
       1
       0
       0
       0
       0
       0
       0
       0
       0
       0
       0
       0
       0
       0
       0
       0
       0
       0
       0
       0
       0
       0
       0
       0
       0
       0
       0
       0
       0
       0
       0
       0
       0
       0
       0
       0
       0
       0
       0
       0
       0
       0
       0
       0
       0
       0
       0
       0
       0
       0
       0
       0
       0
       1
       0
       0
       0
       0
       0
       0
       0
       0
       0
       0
       0
       1
       0
       0
       0
       0
       0
       0
       0
       0
       0
       0
       0
       0
       0
       0
       0
       0
       0
       0
       0
       0
       0
       0
       0
       0
       0
       0
       0
       0
       0
       0
       0
       0
       0
       0
       0
       0
       0
       0
       0
       0
       0
       0
       0
       0
       0
       0
       0
       0
       0
       0
       0
       0
       0
       0
       1
       0
       0
       0
       0
       0
       0
       0
       0
       0
       0
       0
       0
       0
       0
       0
       0
       0
       0
       0
       0
       0
       0
       0
       0
       0
       0
       0
       0
       0
       0
       0
       0
       0
       0
       0
       0
       0
       0
       0
       0
       0
       0
       0
       0
       0
       0
       0
       0
       0
       0
       0
       0
       0
       0
       0
       0
       0
       0
       0
       0
       0
       0
       0
       0
       0
       0
       0
       0
       0
       0
       0
       0
       0
       0
       0
       0
       0
       0
       0
       0
       0
       0
       0
       0
       0
       0
       0
       0
       0
       0
       0
       0
       0
       0
       0
       0
       0
       0
       0
       0
       0
       0
       0
       0
       0
       0
       0
       0
       0
       0
       0
       0
       0
       0
       0
       0
       0
       0
       0
       0
       0
       0
       0
       0
       0
       0
       0
       0
       0
       0
       0
       0
       0
       0
       0
       0
       0
       0
       0
       0
       0
       0
       0
       0
       0
       0
       0
       0
       0
       0
       0
       0
       0
       0
       0
       0
       0
       0
       0
       0
       0
       0
       0
       0
       0
       0
       0
       0
       0
       0
       0
       0
       0
       0
       0
       0
       0
       0
       0
       0
       0
       0
       0
       0
       0
       0
       0
       0
       0
       0
       0
       0
       0
       0
       0
       0
       0
       0
       0
       0
       0
       0
       0
       0
       0
       0
       0
       0
       0
       0
       0
       0
       0
       0
       0
       0
       0
       0
       0
       0
       0
       0
       0
       0
       0
       0
       0
       0
       0
       0
       0
       0
       0
       0
       0
       0
       0
       0
       0
       0
       0
       0
       0
       0
       0
       0
       0
       0
       0
       0
       0
       0
       0
       0
       0
       0
       0
       0
       0
       0
       0
       0
       0
       0
       0
       0
       0
       0
       0
       0
       0
       0
       0
       0
       0
       0
       0
       0
       0
       0
       0
       0
       0
       0
       0
       0
       0
       0
       0
       0
       0
       0
       0
       0
       0
       0
       0
       0
       0
       0
       0
       0
       0
       0
       0
       0
       0
       0
       0
       0
       0
       0
       0
       0
       0
       0
       0
       0
       0
       0
       0
       0
       0
       0
       0
       0
       0
       0
       0
       0
       0
       0
       0
       0
       0
       0
       0
       0
       0
       0
       0
       0
       0
       0
       0
       0
       0
       0
       0
       0
       0
       0
       0
       0
       0
       0
       0
       0
       0
       0
       0
       0
       0
       0
       0
       0
       0
       0
       0
       0
       0
       0
       0
       0
       0
       0
       0
       0
       0
       0
       0
       0
       0
       0
       0
       0
       0
       0
       0
       0
       0
       0
       0
       0
       0
       0
       0
       0
       0
       0
       0
       0
       0
       0
       0
       0
       0
       0
       0
       0
       0
       0
       0
       0
       0
       0
       0
       0
       0
       0
       0
       0
       0
       0
       0
       0
       0
       0
       0
       0
