       0
       0
       0
       0
       0
       0
       0
       0
       0
       0
       0
       0
       0
       0
       0
       0
       0
       0
       0
       0
       0
       0
       0
       0
       0
       0
       0
       0
       0
       0
       0
       0
       0
       0
       0
       0
       0
       0
       0
       0
       0
       0
       0
       0
       0
       0
       0
       0
       0
       4
     118
     153
     153
     138
     126
     122
     130
     149
     152
     147
     174
     145
     167
     231
     188
     353
     153
     132
     144
     123
     148
     137
     147
     203
     182
     164
     158
     148
     132
     133
     120
     123
     153
     132
     143
     127
     149
     141
     128
     137
     170
     147
     115
     142
     144
     150
     147
     134
     149
     137
     138
     158
     133
     144
     136
     160
     154
     135
     145
     136
     167
     148
     135
     131
     143
     164
     138
     126
     125
     137
     157
     155
     137
     138
     122
     136
     146
     168
     138
     131
     143
     149
     147
     137
     154
     151
     131
     141
     140
     150
     143
     134
     128
     130
     122
     146
     164
     146
     138
     164
     160
     165
     162
     170
     162
     158
     156
     135
     154
     168
     176
     137
     162
     127
     150
     145
     154
     172
     164
     149
     163
     164
     134
     141
     146
     130
     163
     133
     141
     132
     149
     130
     136
     126
     127
     137
     133
     125
     123
     131
     141
     137
     125
     130
     132
     111
     127
     127
     122
     132
     140
     121
     118
     134
     126
     116
     122
     120
     112
     124
     117
     118
     119
     121
     113
     122
     114
     149
     118
     102
     107
     138
     118
      88
     125
     104
     113
     119
     111
     106
     101
     112
     106
     101
     115
     111
     110
     112
     119
     121
     112
     118
     111
     122
     109
     124
     128
     131
     130
     135
     111
     116
     110
     119
     142
     104
     128
     129
     100
     109
     125
     110
     134
     123
     115
     125
     129
     128
     122
     135
     132
     141
     130
     134
     127
     102
     138
     136
     118
     127
     128
     116
     127
     143
     130
     143
     160
     137
     139
     143
     123
     133
     144
     129
     121
     137
     118
     121
     113
     109
     100
      90
      91
      85
      80
      85
      88
      75
      64
      52
      73
      58
      57
      76
      80
      50
      70
      57
      56
      60
      67
      51
      62
      64
      62
      50
      53
      58
      57
      56
      62
      52
      55
      44
      47
      55
      44
      35
      52
      40
      54
      43
      42
      41
      38
      49
      38
      55
      36
      42
      39
      45
      24
      41
      33
      33
      45
      35
      41
      27
      36
      28
      35
      32
      35
      34
      38
      32
      30
      41
      25
      44
      41
      27
      35
      32
      35
      25
      36
      19
      26
      25
      30
      27
      27
      23
      32
      29
      25
      44
      20
      38
      36
      29
      18
      38
      19
      19
      20
      28
      31
      28
      31
      21
      26
      20
      26
      23
      22
      25
      32
      24
      31
      29
      22
      36
      35
      25
      19
      23
      22
      20
      27
      24
      28
      27
      30
      30
      31
      27
      34
      36
      33
      26
      29
      24
      17
      36
      36
      31
      46
      40
      63
     218
    1151
    2854
    2901
    1050
     180
      48
      25
      16
      28
      17
      23
      14
      14
      13
      22
      19
      10
      20
      17
      15
      21
      17
      20
      17
      18
      22
      17
      22
      11
      19
      13
      14
      24
      12
      14
      18
      15
      14
      20
      13
      12
      11
      13
      15
      15
      12
      15
      17
      11
      15
      13
      19
      12
      15
      16
      19
       9
      14
      16
      13
      14
      13
      14
      18
      17
      17
      12
      16
      13
      17
      16
      16
      16
      18
      18
       9
      14
      21
      11
      13
       8
      15
      17
      12
      16
      14
      16
      24
      19
      17
      17
      12
      23
      14
      17
      13
      14
      20
      16
      12
      18
      19
      16
      16
       9
      12
      12
      12
      10
      12
      15
      18
      19
      13
       9
      18
      10
      17
      17
      28
      15
      12
      14
      14
      21
      16
      18
      18
      18
      11
      13
      15
      14
      10
      11
      13
      21
      25
      16
      11
      17
      13
      10
      14
      13
      16
      15
      16
      17
      14
      15
      17
      10
      21
      15
      16
      13
      16
      15
      16
      10
      20
      20
      15
      13
      18
      13
      21
      11
      12
      16
      12
      14
      15
      19
      17
      11
      19
      12
      16
      13
      15
      21
      24
      16
      16
      15
      12
       9
      12
      18
      21
      17
      18
      15
      10
      12
       9
      15
       8
      14
      14
      18
      20
      14
      11
      13
      14
      18
      15
      14
      17
      17
      11
      13
      11
      11
      19
      12
      12
      14
      19
      20
      21
      12
      19
      17
      13
      15
      11
      12
      11
      15
      15
       8
       9
      15
      19
      12
      12
      13
      12
      15
      16
      11
      10
      14
      18
      17
      12
      13
      11
      12
      15
      15
      21
      13
      16
      17
      14
      21
      13
      15
      13
      15
      18
      13
      16
      14
      17
      11
      14
      14
      14
      17
      18
      19
      22
      14
      15
      12
       7
      15
      20
      10
      21
       9
      15
      16
       9
      14
      20
      15
      15
      12
       9
      14
      19
      14
      17
      17
      18
       5
      15
      18
      16
      21
      16
      19
      14
      18
      12
      10
      14
      17
      16
      20
      15
      15
      18
      15
      17
      22
      11
      14
      17
      11
      26
      11
      18
      22
      16
      22
      14
      21
      22
      21
      23
      18
      12
      16
       8
      22
      19
      24
      20
      15
      14
      20
      17
      25
      15
      16
      16
      17
      21
      11
      14
      18
      24
      17
      17
      14
      19
      19
      12
      16
      20
      27
      20
      11
      21
      18
      20
      16
      19
      20
      16
      16
      23
      22
      22
      16
      14
      21
      16
      18
      19
      13
      18
      13
      17
      15
      23
      17
      14
      18
      12
      16
      25
      20
      21
      26
      19
      22
      24
      22
      19
      19
      20
      23
      17
      20
      15
      24
      18
      24
      18
      12
      25
      13
      22
      20
      20
      20
      27
      15
      17
      31
      22
      14
      23
      22
      17
      18
      27
      20
      20
      22
      16
      13
      16
      22
      29
      18
      25
      27
      19
      31
      26
      17
      25
      27
      36
      19
      27
      28
      38
      32
      35
      18
      29
      20
      35
      32
      34
      25
      24
      24
      35
      33
      24
      27
      27
      34
      38
      33
      22
      23
      22
      32
      29
      31
      22
      20
      17
      13
      19
      13
      15
      19
       9
      10
      22
      19
      21
      10
      21
      13
      10
      17
      11
      10
      14
      14
      14
      12
      14
      13
      11
      20
      22
      17
      15
      10
       9
      13
      11
      12
      17
      14
      12
       7
      19
      10
      11
      10
       2
      14
      12
      12
      25
      15
      17
      12
       8
      10
      10
       6
      14
      15
      10
      12
      11
      11
       7
      15
      10
       6
      13
      13
       6
      11
       9
      16
       9
       7
       6
      12
      12
       6
      11
       5
       5
       7
      15
       8
       4
      10
       5
       4
      11
       6
       2
       5
      10
       6
       5
       6
       4
      11
       7
       2
       2
       9
       2
       4
       8
       4
       4
       3
       1
       4
       6
       4
       7
       5
       5
       1
       5
       5
       5
       7
       8
       3
       0
       2
       4
       4
       2
       6
       6
       5
       5
       8
       6
       4
       3
       3
       3
       4
       5
       2
       5
       5
       7
       4
       4
       5
       7
       4
       3
       3
       9
       3
       3
       3
       6
       3
       3
       3
       6
       8
       4
       3
       2
       4
       6
       3
       4
       3
       4
       6
       4
       3
       7
       3
       0
       4
       7
       5
       3
       4
       6
       9
      26
     169
     707
     574
      89
       4
       4
       2
       5
       1
       3
       4
       4
       9
       5
       6
       2
       3
       5
       4
       3
       4
       6
       3
       1
       4
       4
       4
       4
       2
       3
       1
       4
       5
       4
       1
       1
       2
       6
       1
       3
       3
       0
       1
       2
       3
       4
       2
       3
       2
       6
       0
       1
       2
       3
       3
       2
       1
       1
       1
       3
       3
       2
       3
       1
       0
       1
       3
       2
       4
       5
       2
       2
       5
       5
       1
       1
       5
       2
       1
       1
       1
       1
       1
       2
       5
       2
       4
       2
       2
       4
       3
       7
       0
       5
       2
       1
       3
       3
       5
       2
       3
       0
       3
       3
       3
       5
       3
       2
       3
       0
       1
       7
       2
       1
       2
       4
       1
       5
       3
       3
       2
       1
       2
       3
       6
       3
       2
       2
       0
       3
       1
       0
       4
       3
       2
       2
       3
       1
       0
       0
       3
       3
       0
       3
       0
       1
       0
       0
       1
       1
       2
       2
       4
       1
       4
       2
       2
       0
       1
       0
       1
       3
       2
      10
      25
       8
       5
       5
       2
       3
       0
       3
       0
       3
       1
       1
       0
       0
       4
       0
       3
       1
       4
       0
       1
       1
       1
       2
       1
       0
       2
       2
       2
       1
       2
       2
       2
       1
       2
       1
       1
       1
       2
       3
       2
       1
       3
       5
       1
       1
       1
       0
       1
       3
       0
       1
       4
       1
       2
       0
       1
       2
       3
       5
       0
       1
       2
       2
       1
       2
       0
       3
       3
       1
       1
       5
       5
       1
       1
       0
       0
       2
       2
       2
       0
       2
       1
       6
       3
       3
       3
       1
       1
       0
       1
       1
       1
       1
       1
       0
       0
       2
       1
       1
       3
       3
       0
       1
       2
       0
       1
       1
       6
       1
       3
       1
       1
       1
       3
       1
       2
       2
       2
       0
       1
       1
       0
       1
       3
       2
       1
       0
       1
       1
       0
       0
       2
       0
       1
       0
       1
       3
       0
       3
       1
       2
       0
       1
       1
       0
       1
       1
       2
       0
       2
       1
       0
       0
       3
       2
       1
       0
       0
       0
       1
       0
       1
       0
       2
       1
       1
       1
       0
       1
       0
       1
       0
       0
       0
       1
       0
       0
       1
       0
       0
       0
       1
       1
       0
       2
       1
       0
       1
       1
       0
       0
       0
       2
       0
       0
       0
       0
       0
       0
       0
       1
       0
       2
       1
       1
       0
       0
       0
       0
       1
       0
       0
       1
       1
       0
       0
       0
       0
       2
       0
       0
       0
       0
       0
       0
       0
       0
       0
       0
       1
       0
       0
       0
       1
       1
       0
       0
       0
       0
       1
       1
       0
       0
       0
       0
       0
       0
       1
       0
       0
       0
       1
       0
       0
       0
       0
       1
       0
       0
       0
       0
       1
       0
       1
       2
       1
       2
       0
       0
       0
       0
       0
       2
       0
       0
       1
       1
       0
       2
       3
       6
      17
      16
       8
       2
       1
       0
       0
       0
       0
       0
       0
       0
       1
       0
       0
       1
       0
       1
       2
       0
       0
       0
       0
       0
       0
       1
       1
       0
       0
       1
       0
       0
       1
       1
       1
       0
       0
       0
       0
       0
       0
       0
       1
       0
       0
       0
       1
       0
       0
       0
       0
       0
       1
       1
       1
       0
       1
       0
       0
       0
       0
       0
       0
       0
       2
       0
       0
       0
       0
       0
       0
       0
       0
       0
       1
       0
       0
       0
       0
       0
       0
       1
       0
       0
       0
       0
       0
       0
       0
       0
       0
       0
       0
       0
       0
       0
       0
       0
       0
       0
       0
       0
       0
       0
       1
       0
       0
       0
       0
       0
       0
       0
       0
       0
       0
       1
       0
       0
       0
       0
       0
       1
       0
       0
       0
       1
       1
       0
       0
       0
       0
       0
       0
       0
       0
       0
       1
       0
       0
       0
       0
       1
       0
       0
       0
       0
       0
       0
       0
       0
       0
       1
       0
       0
       0
       0
       0
       0
       1
       0
       1
       0
       0
       0
       1
       1
       0
       0
       0
       0
       0
       0
       0
       0
       0
       0
       0
       0
       1
       0
       0
       0
       2
       0
       0
       0
       0
       0
       0
       0
       1
       0
       0
       0
       0
       0
       0
       0
       0
       0
       0
       0
       0
       0
       0
       0
       0
       0
       0
       0
       0
       0
       0
       0
       0
       0
       0
       0
       0
       0
       0
       1
       0
       0
       0
       0
       0
       0
       0
       1
       0
       0
       2
       0
       1
       0
       0
       0
       0
       0
       1
       1
       0
       0
       1
       0
       0
       0
       1
       0
       0
       1
       1
       0
       1
       0
       0
       0
       0
       0
       0
       0
       0
       1
       0
       0
       1
       0
       0
       0
       0
       0
       0
       0
       0
       0
       0
       1
       0
       1
       0
       1
       0
       0
       0
       0
       0
       0
       0
       0
       1
       0
       0
       1
       0
       1
       0
       0
       0
       0
       0
       0
       0
       0
       0
       0
       0
       0
       0
       0
       0
       0
       0
       0
       0
       0
       0
       0
       0
       0
       0
       0
       0
       0
       0
       0
       0
       0
       0
       0
       1
       0
       1
       0
       0
       0
       0
       0
       0
       0
       0
       0
       0
       0
       0
       0
       0
       0
       0
       0
       0
       0
       0
       0
       0
       0
       0
       0
       0
       1
       0
       0
       0
       0
       0
       1
       0
       1
       0
       0
       0
       0
       0
       0
       0
       0
       0
       0
       0
       0
       0
       0
       0
       0
       0
       0
       0
       0
       0
       0
       0
       0
       0
       0
       0
       1
       2
       0
       0
       0
       1
       0
       0
       0
       0
       0
       0
       0
       1
       0
       0
       0
       0
       0
       0
       0
       0
       0
       0
       0
       0
       0
       0
       0
       0
       0
       0
       0
       0
       0
       0
       0
       0
       0
       0
       0
       0
       0
       1
       1
       0
       0
       0
       0
       0
       0
       1
       0
       0
       0
       0
       0
       1
       1
       0
       0
       1
       0
       0
       1
       0
       0
       0
       0
       0
       0
       0
       0
       0
       0
       0
       0
       0
       0
       0
       0
       0
       0
       0
       0
       0
       0
       0
       0
       0
       0
       0
       0
       0
       0
       0
       0
