       0
       0
       0
       0
       0
      42
    1007
     443
     701
     715
     916
     684
     604
     575
     528
     573
     581
     548
     602
     602
     634
     629
     642
     585
     664
     653
     624
     612
     635
     613
     648
     620
     645
     656
     616
     647
     639
     628
     610
     614
     618
     632
     675
     613
     645
     675
     641
     705
     654
     686
     721
     719
     723
     745
     791
     803
     820
     816
     909
     854
     881
     949
    1236
    4216
    2245
    6365
    1042
     665
     618
     611
     603
     610
     682
    2051
    1825
     822
    1039
     503
     477
     474
     429
     448
     414
     434
     432
     444
     417
     432
     461
     435
     408
     417
     413
     410
     403
     366
     421
     431
     422
     425
     417
     395
     418
     393
     375
     392
     438
     372
     363
     394
     393
     401
     375
     363
     366
     381
     354
     307
     341
     390
     361
     366
     380
     341
     357
     393
     353
     354
     329
     326
     345
     363
     348
     349
     335
     356
     312
     310
     342
     311
     316
     317
     339
     315
     319
     337
     306
     315
     346
     304
     292
     305
     308
     311
     274
     333
     284
     313
     274
     279
     300
     271
     290
     265
     286
     270
     268
     284
     260
     276
     251
     232
     230
     280
     259
     272
     244
     238
     244
     239
     239
     264
     244
     229
     240
     217
     261
     234
     241
     199
     230
     222
     237
     237
     214
     215
     240
     214
     223
     230
     230
     208
     200
     193
     230
     190
     208
     209
     226
     227
     229
     214
     203
     217
     212
     207
     209
     215
     204
     197
     205
     190
     201
     179
     200
     219
     211
     198
     220
     164
     197
     182
     222
     178
     194
     204
     163
     187
     202
     198
     189
     179
     176
     179
     200
     182
     180
     171
     194
     198
     174
     162
     184
     183
     172
     157
     175
     171
     149
     173
     170
     162
     173
     181
     162
     169
     159
     139
     157
     169
     170
     168
     154
     154
     175
     179
     164
     173
     181
     151
     175
     156
     173
     157
     143
     145
     148
     156
     159
     187
     165
     165
     151
     166
     152
     166
     152
     133
     153
     139
     140
     147
     130
     145
     159
     143
     126
     144
     144
     126
     148
     136
     145
     129
     139
     144
     150
     143
     142
     151
     145
     139
     111
     143
     136
     138
     127
     161
     142
     130
     124
     138
     135
     113
     126
     132
     135
     108
     135
     137
     124
     110
     135
     115
     115
     133
     125
     132
     132
     133
     101
     109
     109
     120
     117
     118
     119
     111
     124
     107
     111
     120
     132
     115
     105
     102
     118
     109
      88
     116
     110
     117
     109
     104
     125
     104
     103
     130
      92
      95
     113
     120
     107
      81
     113
      99
     117
     102
      97
     101
     113
     103
      98
      95
      76
     110
     103
      97
     101
      75
     101
     108
      96
     100
     102
     102
      80
      90
      88
      96
      87
      71
      94
      91
      92
      94
      96
     102
      92
     102
      88
      96
      81
      91
      91
      94
      91
      77
      84
      88
      88
      85
      74
      75
      90
      77
      77
      79
      83
      68
      80
      96
      77
      86
      97
      96
      85
      72
      84
      66
      92
      81
      86
      74
      80
      77
      68
      74
      78
      64
      68
      83
      66
      80
      70
      67
      67
      56
      71
      52
      59
      62
      69
      69
      78
      57
      74
      74
      59
      76
      58
      62
      58
      50
      58
      72
      74
      56
      67
      63
      46
      53
      60
      59
      59
      60
      64
      68
      67
      52
      63
      64
      57
      59
      68
      57
      53
      49
      76
      59
      51
      48
      66
      48
      63
      67
      49
      38
      45
      51
      44
      51
      43
      49
      44
      44
      56
      50
      49
      46
      54
      61
      48
      54
      57
      39
      51
      54
      49
      48
      45
      42
      47
      46
      46
      48
      43
      46
      41
      38
      35
      46
      53
      43
      41
      44
      37
      43
      39
      49
      40
      35
      44
      45
      39
      45
      36
      41
      32
      50
      43
      51
      39
      54
      30
      48
      50
      49
      48
      31
      32
      45
      34
      37
      44
      43
      34
      51
      48
      54
      25
      41
      38
      30
      28
      39
      47
      36
      38
      38
      27
      30
      39
      29
      29
      27
      24
      41
      29
      29
      33
      30
      43
      40
      31
      36
      24
      32
      35
      38
      46
      37
      33
      30
      25
      25
      22
      27
      27
      24
      27
      33
      33
      39
      33
      27
      31
      26
      26
      25
      33
      31
      31
      32
      21
      23
      30
      27
      28
      28
      20
      25
      31
      26
      35
      28
      31
      31
      36
      29
      21
      36
      27
      38
      36
      19
      29
      23
      24
      30
      31
      25
      24
      30
      24
      36
      30
      21
      29
      24
      30
      17
      16
      32
      23
      25
      23
      24
      22
      20
      25
      32
      28
      16
      14
      20
      24
      28
      29
      23
      35
      20
      21
      16
      25
      19
      24
      18
      23
      20
      20
      12
      23
      16
      20
      24
      18
      26
      17
      29
      20
      22
      25
      15
      20
      10
      18
      15
      10
      25
      17
      20
      23
      24
      16
      25
      21
      21
      22
      11
      22
      19
      15
      17
      15
      14
      21
      13
      25
      17
      12
      15
      17
      21
      24
      12
      14
       9
      19
      20
      12
      17
      16
      13
      16
      24
      20
      16
      19
      15
      15
      18
      17
      13
      16
      18
      18
      17
      14
      12
      14
      21
      16
      13
      13
      15
      12
      16
      10
      13
      19
      16
      11
      17
      20
      10
      14
      16
      14
      13
       7
      11
      15
      12
      17
      12
      13
      18
      13
      14
       8
      20
      11
      13
      17
       9
       9
      11
      11
       8
       9
      17
      13
      12
      12
      11
       7
      19
      11
      11
      15
      12
      11
       9
       7
      10
      10
      12
       8
       8
      11
      13
       9
       8
       9
      13
      12
      15
      13
      11
      10
      12
       8
       7
       9
      14
       6
       8
      13
       7
       9
       5
      12
       8
      10
       7
      15
      14
      15
       7
      14
       5
      12
      14
       6
      14
      15
      11
       7
       7
       8
       8
      10
      15
       9
       9
      15
       7
      11
      12
       7
      10
      10
      14
       8
       5
       6
       4
      10
      11
       5
      11
       7
       5
       2
      12
      11
      10
      10
       6
       2
       8
       6
       7
       7
       4
       7
      11
       7
      10
       9
       7
      12
       9
       5
      10
       7
       7
       6
      10
       2
       8
      12
       4
       8
       9
       6
       5
       7
      10
       5
       5
       8
       5
       7
       3
       6
       7
      13
       9
       5
       4
       3
       5
       9
       7
       8
       4
      13
       7
       4
       9
       5
       5
       7
       9
       8
       6
       9
       6
       2
       3
       4
       5
       4
       5
       6
       6
       5
       5
       7
       5
       0
      11
       3
       8
       6
       8
       2
       8
       2
      13
       5
       3
       3
       8
       5
       8
       7
       1
       5
       5
       3
       5
       9
       4
       2
       7
       6
       2
       5
       5
       9
       4
       2
       4
       6
       6
       6
       7
       2
       3
       7
       6
       5
       4
       3
       3
       8
       3
       4
       5
       6
       5
       4
       1
       3
       7
       7
       6
       8
       3
       1
       1
       6
       6
       4
       1
       2
       4
       5
       4
       3
       7
       7
       8
       1
       4
       4
       6
       3
       6
       7
       1
       3
       2
       5
       2
       4
       2
       2
       3
       3
       3
       1
       2
       3
       6
       4
       4
       5
       7
       2
       1
       2
       3
       1
       6
       3
       4
       8
       1
       0
       3
       5
       2
       5
       2
       2
       2
       2
       3
       3
       2
       1
       4
       3
       1
      10
       3
       0
       3
       3
       4
       2
       1
       1
       2
       0
       2
       1
       3
       1
       1
       1
       5
       0
       1
       4
       2
       0
       0
       2
       0
       1
       2
       3
       2
       1
       4
       3
       2
       2
       0
       3
       2
       3
       2
       3
       1
       3
       0
       3
       2
       2
       2
       0
       2
       2
       3
       4
       3
       3
       1
       1
       1
       1
       1
       4
       2
       1
       0
       2
       3
       1
       1
       1
       3
       1
       3
       2
       2
       2
       2
       0
       1
       2
       3
       2
       0
       1
       0
       0
       0
       4
       3
       0
       3
       1
       0
       2
       2
       2
       1
       3
       0
       3
       1
       0
       2
       2
       2
       3
       3
       2
       2
       2
       1
       1
       5
       1
       0
       2
       3
       1
       0
       1
       2
       0
       0
       1
       1
       2
       2
       0
       0
       0
       1
       0
       1
       0
       0
       1
       3
       1
       0
       2
       1
       0
       2
       2
       1
       2
       2
       0
       0
       3
       2
       1
       1
       1
       1
       1
       0
       1
       3
       1
       2
       1
       1
       3
       3
      11
      13
       9
       3
       1
       1
       0
       0
       1
       0
       0
       0
       0
       0
       0
       0
       0
       0
       0
       2
       1
       1
       2
       0
       2
       1
       0
       0
       0
       0
       1
       0
       3
       1
       0
       1
       1
       0
       1
       0
       0
       1
       1
       1
       0
       2
       3
       0
       2
       0
       0
       1
       1
       2
       2
       0
       1
       2
       0
       0
       0
       2
       0
       0
       0
       0
       1
       1
       1
       0
       2
       1
       1
       2
       0
       1
       0
       0
       3
       1
       1
       0
       0
       1
       0
       2
       0
       0
       0
       0
       1
       0
       0
       0
       0
       2
       0
       0
       1
       1
       0
       0
       1
       1
       1
       1
       0
       0
       1
       0
       0
       3
       0
       1
       0
       1
       0
       2
       0
       1
       1
       3
       0
       0
       0
       0
       0
       0
       0
       2
       1
       0
       1
       2
       0
       0
       0
       0
       0
       0
       1
       1
       0
       0
       1
       0
       0
       0
       1
       0
       3
       0
       1
       0
       2
       0
       0
       2
       0
       1
       0
       0
       0
       0
       1
       0
       0
       1
       0
       0
       0
       1
       1
       0
       0
       0
       0
       0
       0
       0
       0
       1
       0
       0
       0
       0
       0
       0
       0
       1
       1
       0
       0
       1
       0
       0
       0
       0
       1
       2
       0
       1
       0
       0
       1
       2
       0
       0
       1
       1
       0
       0
       0
       1
       0
       2
       0
       0
       0
       0
       0
       0
       1
       0
       3
       0
       1
       0
       1
       0
       0
       0
       0
       0
       1
       0
       1
       0
       0
       1
       0
       0
       0
       0
       0
       0
       0
       0
       0
       1
       0
       1
       1
       0
       0
       1
       0
       0
       0
       1
       0
       0
       0
       1
       0
       1
       1
       0
       0
       1
       0
       0
       0
       1
       0
       1
       0
       0
       0
       0
       0
       0
       0
       1
       0
       1
       0
       0
       1
       0
       1
       0
       1
       0
       0
       0
       0
       0
       0
       1
       1
       0
       0
       0
       0
       0
       0
       0
       2
       0
       0
       0
       0
       0
       0
       0
       0
       0
       1
       0
       0
       0
       1
       0
       0
       0
       0
       1
       0
       0
       0
       0
       1
       1
       0
       1
       1
       0
       1
       0
       0
       0
       0
       0
       0
       0
       0
       0
       0
       0
       1
       0
       1
       0
       1
       0
       0
       0
       0
       0
       0
       0
       0
       0
       0
       1
       0
       0
       0
       0
       0
       0
       0
       0
       0
       0
       0
       0
       0
       0
       0
       1
       0
       1
       0
       0
       0
       0
       0
       0
       0
       0
       0
       0
       1
       1
       0
       1
       0
       0
       0
       0
       1
       0
       0
       1
       0
       0
       1
       0
       0
       0
       1
       1
       0
       0
       0
       0
       0
       0
       0
       0
       0
       0
       0
       0
       0
       1
       0
       0
       0
       0
       0
       0
       0
       0
       0
       0
       0
       0
       1
       1
       0
       0
       0
       0
       0
       0
       0
       0
       0
       0
       0
       0
       0
       0
       0
       0
       0
       0
       0
       0
       0
       0
       0
       1
       0
       1
       0
       0
       0
       1
       0
       0
       1
       0
       1
       0
       0
       0
       0
       0
       0
       0
       0
       1
       0
       0
       0
       0
       0
       0
       0
       1
       0
       1
       0
       0
       1
       0
       0
       0
       0
       0
       0
       0
       0
       0
       0
       0
       0
       0
       0
       0
       0
       0
       0
       0
       0
       0
       0
       0
       0
       0
       0
       0
       1
       0
       0
       0
       0
       0
       0
       0
       0
       0
       0
       0
       1
       1
       0
       0
       0
       0
       0
       0
       1
       0
       0
       0
       0
       0
       0
       0
       0
       0
       0
       0
       0
       1
       0
       0
       2
       0
       0
       0
       0
       0
       0
       0
       0
       0
       0
       0
       0
       1
       1
       0
       0
       0
       0
       0
       0
       0
       0
       0
       1
       0
       0
       0
       0
       0
       0
       0
       0
       0
       0
       0
       0
       0
       0
       1
       0
       1
       0
       0
       0
       0
       0
       0
       0
       0
       0
       1
       0
       0
       0
       0
       0
       0
       1
       0
       0
       0
       0
       0
       0
       0
       0
       0
       0
       0
       0
       0
       0
       0
       0
       0
       0
       0
       0
       0
       0
       0
       0
       0
       0
       1
       0
       0
       0
       0
       0
       1
       0
       0
       0
       1
       0
       0
       0
       0
       0
       0
       0
       0
       0
       0
       1
       0
       0
       0
       0
       0
       0
       0
       0
       1
       0
       0
       0
       0
       0
       0
       0
       0
       0
       0
       0
       0
       0
       0
       0
       0
       0
       0
       0
       0
       0
       0
       0
       0
       0
       0
       0
       0
       1
       0
       1
       0
       0
       1
       0
       0
       0
       0
       0
       0
       0
       0
       0
       0
       0
       0
       0
       0
       0
       0
       0
       0
       0
       0
       1
       0
       0
       0
       0
       0
       0
       0
       0
       0
       0
       0
       0
       0
       0
       0
       0
       0
       0
       0
       0
       0
       0
       0
       0
       0
       0
       0
       0
       0
       0
       0
       0
       0
       0
       0
       0
       0
       0
       0
       0
       0
       0
       0
