       0
       0
       0
       0
     368
  200703
 3429800
  738627
  684192
  458019
  291725
  191873
  127346
   85965
   58443
   39741
   25827
   15038
    7903
    3535
    1465
     566
     260
     130
     109
     105
      85
      83
      72
      64
      65
      62
      75
      64
      71
      65
      62
      72
      83
      86
      74
      64
      62
      66
      74
      57
      59
      65
      44
      58
      51
      67
      53
      59
      49
      67
      84
      56
      67
      45
      64
      54
      68
      48
      62
      56
      64
      46
      61
      56
      48
      63
      66
      62
      54
      69
      49
      58
      65
      78
      66
      57
      58
      60
      61
      71
      55
      71
      70
      68
      77
      91
      61
      88
      82
      59
      58
      65
      55
      69
      69
      72
      75
      84
      76
      74
      90
      82
      78
     101
      85
      78
      74
      85
      83
      73
      76
      73
      72
      83
      81
      61
      59
      71
      69
      64
      65
      62
      58
      79
      77
      66
      78
      88
      82
      71
      66
      75
      75
      66
      86
      67
      71
      63
      72
      80
      61
      78
      75
      80
      68
      64
      71
      92
      72
      82
      89
      71
      72
      67
      76
      77
      91
      70
      72
      75
      77
      69
      72
      62
      87
      77
      74
      88
      67
      80
      84
      84
      64
      75
      75
      77
      73
      85
      74
      69
      73
      82
      95
      85
      81
      86
      91
      69
      88
      87
      78
      79
     112
      86
      68
      77
      79
     101
      86
      79
      87
      97
      80
     105
      99
      81
      88
      94
     100
     103
      81
      76
      71
      97
      94
      81
      72
      82
      71
      82
      90
      78
      85
      86
      74
      82
      86
      84
      71
      93
      74
      81
      88
      87
      83
      82
      87
      75
      86
      84
      87
      98
      91
      97
      92
     101
     100
     103
      88
      76
      78
      70
      88
      76
      87
      89
      84
      91
      96
     112
      94
      95
     112
     105
     113
      98
      87
     102
      91
      84
      79
      78
      74
      99
      86
      74
      95
     100
      91
     107
     109
      83
      77
      98
      96
      79
      94
      86
      78
     119
      91
      76
      93
      90
      86
      85
      98
      87
      89
      93
      87
      86
      97
      80
     101
      94
      87
      96
      89
      86
      89
     117
      96
     107
      99
      91
      83
      87
      84
      96
      93
      99
      96
      77
      74
      91
     110
     102
     100
      85
      86
     110
      94
      98
     100
      89
      99
      92
     111
      80
      91
     101
     101
      85
      89
     111
     119
     102
      97
      87
      85
     120
      92
      95
      96
      82
      96
      94
      89
      89
      84
      97
      94
      82
      93
     104
      96
      89
      98
     113
     112
     112
      86
      90
      93
      72
      90
      99
     119
      98
     101
      89
     108
      76
      97
     113
     101
     107
      80
      98
     118
      85
      87
      95
      97
      99
      97
     107
      97
     101
      92
     114
      87
      84
      83
     115
      98
      83
     109
     100
      97
      98
     104
      95
     101
     117
      90
      86
     120
      84
     106
     103
      87
      83
     115
     112
      91
     103
      88
     112
     104
     118
      96
     108
      88
      97
     102
      97
      84
      93
      98
     100
      90
      98
      84
     115
     110
      84
     100
      94
     113
     100
      84
      99
     110
      92
     131
      96
     115
      94
     105
     108
     102
     105
      98
     109
      94
      95
     105
      96
      97
     100
      96
     109
     100
     118
     109
      96
     112
      98
     114
     109
      92
     110
     106
     105
      99
      80
      95
      97
      97
     104
     103
     107
      96
     121
     126
      93
      92
     113
     112
     120
     135
     110
     107
     110
     123
     106
     106
     100
     100
     105
     116
     102
      97
     104
     110
     111
     105
     100
     121
     109
     121
     116
     101
     103
      99
     115
     103
     119
     112
     105
     125
     119
     126
     117
      95
     113
      97
     104
     105
     117
     123
     107
     105
     123
     103
     116
     109
     109
     106
     100
     102
      98
     115
      98
     118
     138
     118
     103
     126
     126
     109
      97
     132
     106
      93
     139
     130
     117
     122
     110
     127
     128
     140
     103
      98
     117
     113
      98
     124
     120
     109
     116
     110
     111
     131
     124
     112
     115
     116
     105
     123
     127
     110
      94
     121
     118
     102
     133
     146
     110
     124
     123
      90
     101
     138
     106
     111
     109
      95
     122
     121
     128
     135
     131
     109
     119
     103
     122
     161
     155
     178
     208
     252
     316
     347
     396
     403
     384
     352
     349
     261
     263
     220
     190
     166
     164
     175
     163
     153
     215
     259
     335
     461
     545
     638
     633
     569
     533
     432
     365
     359
     268
     225
     185
     149
     148
     121
     103
      93
      90
      87
      72
      78
      95
      95
      62
      93
      90
      86
      79
      98
      82
      81
      84
      77
      85
      81
      89
      77
      74
      83
      83
      87
      93
      71
      79
      79
      74
      89
      73
      82
      77
      80
      83
      77
      94
      81
      85
      66
      94
      78
      81
      89
      83
      82
      76
      89
      78
      85
      84
      69
      90
      73
      79
      85
      84
      85
      70
      70
      69
      95
     100
     113
     122
     122
     156
     171
     233
     256
     211
     257
     264
     241
     241
     216
     207
     190
     140
     109
     128
     111
      87
      79
      95
      91
      89
      89
     106
      85
     106
     117
     129
     142
     128
     125
     127
     107
     102
      97
     111
      83
      82
      75
      92
      71
      67
      62
      64
      65
      60
      62
      68
      65
      60
      58
      67
      47
      67
      71
      68
      55
      62
      61
      81
      70
      75
      59
      62
      59
      57
      72
      73
      79
      59
      64
      55
      55
      68
      58
      60
      63
      62
      60
      57
      65
      73
      64
      69
      57
      76
      83
      64
      54
      62
      63
      70
      52
      58
      65
      67
      67
      61
      72
      63
      63
      61
      65
      51
      65
      65
      61
      61
      46
      56
      59
      49
      62
      64
      53
      56
      60
      71
      60
      61
      58
      50
      56
      71
      54
      59
      48
      76
      66
      57
      50
      57
      63
      74
      59
      51
      56
      55
      67
      74
      68
      58
      63
      44
      63
      68
      58
      71
      65
      52
      61
      56
      53
      52
      62
      57
      64
      58
      53
      64
      45
      70
      84
      55
      70
      59
      59
      63
      60
      58
      59
      52
      48
      47
      61
      58
      57
      56
      59
      56
      65
      46
      59
      95
      54
      55
      61
      60
      58
      74
      52
      51
      56
      53
      64
      54
      52
      54
      50
      64
      59
      57
      60
      53
      52
      47
      48
      59
      59
      44
      48
      61
      49
      54
      47
      59
      51
      79
      41
      52
      64
      53
      54
      51
      57
      66
      50
      56
      55
      55
      48
      54
      53
      37
      53
      60
      55
      65
      49
      54
      48
      49
      48
      52
      56
      41
      52
      42
      55
      45
      61
      71
      58
      48
      53
      48
      58
      45
      42
      49
      46
      30
      55
      49
      59
      57
      63
      57
      60
      42
      44
      47
      55
      38
      52
      56
      64
      51
      53
      49
      51
      60
      62
      58
      54
      41
      52
      55
      53
      50
      57
      65
      54
      68
      33
      64
      53
      51
      42
      41
      46
      46
      56
      49
      59
      44
      42
      53
      51
      61
      54
      55
      38
      35
      54
      55
      53
      50
      45
      47
      53
      50
      46
      48
      60
      54
      47
      48
      57
      50
      56
      46
      59
      47
      45
      46
      61
      57
      51
      36
      51
      59
      67
      42
      48
      43
      50
      50
      60
      42
      50
      43
      59
      62
      66
      57
      46
      48
      45
      42
      49
      41
      39
      40
      50
      65
      65
      42
      47
      47
      39
      52
      53
      36
      42
      42
      59
      33
      38
      50
      51
      35
      55
      46
      42
      43
      49
      52
      50
      51
      62
      44
      47
      39
      43
      50
      45
      54
      43
      49
      38
      45
      41
      56
      40
      40
      42
      52
      45
      50
      54
      42
      49
      39
      52
      60
      52
      51
      29
      44
      51
      35
      42
      37
      34
      44
      58
      48
      53
      38
      50
      55
      48
      53
      39
      47
      42
      36
      53
      37
      42
      37
      41
      44
      49
      40
      53
      42
      37
      30
      51
      37
      48
      38
      46
      46
      55
      43
      47
      40
      54
      52
      49
      35
      50
      50
      42
      45
      33
      43
      42
      45
      48
      37
      49
      57
      37
      45
      41
      44
      37
      48
      31
      34
      41
      48
      44
      53
      30
      51
      42
      50
      44
      44
      40
      42
      42
      52
      43
      45
      44
      32
      31
      44
      36
      41
      38
      31
      43
      55
      41
      44
      34
      40
      38
      38
      49
      48
      52
      51
      54
      43
      35
      36
      40
      40
      40
      41
      37
      45
      46
      47
      46
      37
      40
      52
      39
      37
      39
      49
      43
      39
      54
      40
      49
      34
      41
      43
      53
      39
      45
      48
      34
      42
      46
      39
      41
      34
      37
      42
      38
      39
      37
      27
      36
      40
      30
      37
      47
      40
      40
      37
      38
      35
      32
      36
      42
      44
      49
      37
      41
      30
      43
      38
      34
      50
      36
      37
      32
      37
      32
      37
      33
      37
      48
      36
      31
      40
      37
      27
      37
      36
      37
      44
      40
      41
      40
      44
      44
      44
      41
      41
      42
      31
      44
      32
      35
      40
      38
      35
      30
      52
      32
      35
      32
      38
      43
      35
      42
      39
      29
      36
      43
      48
      33
      38
      35
      25
      36
      41
      43
      34
      33
      35
      37
      30
      33
      27
      34
      35
      40
      38
      42
      44
      34
      30
      38
      43
      37
      41
      36
      41
      41
      37
      39
      47
      32
      45
      31
      41
      29
      32
      38
      35
      42
      43
      33
      30
      20
      43
      33
      26
      36
      31
      31
      33
      45
      45
      30
      32
      36
      31
      45
      30
      40
      41
      39
      24
      33
      28
      33
      36
      39
      36
      35
      33
      32
      32
      36
      31
      40
      43
      37
      25
      32
      42
      30
      29
      42
      34
      36
      35
      39
      28
      37
      27
      39
      22
      36
      30
      31
      34
      37
      51
      37
      47
      42
      25
      37
      32
      26
      42
      34
      30
      25
      41
      29
      31
      36
      35
      35
      25
      33
      40
      32
      26
      34
      32
      34
      28
      40
      37
      36
      31
      41
      25
      52
      30
      37
      42
      29
      22
      44
      21
      36
      27
      34
      34
      35
      33
      31
      34
      43
      23
      38
      38
      34
      30
      25
      43
      29
      34
      36
      31
      34
      37
      31
      32
      38
      33
      31
      29
      29
      37
      44
      41
      36
      25
      43
      39
      25
      25
      29
      38
      38
      40
      35
      32
      35
      28
      28
      30
      30
      43
      38
      38
      29
      36
      29
      33
      26
      37
      26
      42
      30
      34
      30
      27
      36
      33
      31
      34
      32
      29
      28
      30
      41
      33
      28
      26
      27
      28
      35
      33
      31
      25
      26
      35
      25
      26
      37
      41
      30
      25
      31
      19
      23
      26
      27
      31
      43
      24
      35
      31
      27
      28
      45
      29
      29
      37
      27
      43
      30
      26
      37
      30
      38
      34
      34
      34
      27
      31
      39
      41
      28
      27
      22
      33
      31
      20
      24
      24
      29
      33
      28
      33
      27
      29
      36
      26
      29
      32
      27
      27
      24
      25
      29
      28
      21
      23
      26
      34
      29
      26
      36
      34
      31
      24
      29
      34
      32
      32
      28
      23
      32
      32
      18
      31
      28
      24
      27
      28
      18
      30
      29
      24
      21
      30
      28
      26
      24
      24
      25
      27
      34
      33
      28
      28
      32
      23
      27
      28
      25
      24
      23
      31
      26
      30
      29
      34
      25
      33
      30
      24
      31
      36
      32
      21
      40
      36
      25
      26
      41
      24
      38
      28
      38
      34
      25
      31
      22
      34
      23
      22
      26
      27
      29
      24
      37
      16
      29
      32
      36
      28
      23
      28
      35
      23
      27
      31
      33
      26
      19
      23
      31
      21
      28
      35
      22
      29
      23
      24
      27
      23
      24
      25
      35
      22
      33
      27
      31
      26
      33
      25
      20
      30
      34
      17
      31
      29
      25
      29
      24
      30
      23
      15
      24
      31
      27
      34
      26
      29
      25
      27
      29
      25
      25
      23
      31
      31
      25
      24
      24
      22
      25
      26
      16
      27
      26
      26
      21
      29
      22
      20
      31
      27
      22
      42
      34
      35
      35
      20
      21
      20
      26
      21
      17
      23
      29
      32
      28
      24
      22
      32
      31
      27
      24
      18
      27
      22
      16
      26
      19
      26
      33
      20
      13
      29
      21
      30
      24
      23
      18
      29
      31
      21
      30
      32
      19
      32
      27
      33
      21
      19
      17
      19
      34
      28
      21
      25
      28
      16
      26
      24
      17
      28
      28
      24
      25
      20
      26
      25
      19
      18
      20
      24
      19
      26
      28
      25
      22
      30
      22
      21
      28
      22
      24
      27
      29
      22
      19
      21
      34
      26
      27
      23
      24
      25
      19
      13
      29
      25
      16
      26
      29
      25
      23
      22
      23
      24
      25
      33
      33
      29
      26
      24
      21
      17
      20
      21
      24
      23
      16
      12
      20
      22
      21
      24
      27
      21
      25
      21
      20
      26
      24
      25
      26
      21
      24
      22
      18
      28
      30
      16
      21
      28
      14
      19
      23
      21
      27
      23
      26
      25
      29
      24
      28
      22
      19
      23
      26
      21
      26
      16
      20
      24
      16
      20
      22
      16
      24
      20
      25
      27
      19
      19
      22
      29
      28
      21
      26
      26
      23
      21
      15
      18
      21
      24
      18
      29
      27
      23
      21
      17
      22
      32
      25
      25
      24
      16
      27
      28
      30
      20
      20
      29
      25
      26
      25
      24
      24
      23
      23
      23
       0
       0
       0
       0
       0
       0
       0
       0
       0
       0
       0
       0
       0
       0
       0
       0
       0
       0
       0
       0
       0
       0
       0
       0
       0
       0
       0
       0
       0
       0
       0
       0
