       0
       0
       0
       0
       0
       0
       0
       0
       0
       0
       0
       0
       0
       0
       0
       0
       0
       0
       0
       0
       0
       0
       0
       0
       0
       0
       0
       0
       0
       0
       0
       0
       0
       0
       0
       0
       0
       0
       0
       0
       0
       0
       0
       0
       0
       0
       0
       0
       0
       3
      93
      90
      67
      80
      93
      76
      86
      78
      74
      73
      76
      66
      70
      70
      92
      73
      74
      66
      67
      77
      86
      90
      79
      78
      68
      81
      57
      61
      84
      62
      73
      72
      84
      72
      73
      84
      58
      55
      83
      64
      85
      77
      74
      65
      71
      73
      71
      69
      63
      76
      83
      65
      53
      70
      60
      56
      64
      64
      68
      74
      64
      68
      64
      59
      57
      76
      64
      70
      62
      65
      58
      63
      59
      68
      54
      52
      52
      64
      60
      55
      55
      55
      53
      51
      44
      49
      51
      57
      58
      54
      63
      56
      58
      55
      51
      63
      53
      39
      54
      59
      49
      48
      46
      35
      43
      51
      52
      46
      45
      44
      42
      43
      37
      45
      47
      31
      39
      37
      46
      36
      34
      31
      35
      33
      32
      43
      45
      50
      37
      41
      35
      27
      40
      45
      26
      38
      33
      40
      40
      40
      31
      31
      34
      32
      30
      34
      37
      37
      36
      50
      35
      33
      27
      28
      28
      29
      30
      34
      33
      29
      33
      26
      32
      30
      27
      34
      33
      36
      37
      37
      27
      24
      39
      29
      26
      24
      35
      34
      29
      32
      30
      23
      30
      25
      28
      25
      31
      26
      32
      29
      38
      34
      33
      22
      32
      29
      34
      27
      34
      31
      30
      29
      33
      37
      29
      33
      33
      29
      27
      29
      37
      37
      34
      28
      31
      27
      21
      30
      32
      32
      21
      31
      19
      26
      26
      36
      24
      27
      33
      23
      28
      26
      32
      37
      18
      23
      36
      24
      26
      29
      30
      32
      21
      21
      36
      31
      32
      25
      28
      18
      21
      20
      24
      26
      32
      20
      26
      30
      32
      28
      24
      21
      26
      27
      23
      31
      26
      30
      20
      22
      20
      23
      28
      28
      29
      28
      30
      30
      23
      25
      26
      30
      23
      30
      29
      28
      35
      28
      18
      27
      20
      26
      26
      33
      21
      25
      20
      28
      20
      28
      20
      25
      30
      20
      25
      21
      21
      29
      20
      25
      23
      22
      13
      33
      23
      21
      25
      23
      17
      27
      21
      13
      33
      26
      21
      23
      26
      30
      31
      25
      21
      24
      22
      21
      22
      17
      22
      22
      18
      29
      26
      24
      27
      20
      31
      20
      29
      26
      19
      32
      10
      25
      13
      28
      27
      22
      30
      21
      30
      21
      18
      16
      23
      33
      23
      20
      13
      23
      16
      17
      27
      26
      34
       8
      24
      24
      26
      22
      26
      22
      20
      25
      24
      15
      29
      18
      14
      33
      16
      30
      19
      21
      25
      23
      21
      23
      24
      18
      25
      26
      18
      23
      23
      19
      27
      12
      20
      17
      23
      19
      16
      19
      17
      29
      17
      18
      21
      24
      30
      22
      21
      24
      23
      21
      18
      28
      25
      20
      19
      26
      13
      23
      25
      12
      20
      26
      26
      33
      24
      20
      14
      33
      25
      22
      26
      22
      28
      19
      30
      24
      27
      15
      18
      25
      23
      30
      14
      24
      32
      22
      25
      28
      20
      22
      25
      23
      24
      28
      26
      19
      31
      22
      18
      24
      17
      24
      32
      22
      21
      22
      13
      23
      13
      20
      24
      27
      24
      18
      25
      27
      34
      26
      28
      17
      36
      20
      30
      20
      24
      20
      23
      24
      30
      30
      32
      26
      24
      23
      32
      25
      33
      40
      31
      30
      37
      28
      43
      30
      32
      38
      31
      49
      45
      47
      54
      48
      37
      52
      49
      51
      48
      54
      44
      37
      46
      73
      63
      86
      64
      66
      96
      87
      83
     116
     101
     115
     123
      94
     110
     137
     112
     122
     120
     134
     139
     138
     142
     154
     135
     142
     142
     159
     165
     161
     130
     133
     126
     123
      99
      99
      87
      76
      76
      83
      74
      63
      61
      72
      51
      41
      53
      59
      41
      45
      51
      36
      42
      55
      47
      48
      42
      40
      57
      39
      34
      46
      50
      37
      42
      59
      63
      43
      55
      49
      56
      47
      68
      48
      63
      55
      51
      47
      52
      60
      57
      51
      66
      63
      79
      66
      70
      67
      62
      61
      63
      74
      82
      81
      90
      84
      92
      96
      73
      74
      95
     109
     103
      97
      93
     100
     105
     104
      97
      87
      96
     106
      99
     106
     119
     118
     111
     117
     108
     101
     108
     111
     124
     119
     159
     142
     131
     127
     163
     153
     146
     141
     173
     159
     159
     191
     184
     205
     168
     159
     167
     184
     188
     183
     198
     189
     196
     212
     197
     205
     223
     214
     223
     218
     232
     249
     236
     225
     273
     296
     310
     308
     339
     331
     342
     385
     371
     447
     453
     499
     588
     680
     723
     803
     920
    1052
    1248
    1523
    1786
    2158
    2470
    2972
    3466
    3969
    4435
    5119
    5517
    5984
    6324
    6817
    7187
    7347
    7903
    8019
    8576
    8974
    9584
   10017
   10514
   10842
   10914
   11174
   11031
   10724
   10341
    9561
    9004
    8209
    7638
    6679
    6090
    5371
    4796
    4305
    3607
    3247
    2749
    2313
    2079
    1684
    1423
    1198
     971
     776
     620
     507
     416
     366
     327
     268
     244
     234
     184
     204
     171
     154
     148
     154
     160
     152
     146
     169
     137
     164
     163
     142
     138
     159
     169
     139
     160
     149
     201
     180
     174
     214
     202
     176
     215
     243
     211
     225
     286
     234
     241
     270
     310
     274
     299
     278
     321
     353
     344
     345
     400
     397
     413
     407
     420
     459
     455
     459
     506
     528
     526
     539
     569
     663
     689
     740
     840
     920
     982
    1158
    1315
    1445
    1637
    1953
    2231
    2579
    2886
    3109
    3462
    3613
    3742
    3803
    4003
    3648
    3689
    3408
    3278
    3033
    2794
    2594
    2327
    2244
    1989
    1819
    1704
    1545
    1458
    1410
    1350
    1302
    1252
    1312
    1273
    1208
    1260
    1193
    1175
    1177
    1152
    1088
     976
     943
     886
     770
     672
     615
     619
     494
     448
     396
     353
     291
     253
     197
     175
     164
     140
     109
     107
      81
      69
      57
      60
      52
      52
      38
      33
      32
      44
      47
      25
      20
      41
      30
      36
      24
      39
      20
      29
      30
      26
      35
      24
      24
      33
      34
      26
      35
      31
      37
      31
      21
      33
      26
      36
      25
      40
      36
      27
      32
      26
      26
      30
      39
      26
      28
      33
      34
      27
      35
      34
      38
      28
      29
      30
      37
      18
      43
      23
      32
      19
      25
      25
      25
      30
      37
      23
      29
      27
      38
      28
      21
      24
      26
      32
      35
      27
      22
      25
      32
      23
      26
      17
      20
      30
      26
      21
      28
      24
      30
      21
      41
      32
      30
      28
      30
      38
      34
      51
      54
      51
      80
      71
      83
      84
     127
     172
     178
     192
     251
     254
     227
     278
     294
     302
     304
     287
     294
     261
     251
     248
     230
     211
     184
     152
     148
     108
     111
      85
      77
      74
      63
      43
      51
      31
      30
      15
      24
      15
      13
       9
      12
       8
       9
       8
       9
       9
       9
       6
       9
      10
       9
      12
       6
       9
       9
       9
       3
       8
       9
       7
      12
      13
      10
      10
       7
       7
      11
      10
       5
      15
       7
      11
       8
       9
       6
      10
      11
      10
       8
       4
       7
       9
       9
       5
       8
       5
      12
       5
       7
       8
       6
       7
       8
       7
       8
       5
       6
      10
      12
       9
       9
      13
       9
       9
      16
      10
      10
       9
      10
       6
      10
      10
      15
      17
      12
       5
      18
      11
      17
      10
       8
      11
      10
       7
      15
      11
       8
      14
       8
       4
       9
       9
      17
      14
      13
      18
      15
       8
      10
      11
      17
      10
      14
      13
      12
      14
      12
      19
      14
      13
       8
      17
      17
       7
      11
      11
      11
       7
      11
       8
       9
       8
      12
       9
      10
      13
       7
       8
       6
       6
       8
       9
      16
      10
      15
      14
      14
      10
      12
      10
      20
      15
       9
      13
      16
       8
      19
      11
       9
      16
      19
      13
       8
      12
      17
      12
       8
      11
      17
      15
      15
      10
       9
      14
      13
       7
       6
      15
      20
      12
       7
      18
      15
      18
      14
      15
      14
      10
      26
      15
      17
      16
      10
      16
      16
      12
      14
       9
      17
      12
       7
      20
      10
      15
       8
      10
      11
      15
      16
      13
      16
      17
       9
      16
       9
      15
       9
      16
      21
      15
      15
      12
      21
      14
      17
      10
      16
      14
      14
      22
      16
      20
      15
      14
      18
      20
      15
       9
      15
      12
      15
      20
      15
      14
      14
      13
      19
      17
      14
      12
      17
      20
      18
      19
      31
      18
      32
      26
      28
      29
      25
      14
      20
      16
      19
      17
      20
      12
      20
      26
      13
      12
      10
      15
      25
       9
      10
      11
      17
      14
      17
       9
      15
      15
       8
      10
      15
      12
      11
       7
      17
      11
      14
      12
      15
      17
      16
      18
      12
      14
       8
      11
      16
      16
      17
      13
       8
      11
      14
      11
      11
      10
      14
      13
      15
      20
      14
      13
      17
       9
      16
       9
      17
      22
      17
      14
      11
      15
      14
      11
      13
      18
      11
       7
      18
      14
      12
      18
      12
      14
       6
       9
       9
      19
      18
      12
      16
      18
      23
      15
      13
      12
      13
      16
      14
      13
      12
      11
      17
      10
      14
      21
      16
       9
      14
      12
      15
      16
      13
      20
      10
      13
      16
      17
      19
      23
      19
      17
      23
      12
       9
      18
      10
      15
      11
      18
      17
      11
      12
      14
      16
      13
      14
      13
      10
      16
      19
      20
      12
      15
       8
      15
      20
      16
      20
      18
      17
      11
      14
      15
      15
      23
      13
      23
      19
      22
      11
      13
      11
      16
      15
      19
       8
      13
      25
      14
      17
      13
      18
      24
      14
      16
      22
      14
      17
      16
      13
      21
      20
      15
      14
      23
      17
      16
      15
      23
      19
      18
      18
      20
      20
      10
      20
      18
      15
      16
      17
      13
      23
      14
      20
      23
      17
      21
      16
      14
      36
      31
      24
      20
      22
      27
      24
      18
      28
      24
      32
      28
      16
      22
      20
      26
      27
      18
      28
      27
      16
      30
      24
      29
      27
      18
      27
      19
      28
      25
      23
      18
      22
      25
      21
      16
      19
      21
      12
      12
      14
      14
      23
      12
      13
      16
       7
      16
      13
      13
      13
      12
       7
      14
      11
      16
      11
      14
       7
      11
      11
       8
       8
      11
      14
       4
      11
       7
      12
      12
      12
      15
      11
      10
      12
       9
      16
      12
       6
      15
      13
      12
      16
      12
       6
      15
      17
       6
       7
      18
      13
      16
       9
      13
      13
      11
      12
      11
      13
       8
      17
      15
      17
      11
      19
      15
      15
      13
      12
      16
      15
      15
      15
      13
      14
      11
      18
      17
      12
      18
      19
      13
      14
      12
      15
      12
      13
      17
      10
      20
      15
      10
      13
      15
      17
      13
      11
      11
      18
      14
       7
      11
      10
      14
      10
       7
      11
       9
      12
      12
       9
      10
       5
      11
      11
       9
      10
      10
       9
       8
      10
       8
       4
       2
      10
       5
       2
       5
       7
       6
       7
       8
       3
       3
       2
       3
       3
       1
       5
       5
       4
       5
       3
       2
       2
       5
       3
       5
       2
       8
       2
       5
       6
       5
       5
       5
       4
       0
       3
       4
       3
       0
       7
       6
       6
       5
       3
       2
       5
       1
       2
       7
       2
       6
       4
       3
       3
       3
       3
       3
       4
       7
       5
       1
       5
       8
       6
       4
       6
       2
       6
       5
       3
       4
       7
       4
       6
       1
       4
       2
       9
       5
       6
       2
       4
       5
       1
       6
       4
       4
       5
       6
       3
       4
       5
       4
       3
       6
       3
       7
       4
       6
       4
       5
       5
       5
       5
       3
       7
       4
       8
       5
       2
       4
       6
       2
       2
       2
       6
       5
       1
       5
       4
       7
       7
       2
       3
       2
       2
       3
       4
       6
       2
       3
       6
       8
       4
       4
       7
       7
       2
       6
       7
       4
       2
       2
       5
       2
       3
       6
       2
       1
       5
       2
       4
       2
       5
       3
       1
       7
       2
       3
       1
       2
       2
       7
       2
       1
       3
       0
       3
       1
       4
       3
       2
       1
       4
       3
       1
       3
       5
       1
       2
       3
       4
       0
       0
       5
       3
       3
       2
       1
       4
       5
       3
       4
       5
       3
       0
       3
       3
       5
       2
       6
       3
       0
       1
       2
       4
       4
       0
       0
       2
       3
       3
       1
       2
       8
       3
       3
       1
       4
       5
       8
       0
       3
       2
       2
       7
       4
       5
       1
       1
       5
       1
       5
       3
       4
       4
       1
       2
       5
       5
       1
       0
       2
       1
       2
       4
       4
       3
       6
       3
       3
       2
       3
       1
       2
       2
       1
       2
       1
       3
       4
       2
       1
       1
       1
       3
       3
       3
       3
       5
       0
       1
       4
       2
       4
       3
       5
       4
       1
       1
       0
       0
       3
       2
       3
       1
       1
       2
       3
       4
       3
       0
       1
       3
       3
       0
       2
       3
       1
       2
       1
       1
       2
       4
       2
       3
       1
       3
       0
       3
       2
       2
       2
       3
       3
       5
       2
       5
       0
       0
       0
       0
       0
       0
       0
       0
       0
       0
       0
       0
       0
       0
       0
       0
       0
       0
       0
       0
       0
       0
       0
       0
       0
       0
       0
       0
       0
       0
       0
       0
