       0
       0
       0
       0
       0
       0
       0
       0
       0
       0
       0
       0
       0
       0
       0
       0
       0
       0
       0
       0
       0
       0
       0
       0
       0
       0
       0
       0
       0
       0
       0
       0
       0
       0
       0
       0
       0
       0
       0
       0
       0
       0
       0
       0
       0
       0
       0
       0
       0
       8
      98
     127
      86
      98
     105
     105
      86
     113
     115
      93
     106
      98
     101
     102
      99
      83
      95
     100
      98
     101
      97
      99
     101
     108
      90
      85
     108
     103
      87
      73
      65
      94
      98
      89
      84
     100
      94
      89
      84
     100
      73
      90
      95
      79
      74
      85
      79
      68
      91
      84
      93
      71
      78
      93
      65
      90
      84
      87
      71
      77
      78
      81
      77
      88
      85
      78
      83
      69
      63
      75
      74
      81
      78
      82
      63
      85
      82
      63
      66
      52
      68
      81
      66
      52
      62
      66
      57
      64
      61
      70
      61
      73
      79
      68
      63
      58
      65
      63
      52
      56
      42
      57
      51
      52
      56
      51
      56
      54
      46
      62
      58
      55
      41
      53
      47
      51
      42
      41
      63
      48
      41
      63
      49
      53
      52
      53
      47
      50
      35
      53
      37
      49
      40
      43
      46
      50
      45
      46
      45
      49
      47
      29
      45
      52
      48
      29
      50
      46
      40
      52
      40
      43
      39
      30
      45
      41
      49
      39
      51
      48
      32
      36
      43
      47
      36
      34
      41
      42
      30
      48
      34
      46
      37
      36
      48
      50
      57
      36
      46
      28
      38
      35
      43
      42
      43
      41
      46
      26
      42
      47
      32
      43
      29
      30
      29
      39
      34
      40
      33
      35
      35
      38
      36
      38
      33
      44
      37
      28
      34
      31
      26
      37
      37
      44
      28
      34
      42
      35
      33
      36
      49
      25
      36
      40
      36
      37
      34
      20
      38
      31
      35
      35
      34
      39
      43
      28
      33
      27
      36
      31
      34
      55
      30
      29
      30
      29
      29
      23
      41
      26
      24
      44
      31
      44
      40
      42
      32
      31
      33
      32
      37
      29
      27
      26
      33
      28
      40
      33
      36
      29
      31
      32
      25
      23
      33
      37
      24
      32
      30
      32
      26
      30
      28
      26
      41
      27
      33
      33
      35
      41
      26
      32
      29
      33
      27
      20
      14
      34
      21
      34
      21
      27
      39
      35
      31
      24
      20
      28
      27
      31
      45
      26
      29
      38
      33
      34
      20
      25
      29
      28
      30
      33
      46
      21
      27
      27
      18
      24
      43
      28
      42
      31
      20
      20
      30
      28
      33
      32
      33
      25
      34
      33
      34
      29
      35
      33
      23
      35
      38
      26
      28
      29
      20
      29
      27
      23
      34
      29
      32
      27
      25
      29
      36
      29
      21
      39
      25
      28
      35
      26
      28
      31
      33
      36
      29
      22
      26
      27
      34
      41
      31
      23
      32
      23
      36
      35
      22
      35
      38
      20
      35
      32
      24
      24
      32
      37
      25
      24
      23
      28
      25
      22
      22
      33
      26
      31
      34
      24
      18
      31
      36
      31
      27
      25
      36
      30
      26
      30
      29
      31
      22
      29
      26
      27
      20
      24
      29
      26
      29
      22
      35
      34
      24
      27
      35
      28
      36
      29
      22
      22
      22
      44
      33
      21
      26
      29
      26
      28
      26
      36
      27
      15
      33
      24
      16
      31
      28
      27
      28
      25
      18
      19
      28
      25
      32
      37
      40
      36
      30
      37
      23
      24
      30
      26
      34
      26
      27
      28
      35
      30
      29
      19
      32
      26
      19
      31
      29
      30
      26
      22
      31
      29
      24
      45
      31
      28
      45
      38
      36
      45
      35
      27
      35
      36
      53
      35
      38
      37
      41
      47
      37
      43
      41
      45
      44
      57
      50
      40
      52
      64
      57
      48
      57
      59
      59
      73
      58
      61
      70
      68
      59
      74
      81
      75
      84
      73
      84
      74
      90
     105
     107
     129
     128
     129
     144
     157
     151
     163
     154
     160
     172
     155
     187
     174
     168
     190
     184
     211
     169
     218
     218
     224
     207
     190
     196
     181
     183
     145
     135
     136
     141
     107
     106
     104
     104
      85
      84
      75
      79
      77
      69
      70
      77
      59
      51
      58
      65
      50
      60
      69
      67
      64
      73
      75
      55
      60
      67
      56
      64
      72
      79
      72
      57
      76
      60
      71
      87
      80
      72
      82
      75
      81
      90
      88
      92
      97
      90
      88
     101
      95
     102
     105
     104
     105
     100
     120
      97
     121
     113
     123
     121
     115
     113
     114
     132
     137
     136
     146
     121
     127
     138
     150
     141
     152
     127
     166
     158
     141
     143
     145
     138
     165
     160
     158
     160
     197
     155
     178
     159
     164
     183
     171
     165
     188
     202
     186
     208
     181
     206
     221
     214
     238
     223
     235
     220
     228
     239
     244
     262
     218
     267
     242
     282
     257
     296
     273
     310
     316
     300
     311
     321
     340
     359
     350
     361
     390
     393
     452
     467
     449
     489
     560
     628
     672
     726
     825
     983
     993
    1300
    1434
    1635
    1943
    2369
    2728
    3112
    3654
    4278
    4951
    5677
    6465
    7166
    7631
    8303
    8820
    9269
    9572
   10017
   10321
   10824
   11508
   12003
   12523
   13321
   13675
   14042
   14090
   14014
   13818
   13379
   12479
   11716
   10821
    9808
    9011
    8134
    7140
    6406
    5622
    4839
    4343
    3764
    3322
    2840
    2349
    1982
    1653
    1309
    1077
     863
     743
     644
     499
     427
     355
     351
     294
     285
     230
     225
     217
     179
     206
     195
     192
     205
     196
     178
     182
     184
     206
     195
     198
     184
     213
     184
     197
     177
     194
     226
     245
     251
     276
     268
     268
     257
     224
     289
     302
     334
     293
     329
     317
     311
     380
     375
     390
     381
     416
     468
     435
     460
     469
     490
     569
     516
     588
     601
     647
     595
     696
     697
     768
     797
     845
     972
    1011
    1184
    1275
    1484
    1801
    1923
    2267
    2546
    2936
    3164
    3500
    3873
    4068
    4236
    4415
    4471
    4369
    4362
    4165
    3944
    3559
    3464
    3159
    3023
    2710
    2379
    2223
    1987
    1965
    1805
    1680
    1556
    1616
    1547
    1493
    1435
    1500
    1391
    1374
    1338
    1383
    1352
    1243
    1111
    1070
    1013
     929
     806
     790
     706
     554
     568
     493
     424
     366
     310
     257
     218
     186
     184
     128
     119
     123
      91
      75
      76
      60
      58
      52
      48
      43
      38
      30
      52
      32
      42
      40
      35
      37
      33
      32
      33
      43
      53
      34
      38
      33
      39
      40
      32
      39
      39
      46
      38
      40
      38
      41
      28
      37
      36
      30
      28
      34
      42
      50
      32
      40
      46
      40
      38
      46
      33
      38
      34
      39
      40
      30
      42
      38
      33
      45
      28
      42
      32
      34
      33
      27
      43
      33
      39
      35
      33
      35
      41
      43
      42
      38
      29
      30
      32
      22
      35
      25
      33
      19
      31
      37
      38
      39
      36
      35
      24
      34
      32
      29
      37
      27
      46
      45
      42
      61
      56
      61
      75
      66
      91
      94
     113
     134
     162
     160
     215
     245
     265
     324
     354
     324
     357
     354
     340
     321
     293
     285
     254
     251
     210
     208
     172
     165
     146
     114
     103
      95
      88
      85
      56
      40
      40
      33
      34
      15
      18
      23
      11
      12
      22
       9
      16
       9
      12
      12
      14
      14
      15
      12
       5
      14
       7
       9
      10
      13
      17
       9
      10
       6
      10
      22
      21
      11
      15
      15
      15
      17
      11
      11
      15
      13
      13
      22
       9
      18
      11
       9
      18
      16
      16
      13
      20
      11
      19
      17
      15
      12
      18
      18
      20
      13
      14
      14
      12
      19
      15
      12
      13
      27
       8
      14
      12
      14
      21
      15
      16
      15
      10
       9
      10
      18
       6
      15
      13
      18
      17
      13
      22
      18
      15
      20
      12
      14
      11
       9
      18
      19
      13
      21
      22
      16
      18
      22
      20
      26
      19
      19
      12
      28
      11
      11
      15
      21
      19
      17
      18
      25
      14
      19
      24
      27
      16
      15
      27
      17
      22
      21
      18
      15
      15
      21
      19
      19
      18
      11
      12
      20
      21
      28
      16
      24
      17
      14
      18
      17
      10
      19
      17
      18
      25
      14
      17
      20
      20
      17
      23
      19
      19
      14
      23
      25
      12
      19
      22
      15
      22
      26
      23
      18
      20
      22
      16
      25
      23
      13
      19
      22
      17
      21
      13
      23
      26
      17
      15
      28
      20
      13
      24
      23
      23
      23
      18
      19
      22
      21
      17
      14
      32
      30
      15
      23
      23
      25
      16
      18
      15
      20
      19
      31
      27
      24
      28
      24
      26
      31
      26
      19
      35
      29
      29
      17
      14
      21
      13
      33
      23
      19
      25
      20
      18
      18
      15
      22
      20
      16
      23
      21
      18
      30
      30
      17
      18
      22
      20
      20
      24
      23
      27
      31
      20
      21
      26
      18
      21
      26
      35
      25
      25
      18
      27
      22
      27
      25
      27
      27
      30
      31
      21
      32
      23
      29
       9
      21
      24
      24
      25
      25
      23
      21
      23
      18
      13
      30
      19
      23
      19
      15
      19
      18
      28
      17
      20
      18
      25
      21
      20
      21
      26
      23
      28
      20
      17
      23
      26
      16
      19
      18
      14
      28
      23
      17
      31
      21
      13
      20
      17
      13
      18
      28
      24
      25
      26
      16
      29
      13
      20
      21
      25
      32
      18
      16
      28
      12
      19
      21
      24
      18
      29
      21
      23
      15
      19
      27
      18
      28
      21
      21
      22
      15
      18
      13
      26
      19
      24
      23
      21
      18
      35
      24
      22
      20
      25
      18
      18
      23
      24
      27
      20
      26
      23
      19
      25
      23
      26
      24
      11
      23
      25
      22
      24
      28
      19
      22
      18
      29
      23
      27
      20
      24
      19
      20
      11
      19
      26
      28
      20
      30
      24
      19
      27
      25
      24
      35
      23
      20
      20
      35
      23
      28
      15
      19
      23
      27
      26
      26
      27
      19
      31
      26
      19
      39
      30
      27
      33
      21
      25
      29
      20
      19
      30
      22
      28
      30
      22
      46
      31
      33
      32
      35
      28
      30
      30
      31
      21
      32
      29
      25
      21
      25
      32
      27
      30
      30
      26
      28
      38
      35
      28
      27
      34
      29
      25
      28
      29
      28
      24
      41
      31
      35
      38
      28
      37
      45
      32
      45
      34
      43
      41
      33
      37
      28
      41
      34
      38
      32
      32
      39
      30
      40
      37
      44
      36
      44
      44
      24
      31
      30
      36
      38
      27
      31
      34
      34
      35
      37
      31
      27
      26
      21
      16
      15
      10
      27
      18
      19
      20
      15
      15
      14
      11
      12
      21
      13
       7
      12
       7
      14
       9
      11
      18
      17
      13
      20
      20
      16
       9
      18
      18
      15
      18
       9
      22
       9
      12
      11
      11
      20
      19
      18
      13
      13
      20
      15
      20
      16
      17
      15
      17
       9
      19
      11
      23
      21
      19
      20
      17
      17
      18
      13
      12
      19
      15
      19
      13
      12
      24
      17
      18
      15
      16
      20
      16
      18
      20
      17
      15
      17
      19
      19
      19
      27
      20
      16
      15
      20
      19
      23
      24
      25
      20
      15
      26
      27
      19
      16
      23
      11
      13
      11
      11
      14
      22
      18
      12
       7
      11
      17
      10
      12
      10
       4
       6
       8
      11
       6
       7
       9
      14
       6
       7
      11
       7
       6
       8
       9
       6
       6
       8
       7
      12
       2
       9
       4
       5
       7
       2
       5
       5
       7
       7
       5
       8
       6
       5
       4
       2
       6
       9
       2
       4
       8
       4
       4
       5
       3
       5
       9
       4
       5
       6
       7
       6
       6
       4
       7
       7
       6
       9
       4
       9
       6
       4
       8
       5
       7
       5
       6
      10
       6
       4
       4
       7
       7
       8
       6
       5
       5
       8
       6
       4
      11
       7
       5
       7
       4
       6
       4
       5
       7
       5
       6
       9
       7
       5
       5
       8
       5
       5
       3
       4
       4
       7
       2
       6
       6
       7
       3
       0
       3
       7
       3
       0
       2
       5
       7
       6
       4
       6
       3
       6
       4
       4
       6
       2
       5
       1
       5
       8
       4
       6
       5
       5
       4
       3
       0
      11
       2
       2
       9
       5
       6
       3
       5
       4
       6
       6
       4
       3
       2
       4
       2
       6
       3
       5
       4
       3
       1
       3
       6
       0
       2
       4
       2
       1
       5
       0
       6
       4
       5
       4
       1
       3
       3
       4
       1
       3
       2
       5
       1
       1
      11
       2
       2
       2
       2
       1
       4
       3
       1
       2
       6
       1
       0
       4
       3
       7
       3
       2
       3
       2
       1
       1
       2
       3
       1
       4
       5
       2
       2
       3
       2
       5
       4
       1
       2
       4
       2
       3
       1
       2
       2
       4
       4
       2
       4
       1
       3
       3
       1
       2
       2
       3
       1
       2
       5
       4
       3
       1
       1
       2
       5
       3
       0
       2
       2
       3
       3
       0
       5
       2
       2
       0
       3
       4
       3
       2
       4
       3
       4
       5
       3
       2
       2
       1
       1
       0
       1
       2
       2
       1
       6
       2
       1
       3
       1
       2
       1
       2
       2
       3
       8
       0
       2
       0
       3
       4
       1
       2
       5
       3
       4
       2
       3
       1
       3
       3
       0
       4
       8
       2
       1
       4
       1
       1
       5
       3
       5
       2
       3
       1
       2
       1
       6
       3
       1
       2
       3
       2
       6
       6
       4
       4
       3
       1
       3
       0
       0
       0
       0
       0
       0
       0
       0
       0
       0
       0
       0
       0
       0
       0
       0
       0
       0
       0
       0
       0
       0
       0
       0
       0
       0
       0
       0
       0
       0
       0
       0
