       0
       0
       0
       0
       0
       0
       0
       0
       0
       0
       0
       0
       0
       0
       0
       0
       0
       0
       0
       0
       0
       0
       0
       0
       0
       0
       0
       0
       0
       0
       0
       0
       0
       0
       0
       0
       0
       0
       0
       0
       0
       0
       0
       0
       0
       0
       0
       0
       0
       3
      82
      82
      69
      65
      65
      76
      77
      80
      58
      58
      64
      58
      62
      67
      88
      57
      58
      77
      64
      62
      57
      62
      63
      62
      70
      71
      59
      60
      68
      56
      59
      45
      57
      67
      79
      50
      53
      70
      64
      52
      62
      61
      56
      60
      59
      56
      58
      62
      71
      47
      66
      52
      46
      52
      51
      52
      64
      49
      60
      48
      59
      69
      47
      49
      49
      50
      53
      47
      50
      63
      45
      55
      56
      56
      46
      48
      41
      48
      43
      46
      47
      48
      44
      51
      54
      49
      58
      40
      42
      46
      55
      43
      44
      50
      41
      39
      44
      32
      35
      40
      45
      35
      37
      43
      45
      40
      47
      41
      37
      44
      41
      29
      33
      45
      30
      45
      37
      33
      42
      33
      42
      39
      39
      30
      34
      40
      33
      30
      30
      40
      32
      34
      31
      32
      36
      40
      26
      31
      42
      30
      25
      37
      31
      31
      42
      32
      30
      32
      34
      27
      33
      31
      28
      22
      33
      23
      35
      32
      30
      24
      34
      31
      37
      28
      36
      24
      29
      33
      24
      18
      31
      32
      20
      38
      34
      26
      31
      29
      31
      21
      23
      27
      30
      21
      36
      34
      15
      37
      31
      27
      33
      24
      32
      21
      19
      23
      29
      19
      27
      18
      24
      26
      23
      24
      26
      25
      26
      27
      22
      21
      31
      18
      17
      19
      30
      19
      18
      17
      26
      26
      24
      27
      35
      30
      22
      15
      27
      24
      19
      27
      25
      29
      23
      24
      21
      27
      25
      29
      15
      25
      29
      17
      20
      24
      28
      18
      24
      23
      19
      19
      20
      27
      20
      20
      19
      18
      20
      21
      31
      19
      25
      15
      15
      26
      18
      24
      20
      21
      30
      22
      16
      25
      16
      20
      11
      13
      21
      20
      27
      21
      22
      23
      22
      19
      20
      26
      18
      23
      32
      22
      22
      25
      21
      31
      16
      16
      17
      17
      22
      15
      24
      23
      23
      21
      16
      29
      20
      20
      23
      13
      24
      28
      14
      17
      22
      23
      22
      18
      19
      24
      21
      21
      16
      15
      24
      24
      30
      21
      22
      22
      26
      19
      23
      20
      20
      20
      21
      17
      18
      27
      23
      23
      20
      19
      18
      21
      26
      20
      13
      21
      25
      17
      17
      23
      30
      23
      23
      20
      21
      23
      24
      14
      20
      25
      17
      16
      15
      19
      23
      20
      17
      23
      27
      21
      15
      25
      27
      18
      28
      19
      14
      17
      11
      14
      25
      20
      21
      30
      16
      21
      19
      23
      16
      12
      17
      20
      18
      15
      21
      19
      11
      21
      22
      22
      19
      17
      15
      12
      15
      17
      15
      19
      15
      21
      20
      11
      24
      18
      24
      18
      22
      18
      15
      18
      20
      21
      15
      16
      14
      21
      15
      18
      13
      17
      19
      29
      14
      13
      15
      21
      16
      14
       9
      23
      18
      15
      22
      20
      20
      16
      23
      15
      16
      22
      22
      20
      19
      20
      23
      20
      21
      21
      15
      17
      26
      26
      20
      20
      19
      19
      23
      12
      25
      13
      16
      26
      18
      18
      27
      17
      21
      23
      22
      26
      22
      19
      17
      16
      25
      32
      17
      25
      23
      17
      25
      23
      26
      24
      27
      18
      21
      22
      27
      36
      15
      17
      22
      25
      30
      25
      27
      24
      23
      24
      28
      30
      25
      30
      16
      25
      31
      36
      31
      35
      42
      44
      30
      33
      45
      49
      44
      50
      48
      51
      46
      47
      63
      58
      64
      70
      87
      73
      69
      97
      58
      93
      97
      95
     101
     115
     120
     104
     110
     119
     110
     112
     114
     126
     117
     130
     123
     129
     114
     133
     115
     120
     126
     128
     105
      85
      76
      74
      63
      61
      68
      49
      48
      55
      49
      39
      42
      44
      43
      48
      39
      37
      35
      49
      42
      27
      38
      33
      42
      34
      35
      34
      36
      35
      49
      45
      37
      41
      36
      32
      40
      48
      49
      44
      38
      55
      49
      56
      49
      58
      41
      47
      54
      52
      65
      51
      61
      69
      56
      51
      61
      64
      56
      60
      74
      63
      72
      82
      70
      64
      75
      62
      78
      76
      73
      93
      89
      85
     103
      94
      95
      79
      86
     112
      85
      79
     102
      79
      89
      81
      98
     103
     105
     103
     106
     113
     119
     122
     118
     126
     134
     142
     127
     180
     149
     152
     137
     162
     153
     159
     145
     152
     187
     170
     144
     165
     157
     163
     189
     163
     182
     188
     189
     194
     187
     218
     224
     215
     197
     251
     233
     261
     264
     305
     291
     307
     322
     305
     372
     411
     456
     511
     583
     700
     763
     886
    1078
    1315
    1438
    1762
    2099
    2548
    2920
    3398
    3912
    4287
    4656
    5168
    5347
    5696
    6106
    6338
    6655
    7104
    7315
    7803
    8039
    8558
    9037
    9299
    9305
    9502
    9267
    9123
    8745
    8368
    7535
    7048
    6318
    5491
    5111
    4575
    3982
    3647
    3122
    2712
    2328
    2071
    1724
    1509
    1211
     988
     771
     675
     530
     428
     388
     286
     260
     250
     184
     193
     183
     151
     144
     150
     120
     132
     135
     124
     149
     129
     143
     115
     133
     126
     142
     145
     149
     142
     137
     141
     149
     154
     147
     176
     162
     156
     174
     167
     185
     197
     200
     218
     234
     234
     246
     255
     260
     271
     295
     298
     279
     317
     339
     332
     327
     359
     342
     397
     400
     409
     449
     465
     462
     474
     543
     539
     604
     675
     689
     730
     855
    1029
    1204
    1364
    1544
    1704
    1992
    2329
    2568
    2828
    3137
    3306
    3372
    3484
    3373
    3339
    3372
    3198
    2954
    2847
    2471
    2301
    2169
    2007
    1764
    1616
    1472
    1407
    1345
    1213
    1138
    1128
    1114
    1037
    1081
    1092
    1135
    1092
    1083
    1014
     949
     946
     956
     812
     804
     673
     598
     593
     531
     444
     455
     358
     294
     270
     202
     192
     171
     139
     135
     109
      85
      66
      78
      46
      50
      60
      40
      41
      29
      26
      30
      46
      32
      37
      29
      30
      31
      32
      27
      26
      27
      28
      32
      34
      35
      34
      26
      34
      27
      31
      31
      21
      21
      26
      28
      28
      28
      22
      32
      28
      25
      30
      21
      21
      32
      23
      34
      25
      25
      26
      21
      28
      28
      21
      21
      23
      30
      24
      27
      40
      24
      25
      27
      35
      28
      22
      23
      33
      27
      29
      20
      24
      20
      28
      36
      19
      19
      24
      19
      32
      13
      27
      30
      25
      28
      20
      25
      21
      25
      21
      25
      25
      29
      28
      33
      31
      26
      34
      27
      31
      30
      44
      54
      56
      80
      70
     102
     132
     125
     135
     188
     214
     211
     278
     303
     272
     306
     292
     320
     294
     252
     259
     241
     225
     187
     162
     144
     141
     139
      94
      75
      76
      80
      59
      45
      30
      36
      23
      21
      18
      14
      13
      10
       9
       9
       6
       9
       5
       5
       5
       9
       9
       7
       2
       7
       9
       4
      17
       3
       9
       8
      12
       9
       2
       7
       9
       5
       4
       7
       6
       9
       8
       6
       7
       5
       9
      17
       7
       9
      13
       7
       6
       5
       7
       2
       5
       8
      11
       7
       5
      11
       1
       9
       5
       2
       4
       3
       8
       3
       5
       7
       7
       1
       5
       7
       6
      13
       8
       5
       5
       8
       6
       8
       6
       8
      14
      13
      11
       3
      12
       6
       6
       9
       3
       5
      11
       4
       9
       6
       5
       7
      13
       8
       4
      12
      10
       5
       5
       8
      14
       6
      11
       9
       8
       5
      11
       8
      12
       4
      13
       6
      10
       5
       8
       8
      11
       8
      10
      14
      10
      18
      10
       7
      14
      10
      11
       9
       7
       8
       8
      13
       5
      12
      12
      13
      10
      15
      13
       9
       8
       8
      14
      11
      11
      19
       8
      10
       9
      11
       7
      11
      13
       7
      15
      12
      14
       5
       7
      11
      10
      10
      11
      13
       9
       8
      15
       8
       6
       6
      13
      21
      12
      12
      14
      11
      13
       7
      14
       5
       8
       7
       9
      13
      12
      14
      10
      13
       8
       6
       9
      12
      10
      14
      12
       9
      10
      14
      18
      13
      12
      10
       7
      14
       6
      19
      18
      14
      20
      12
      12
      15
      13
      18
      16
      19
      21
      11
      19
      12
      13
      19
      11
      11
      13
      13
      12
       9
      12
      10
      10
      11
      11
       5
       8
      12
      12
      11
      15
      18
      10
       7
      17
       9
      16
      13
      18
      18
      22
      16
      26
      19
      14
      27
      17
      31
      13
      18
      13
      11
      10
       9
      14
      18
       5
      14
      14
      15
       8
       7
      10
      13
      12
      12
       8
       9
      11
      16
      16
      15
       9
      15
      17
      13
      10
      10
      10
      13
      11
      15
      15
       6
       9
      16
       9
      11
      14
      11
       9
      13
       6
       9
       8
      14
      13
      12
      14
      10
      10
       9
      11
      10
       9
       9
       9
      13
       7
      12
      11
      10
      11
       7
       4
       8
      12
       9
      17
       7
      10
      11
      19
      14
       7
       8
      16
      12
      10
       9
       9
      12
       7
       5
       9
       8
       9
      14
      14
      11
      14
       9
       9
      12
       9
       9
      12
       6
      14
      13
       7
      17
      10
      10
      13
       8
      10
      12
      12
       9
      12
      10
       8
      14
      11
      12
      10
      12
      13
      12
      10
      10
      15
       9
      15
      12
      14
      11
      12
      15
      10
      12
       9
       9
      15
      12
       8
      10
      13
       6
      14
       5
      13
      12
      14
      10
      16
      15
       9
      14
      12
      11
       8
       7
      14
      13
      11
      18
      11
      12
      15
      14
      21
      19
      16
      22
      14
      19
      21
      19
      20
      18
      24
      16
      14
      13
      12
      11
      13
      27
      11
      12
      14
      20
      14
      18
      12
      18
      18
      19
      15
      13
      18
       9
      14
      12
      14
      13
      19
      14
      14
      18
      15
      17
      15
      17
      14
      12
      14
      17
      17
      19
      20
      24
      16
      11
      18
      23
      26
      14
      12
      19
      17
      13
      20
      21
      15
      12
      16
      20
      13
       9
      18
      14
      21
       9
      16
      11
      12
      14
      27
      16
      13
       5
      18
      12
      14
       6
      12
      15
      11
      13
       5
       3
       8
       7
       8
       7
       8
       9
       5
       8
       9
       9
      11
      10
       5
      16
       6
      12
       9
      16
       7
      11
       9
       4
       9
      10
      14
       8
       9
      16
       7
       8
       7
      11
       6
       5
      11
       4
      13
       8
       8
      16
      12
       6
      12
       9
       5
      10
       9
       5
      10
       7
      10
      12
       9
      11
      16
      12
      19
       6
       9
      13
       7
       5
       3
       5
       9
       9
       7
      13
      10
      13
      20
      14
      13
      10
      15
      13
      13
       7
      14
      10
       9
      19
       8
      13
       9
      14
      10
      13
      12
      20
      14
      13
      16
       6
       8
       8
       9
       5
       8
       7
       6
       7
       6
       8
       5
       4
       8
       7
       6
       5
      10
       6
       8
       5
       6
       5
       5
       4
       5
       4
       3
       4
       4
       4
       7
       5
       7
       1
       4
       2
       3
       3
       4
       2
       4
       4
       2
       1
       2
       4
       1
       6
       1
       2
       5
       2
       3
       2
      10
       5
       1
       6
       2
       3
       5
       6
       3
       3
       9
       4
       3
       7
       5
       2
       1
       4
       2
       3
       6
       4
      10
       2
       9
       4
       7
       4
       3
       4
       3
       6
       3
       6
       2
       8
       4
       2
       4
       3
       2
       7
       3
       3
       7
       4
       6
       4
       6
       3
       2
       4
       8
       4
       4
       4
       6
       3
       5
       3
       6
       1
       4
       1
       0
       0
       6
       3
       3
       5
       4
       2
       1
       3
       5
       2
       1
       4
       2
       3
       4
       5
       4
       4
       4
       6
       6
       1
       3
       3
       1
       9
       3
       1
       2
       9
       4
       4
       1
       3
       3
       4
       0
       2
       1
       4
       5
       5
       1
       6
       2
       1
       3
       3
       1
       2
       4
       4
       2
       2
       3
       3
       2
       1
       2
       1
       2
       3
       3
       4
       3
       5
       5
       2
       0
       1
       3
       7
       3
       4
       1
       4
       0
       4
       3
       2
       3
       4
       0
       3
       3
       6
       3
       1
       5
       2
       2
       3
       4
       3
       6
       2
       3
       1
       3
       6
       3
       2
       2
       3
       4
       2
       4
       3
       8
       1
       2
       2
       3
       0
       1
       1
       2
       0
       5
       2
       3
       1
       2
       3
       2
       4
       1
       2
       4
       4
       4
       1
       2
       1
       1
       4
       2
       5
       4
       2
       2
       4
       3
       4
       1
       1
       2
       3
       6
       2
       2
       2
       0
       3
       0
       2
       6
       2
       5
       4
       1
       3
       2
       1
       2
       1
       5
       4
       1
       2
       3
       2
       2
       3
       2
       5
       1
       5
       3
       2
       1
       2
       2
       1
       3
       2
       0
       2
       3
       1
       2
       1
       4
       3
       1
       3
       3
       5
       2
       3
       2
       2
       1
       5
       0
       0
       5
       1
       5
       2
       5
       4
       1
       4
       5
       0
       0
       0
       0
       0
       0
       0
       0
       0
       0
       0
       0
       0
       0
       0
       0
       0
       0
       0
       0
       0
       0
       0
       0
       0
       0
       0
       0
       0
       0
       0
       0
