       0
       0
       0
       0
    6639
  210969
 4567056
 1232398
 1337721
 1213490
 1054004
  923673
  785634
  641480
  498266
  374766
  276161
  201482
  149427
  111222
   84443
   64621
   49633
   38769
   29784
   22707
   17361
   12822
    9304
    6453
    4403
    3119
    2170
    1672
    1432
    1147
    1087
    1001
     948
    1012
     999
     958
     949
     938
     959
     921
     907
     891
     911
     901
     918
     949
     886
     967
     943
     866
     897
     915
     900
     906
     873
     861
     918
     911
     907
     879
     883
     919
     969
     903
     916
     914
     927
     934
     875
     892
     886
     918
     961
     921
     918
     878
     953
     917
     953
     906
     916
     928
     872
     909
     950
     946
     955
     911
     940
     929
     896
     906
     862
     885
     910
     846
     791
     815
     761
     770
     784
     759
     746
     654
     705
     700
     616
     620
     625
     575
     610
     559
     562
     567
     600
     561
     515
     508
     522
     504
     522
     496
     482
     489
     490
     490
     508
     463
     490
     507
     527
     498
     476
     489
     449
     485
     482
     489
     478
     435
     465
     452
     463
     457
     434
     432
     449
     411
     458
     444
     422
     415
     452
     409
     443
     404
     436
     412
     416
     415
     429
     392
     440
     410
     409
     431
     411
     436
     423
     427
     394
     405
     420
     443
     382
     427
     380
     384
     429
     369
     372
     410
     368
     386
     359
     378
     348
     400
     381
     371
     342
     392
     359
     366
     398
     363
     381
     381
     358
     364
     367
     341
     343
     379
     352
     312
     337
     374
     313
     347
     368
     352
     366
     361
     354
     353
     356
     335
     352
     351
     386
     339
     328
     342
     342
     341
     295
     319
     312
     325
     364
     367
     329
     341
     364
     330
     315
     359
     318
     344
     292
     306
     352
     335
     320
     345
     334
     317
     293
     318
     309
     312
     317
     319
     323
     281
     322
     313
     354
     320
     300
     330
     328
     368
     317
     312
     297
     307
     348
     338
     345
     304
     291
     289
     332
     358
     324
     309
     327
     349
     339
     333
     321
     305
     322
     320
     270
     318
     338
     339
     348
     351
     326
     349
     366
     341
     346
     323
     339
     353
     337
     323
     307
     303
     351
     313
     308
     330
     293
     298
     282
     298
     328
     280
     332
     297
     287
     268
     287
     273
     296
     299
     304
     327
     319
     307
     299
     297
     290
     284
     291
     299
     303
     300
     276
     288
     319
     300
     315
     300
     315
     307
     296
     299
     313
     347
     340
     297
     298
     310
     337
     294
     317
     336
     337
     279
     323
     301
     277
     326
     293
     301
     310
     306
     340
     275
     288
     310
     289
     293
     282
     304
     291
     317
     303
     318
     282
     288
     332
     301
     279
     301
     320
     313
     296
     339
     318
     329
     306
     332
     325
     324
     360
     294
     319
     325
     320
     338
     326
     338
     340
     338
     337
     323
     322
     349
     372
     363
     336
     383
     362
     393
     354
     344
     359
     340
     402
     401
     423
     405
     422
     421
     432
     468
     464
     528
     538
     621
     590
     616
     636
     623
     673
     668
     752
     704
     703
     824
     837
     814
     852
     833
     911
     992
    1030
    1061
    1198
    1268
    1402
    1530
    1714
    1713
    1886
    1915
    1999
    2026
    2064
    2136
    2167
    2230
    2359
    2357
    2480
    2555
    2533
    2449
    2226
    2186
    1972
    1659
    1639
    1515
    1300
    1180
    1112
    1050
     936
     840
     808
     783
     749
     699
     672
     680
     689
     694
     678
     704
     685
     747
     766
     728
     699
     790
     763
     808
     801
     831
     923
     857
     929
     973
     976
    1086
    1094
    1087
    1151
    1161
    1235
    1206
    1240
    1269
    1305
    1355
    1379
    1425
    1465
    1517
    1517
    1531
    1545
    1613
    1622
    1645
    1651
    1676
    1704
    1740
    1791
    1824
    1851
    1883
    1814
    1912
    1917
    1973
    1983
    2132
    2154
    2293
    2345
    2458
    2527
    2518
    2715
    2641
    2758
    2718
    2830
    2701
    2855
    2921
    3011
    2943
    3105
    3249
    3189
    3243
    3519
    3669
    3723
    3939
    3925
    4064
    4316
    4593
    4767
    5206
    5599
    6033
    6493
    7161
    8112
    9043
   10275
   12269
   14414
   17246
   21084
   25399
   31036
   38196
   46792
   56224
   66650
   78451
   89708
  100121
  108807
  116539
  122968
  128839
  136237
  144288
  152563
  161179
  169316
  173748
  175672
  171726
  163678
  150784
  135738
  120143
  104291
   89900
   76902
   65364
   55335
   46455
   37988
   30566
   24161
   19028
   14545
   11129
    8490
    6425
    5283
    4389
    3714
    3167
    2890
    2715
    2560
    2358
    2285
    2320
    2317
    2293
    2273
    2223
    2293
    2344
    2438
    2579
    2600
    2611
    2660
    2792
    3011
    3122
    3249
    3431
    3578
    3720
    3880
    3980
    4262
    4565
    4611
    4961
    5207
    5423
    5679
    5982
    6253
    6605
    6803
    7098
    7349
    7849
    8370
    9115
    9736
   10829
   12027
   13647
   15834
   18318
   21741
   26141
   30351
   35095
   39925
   44964
   49329
   51738
   53100
   53300
   51797
   48422
   44269
   40277
   36186
   32044
   28460
   25670
   23185
   20907
   19205
   18295
   17696
   17129
   16932
   16933
   16281
   16048
   15608
   14653
   13492
   12336
   10997
    9709
    8491
    7348
    6249
    5437
    4444
    3878
    3092
    2565
    1956
    1643
    1324
    1138
     957
     784
     712
     628
     634
     550
     530
     512
     486
     457
     466
     464
     474
     479
     434
     409
     413
     462
     399
     431
     436
     428
     429
     434
     450
     424
     434
     405
     446
     400
     438
     409
     413
     453
     439
     406
     433
     439
     371
     447
     404
     433
     440
     435
     442
     425
     423
     381
     403
     393
     422
     366
     416
     387
     403
     395
     380
     371
     382
     375
     337
     363
     405
     354
     365
     379
     416
     405
     397
     385
     418
     467
     473
     529
     582
     658
     736
     953
    1150
    1370
    1570
    1960
    2401
    2666
    3138
    3390
    3720
    3910
    4040
    3848
    3491
    3239
    2863
    2519
    2150
    1847
    1731
    1412
    1208
     929
     794
     664
     526
     459
     321
     269
     259
     239
     218
     235
     194
     203
     222
     224
     251
     287
     269
     265
     282
     316
     303
     294
     315
     314
     328
     293
     308
     315
     303
     347
     349
     319
     326
     316
     346
     367
     310
     372
     331
     333
     350
     331
     350
     350
     355
     354
     311
     352
     331
     304
     367
     337
     363
     364
     371
     381
     380
     368
     387
     376
     386
     353
     379
     387
     422
     359
     399
     384
     366
     369
     412
     417
     411
     415
     422
     367
     408
     402
     384
     388
     399
     443
     409
     444
     424
     456
     460
     440
     415
     465
     447
     490
     448
     420
     420
     466
     475
     457
     475
     426
     484
     490
     503
     482
     518
     481
     481
     474
     491
     447
     475
     493
     466
     481
     484
     478
     462
     481
     510
     501
     497
     458
     482
     485
     487
     474
     497
     506
     474
     514
     545
     532
     488
     473
     471
     523
     468
     493
     486
     511
     494
     469
     493
     502
     541
     491
     561
     510
     524
     496
     466
     478
     533
     559
     499
     511
     521
     544
     524
     550
     511
     534
     548
     559
     514
     531
     539
     563
     527
     576
     564
     527
     497
     558
     541
     559
     563
     512
     511
     501
     509
     519
     505
     512
     505
     518
     502
     502
     572
     547
     547
     544
     548
     567
     567
     608
     615
     619
     586
     572
     547
     575
     545
     582
     555
     507
     616
     554
     596
     569
     542
     569
     514
     547
     546
     541
     513
     525
     576
     579
     543
     562
     538
     515
     578
     597
     552
     556
     522
     569
     551
     543
     589
     546
     533
     549
     548
     585
     552
     536
     555
     543
     562
     550
     604
     559
     552
     598
     573
     568
     552
     568
     564
     592
     514
     580
     559
     558
     579
     588
     554
     559
     516
     567
     603
     558
     566
     534
     580
     545
     590
     541
     567
     628
     548
     597
     593
     584
     582
     601
     591
     596
     565
     597
     614
     570
     540
     610
     564
     597
     576
     620
     607
     599
     619
     619
     663
     628
     627
     605
     674
     637
     664
     627
     633
     645
     611
     643
     650
     629
     617
     649
     648
     651
     666
     659
     689
     654
     667
     646
     676
     693
     686
     746
     655
     722
     715
     737
     748
     759
     714
     713
     708
     712
     736
     754
     752
     746
     760
     734
     785
     714
     739
     768
     764
     773
     818
     789
     845
     819
     789
     846
     867
     799
     901
     898
     889
     911
     901
     931
     977
    1002
     989
    1046
    1063
    1045
     988
    1137
    1076
    1042
    1134
    1100
    1125
    1134
    1193
    1109
    1151
    1109
    1084
    1069
    1114
    1086
    1051
    1001
     961
     931
     848
     846
     779
     722
     744
     658
     606
     593
     523
     530
     475
     418
     412
     451
     403
     386
     358
     373
     372
     377
     365
     374
     351
     342
     358
     378
     378
     369
     390
     390
     359
     399
     340
     391
     386
     398
     385
     388
     391
     423
     443
     387
     414
     423
     459
     443
     422
     446
     467
     432
     442
     456
     463
     450
     465
     469
     476
     468
     528
     490
     497
     527
     538
     519
     544
     589
     556
     557
     594
     585
     569
     577
     645
     563
     592
     516
     561
     538
     570
     559
     446
     532
     448
     444
     388
     395
     410
     349
     363
     304
     300
     290
     268
     231
     252
     234
     226
     229
     182
     221
     178
     169
     187
     173
     147
     169
     139
     132
     145
     123
     118
     121
     123
     108
     114
     129
     115
     104
     105
     110
      96
     120
     119
     113
     121
     140
     110
     135
     110
     142
     132
     113
      98
     115
     120
     139
     112
     120
     133
     139
     145
     112
     112
     118
     123
     114
     124
     116
     112
     137
     116
     130
     133
     144
     136
     164
     131
     126
     138
     132
     132
     125
     130
     106
     126
     115
     110
     112
     123
     107
     118
     127
     102
      84
     108
     106
     117
     101
     108
      73
      78
      88
      79
      70
     103
      86
      99
      87
      73
      91
      76
      82
      81
      83
      83
      77
      75
      87
      82
      75
      73
      71
      64
      58
      77
      63
      72
      64
      72
      57
      65
      44
      53
      52
      58
      48
      51
      41
      57
      56
      52
      46
      43
      38
      40
      45
      51
      45
      46
      58
      44
      48
      55
      35
      40
      35
      51
      46
      46
      44
      40
      45
      38
      40
      33
      46
      49
      45
      40
      41
      49
      49
      43
      35
      58
      42
      44
      43
      69
      49
      44
      39
      61
      48
      55
      35
      59
      46
      38
      58
      47
      39
      46
      54
      47
      38
      39
      45
      42
      41
      39
      53
      52
      35
      52
      52
      46
      53
      49
      46
      48
      39
      47
      37
      41
      51
      43
      45
      36
      44
      28
      38
      37
      50
      36
      30
      31
      30
      39
      38
      35
      41
      30
      26
      27
      39
      48
      36
      36
      33
      26
      43
      45
      28
      29
      38
      39
      51
      33
      34
      19
      33
      35
      47
      36
      44
      27
      27
      47
      45
      37
      42
      36
      35
      39
      44
      29
      30
      33
      56
      30
      39
      43
      37
      31
      45
      31
      35
      37
      48
      35
      41
      43
      29
      34
      32
      34
      38
      40
      36
      38
      31
      31
      36
      41
      31
      37
      31
      32
      41
      40
      37
      34
      41
      31
      41
      32
      40
      49
      36
      45
      31
      42
      29
      42
      33
      35
      28
      36
      36
      32
      21
      29
      31
      42
      35
      41
      36
      47
      40
      33
      35
      42
      37
      35
      34
      43
      41
      46
      30
      34
      35
      32
      34
      34
      30
      33
      29
      27
      34
      29
      38
      45
      33
      37
      34
      38
      24
      39
      30
      35
      39
      28
      39
      36
      36
      40
      32
      43
      32
      32
      42
      29
      44
      35
      45
      34
      39
      40
      43
      46
      48
      38
      43
      39
      29
      36
      32
      36
      28
      43
      36
      38
      47
      39
      40
      42
      35
      41
      40
      32
      33
      34
      46
      38
      31
      39
      43
      40
      46
      40
      39
      45
      34
      45
      32
      36
      48
      40
      40
      36
      43
      43
      42
      34
      44
      40
      35
      38
      48
      34
      32
      26
      34
      36
      40
      22
      26
      32
      36
      20
      37
      30
      37
      38
      39
      34
      33
      28
      35
      31
      32
      32
      29
      35
      26
      42
      38
      29
      30
      24
      29
      19
      26
      27
      33
      36
      32
      32
      29
      39
      33
      23
      38
      41
      23
      42
      28
      35
      41
      34
      46
      35
      39
      25
      36
      36
      22
      40
      29
      36
      27
      35
      32
      28
      35
      28
      31
      38
      31
      40
      32
      32
      36
      31
      33
      36
      27
      34
      39
      28
      32
      32
      27
      26
      24
      36
      31
      23
      35
      22
      34
      29
      38
      19
      29
      33
      28
      28
      24
      32
      25
      20
      36
      37
      36
      44
      25
      26
      27
      36
      16
      35
      28
      30
      24
      31
      31
      25
      22
      27
      25
      24
      15
      28
      20
      32
      27
      25
      39
      24
      24
      32
      26
      20
      29
      32
      30
      35
      28
      32
      33
      26
      26
      31
      30
      40
      24
      34
      31
      31
      33
      29
      24
      25
      24
      29
      31
      38
      27
      27
      20
      28
      29
      21
      24
      25
      30
      20
      33
      22
      16
      23
      20
      20
      29
      29
      24
      25
      21
      28
      19
      19
      19
      24
      32
      28
      22
      31
      28
      23
      24
      14
      29
      20
      21
      22
      27
      25
      28
      23
      21
      24
      22
      20
      27
      34
      34
      32
      31
      24
      22
      35
      21
      27
      25
      25
      30
      29
      20
      27
      18
      14
      24
      29
      26
      27
      25
      25
      20
      23
      22
      23
      24
      20
      25
      26
      28
      24
      19
      20
      32
      31
      24
      17
      28
      23
      27
      37
      21
      34
      19
      21
      20
      21
      24
      19
      24
      17
      21
      19
      26
      32
      31
      24
      22
      30
      36
      28
      18
      33
      41
      42
      28
      29
      30
      40
      41
      32
      33
      24
      26
      38
      30
      29
      22
      27
      29
      22
      32
      26
      16
      22
      19
      29
      24
      31
      19
       0
       0
       0
       0
       0
       0
       0
       0
       0
       0
       0
       0
       0
       0
       0
       0
       0
       0
       0
       0
       0
       0
       0
       0
       0
       0
       0
       0
       0
       0
       0
       0
