       0
       0
       0
       0
       0
       0
       0
       0
       0
       0
       0
       0
       0
       0
       0
       0
       0
       0
       0
       0
       0
       0
       0
       0
       0
       0
       0
       0
       0
       0
       0
       0
       0
       0
       0
       0
       0
       0
       0
       0
       0
       0
       0
       0
       0
       0
       0
       0
       0
       3
     115
     103
     102
     101
      72
     101
      95
      97
      90
      91
      78
      87
      72
     106
      82
      97
      93
      98
      94
      95
     105
      81
      94
      95
      84
      76
      87
      84
      71
      78
      71
      85
      68
      65
      83
      83
     100
      81
      79
      90
      81
      60
      86
      93
      92
      87
      69
      87
      82
      63
      89
      78
      77
      80
      92
      74
      69
      75
      75
      89
      71
      72
      63
      91
      80
      70
      88
      73
      67
      44
      63
      65
      63
      74
      59
      56
      66
      55
      67
      54
      57
      67
      57
      61
      68
      65
      65
      60
      59
      66
      60
      58
      39
      58
      56
      42
      62
      55
      45
      51
      53
      46
      51
      49
      51
      53
      47
      54
      46
      42
      55
      57
      49
      50
      49
      53
      52
      45
      50
      61
      49
      55
      50
      63
      35
      57
      39
      53
      41
      40
      50
      48
      47
      42
      46
      48
      57
      48
      48
      47
      35
      47
      44
      53
      45
      45
      43
      37
      50
      37
      36
      43
      46
      39
      33
      38
      37
      27
      43
      29
      42
      43
      28
      38
      37
      39
      40
      35
      36
      47
      39
      44
      46
      43
      43
      45
      42
      43
      42
      29
      30
      40
      42
      23
      40
      34
      48
      37
      33
      45
      29
      51
      40
      41
      36
      42
      45
      33
      30
      40
      31
      34
      18
      38
      39
      33
      44
      39
      32
      31
      40
      29
      38
      34
      34
      35
      48
      43
      33
      24
      38
      26
      33
      29
      28
      33
      40
      31
      29
      37
      39
      25
      29
      30
      30
      33
      26
      25
      30
      31
      29
      34
      27
      36
      37
      26
      36
      23
      36
      24
      25
      38
      27
      33
      24
      29
      32
      24
      30
      25
      37
      34
      33
      26
      29
      31
      29
      33
      25
      35
      33
      36
      30
      33
      36
      38
      25
      22
      20
      27
      31
      28
      31
      34
      39
      26
      24
      27
      38
      28
      27
      20
      32
      23
      25
      27
      38
      25
      33
      30
      25
      29
      29
      25
      20
      27
      27
      25
      23
      23
      29
      28
      24
      26
      30
      18
      26
      24
      36
      38
      21
      23
      28
      38
      24
      38
      32
      32
      26
      25
      22
      31
      22
      31
      37
      29
      33
      25
      35
      24
      37
      30
      25
      31
      38
      27
      33
      33
      30
      31
      27
      21
      26
      33
      20
      34
      21
      27
      34
      30
      32
      31
      33
      30
      38
      19
      32
      31
      30
      26
      27
      28
      28
      32
      32
      24
      26
      25
      20
      34
      38
      28
      26
      32
      18
      23
      24
      28
      26
      24
      29
      27
      30
      28
      29
      29
      23
      26
      29
      29
      28
      31
      24
      23
      20
      28
      33
      30
      26
      24
      21
      22
      24
      36
      31
      31
      35
      27
      25
      34
      30
      34
      25
      31
      34
      34
      32
      30
      31
      28
      35
      17
      28
      28
      32
      21
      34
      18
      28
      34
      24
      22
      30
      25
      22
      19
      28
      26
      31
      21
      36
      42
      19
      24
      25
      33
      29
      36
      26
      31
      28
      25
      23
      23
      19
      33
      25
      27
      22
      27
      24
      35
      29
      35
      29
      24
      26
      31
      37
      21
      34
      34
      36
      31
      31
      25
      32
      22
      35
      32
      24
      37
      31
      31
      24
      25
      33
      24
      31
      30
      41
      25
      42
      31
      34
      39
      35
      35
      36
      40
      46
      49
      48
      47
      43
      51
      56
      50
      43
      53
      68
      39
      52
      37
      50
      58
      51
      73
      63
      58
      67
      72
      76
      74
      84
      82
      79
      84
      95
      98
      98
     105
     135
     131
     128
     142
     132
     141
     162
     138
     154
     168
     161
     179
     172
     176
     153
     168
     188
     170
     182
     207
     176
     163
     172
     180
     152
     127
     126
     135
     132
     115
     113
      78
      74
      83
      64
      78
      76
      71
      64
      54
      63
      61
      61
      41
      48
      55
      52
      46
      59
      68
      58
      59
      70
      49
      61
      60
      62
      64
      64
      61
      71
      63
      55
      63
      73
      69
      68
      83
      78
      71
      73
      84
      93
      82
      85
      79
      81
      94
      86
      79
     101
      95
      89
     106
      94
     102
     103
     115
     119
     121
     118
     111
     109
     115
     141
     100
     108
     128
     124
     106
     156
     110
     135
     133
     128
     144
     131
     134
     122
     150
     128
     147
     142
     141
     175
     176
     170
     145
     196
     181
     177
     169
     200
     206
     181
     206
     217
     228
     208
     223
     211
     199
     240
     244
     231
     240
     225
     240
     257
     240
     263
     252
     255
     264
     265
     283
     292
     330
     290
     337
     313
     341
     354
     368
     354
     422
     424
     431
     480
     512
     578
     595
     707
     751
     889
    1051
    1144
    1326
    1509
    1868
    2123
    2505
    2974
    3516
    4120
    4611
    5329
    6069
    6548
    7127
    7699
    8147
    8756
    9121
    9482
    9965
   10440
   10801
   11493
   11844
   12397
   12855
   13176
   13440
   13203
   12875
   12462
   11782
   10936
   10190
    9336
    8263
    7366
    6743
    5930
    5363
    4619
    4005
    3555
    3091
    2592
    2167
    1861
    1413
    1181
    1049
     820
     671
     593
     459
     372
     365
     310
     299
     248
     242
     224
     196
     213
     170
     202
     193
     179
     193
     155
     178
     182
     176
     166
     139
     188
     172
     184
     214
     194
     188
     216
     227
     220
     247
     219
     212
     268
     269
     295
     270
     285
     337
     324
     319
     332
     391
     358
     353
     388
     405
     448
     429
     456
     484
     490
     500
     503
     508
     509
     576
     595
     628
     665
     659
     749
     877
     875
     963
    1080
    1259
    1464
    1648
    1861
    2187
    2425
    2737
    3186
    3403
    3776
    3922
    4123
    4205
    4214
    4163
    4148
    3896
    3907
    3587
    3241
    3011
    2870
    2560
    2242
    2081
    2030
    1899
    1716
    1585
    1572
    1454
    1404
    1404
    1375
    1369
    1345
    1352
    1352
    1245
    1277
    1190
    1081
    1025
     979
     885
     784
     685
     645
     632
     563
     494
     388
     350
     306
     243
     210
     195
     159
     141
     100
     107
      87
      69
      49
      59
      53
      45
      48
      48
      52
      53
      44
      32
      39
      40
      42
      43
      29
      28
      28
      30
      31
      39
      31
      36
      32
      32
      34
      30
      38
      32
      36
      40
      26
      38
      39
      46
      26
      29
      32
      27
      36
      36
      34
      33
      36
      29
      29
      41
      40
      29
      33
      41
      41
      47
      40
      29
      41
      31
      33
      34
      45
      38
      39
      38
      39
      41
      43
      38
      41
      41
      37
      38
      35
      41
      32
      43
      36
      24
      31
      29
      30
      36
      37
      27
      25
      34
      34
      32
      41
      27
      30
      43
      25
      33
      34
      26
      39
      36
      48
      53
      57
      72
      85
      92
     101
     126
     155
     187
     196
     225
     250
     311
     306
     288
     341
     313
     315
     320
     312
     257
     226
     233
     224
     197
     194
     167
     112
     110
     110
      79
      77
      72
      52
      43
      47
      33
      24
      25
      15
       9
      17
       6
      17
      14
      11
      11
      10
       7
      12
      10
      13
      12
       7
      14
       9
       8
       7
       8
      20
      11
      12
       8
      11
      12
      14
      11
      11
      10
       7
      13
      12
      12
      10
       7
      11
      13
      10
       8
       8
       8
      16
       6
      14
      13
       9
       9
      15
      13
      11
       8
      15
      12
      19
       8
      10
       8
      11
      11
      11
       8
      11
      17
      11
      12
      11
      10
      18
      14
       4
      17
       8
      12
       7
      11
       7
      14
      13
      16
      15
      22
      14
      10
      17
      14
      12
      16
      16
      16
      10
      11
      13
      17
      12
      17
      13
      18
      15
      13
      26
      12
      23
      15
      17
      20
      22
      17
      17
      15
      17
      18
      12
       9
      19
      13
      23
      19
      19
      18
      22
      20
      12
      17
      14
      19
      11
      14
      17
       9
      14
      13
      18
      14
      17
      13
       7
      17
      18
      14
      17
      12
      24
      25
      15
      12
      18
      21
      16
       9
      15
      18
      17
      20
      18
      19
      14
      19
      17
      17
       9
      23
      19
      14
      15
      21
      21
      16
      20
      12
      24
      19
      22
      18
      23
      11
      10
      12
      14
      22
      19
      19
      19
      17
      19
      13
       9
      12
      20
      19
      18
      18
      19
      17
      16
      22
      20
      18
      18
      15
      25
      18
      27
      15
      12
      20
      26
      15
      24
      24
      19
      23
      23
      19
      17
      29
      11
      25
      21
      27
      23
      24
      35
      21
      22
      16
      26
      22
      22
      22
      16
      20
      17
      22
      23
      17
      22
      19
      15
      32
      26
      23
      26
      26
      27
      32
      26
      19
      28
      27
      24
      17
      38
      18
      28
      16
      19
      16
      15
      22
      23
      31
      25
      22
      11
      16
      12
      18
      16
      21
      26
      11
      22
      12
      17
      18
      17
      17
      16
      15
      12
      16
      15
      13
      19
      24
      20
      17
      19
      15
      19
      19
      14
      24
       9
      25
      31
      16
      19
      26
      10
      19
      14
       7
      21
      15
      13
      21
      13
      17
      21
      16
      22
      23
      18
      17
      17
      20
      20
      19
      20
      22
      20
      19
      21
      20
      23
      16
      15
      18
      15
      12
      12
      16
      16
      22
      22
      15
      25
      21
      19
      17
      24
      22
      18
      21
      20
      20
      24
      21
      16
      16
      16
      16
      21
      13
      18
      17
      16
      15
      25
      22
      21
      17
      25
       8
      13
      22
      17
      19
      23
      24
      24
      15
      18
      20
      17
      19
      17
      28
      15
      25
      28
      21
      15
      17
      19
      23
      15
      18
      19
      27
      16
      21
      15
      18
      22
      26
      22
      17
      17
      18
      21
      18
      11
      23
      25
      11
      33
      20
      16
      27
      21
      26
      18
      18
      29
      23
      26
      21
      25
      20
      20
      27
      18
      18
      26
      27
      22
      29
      29
      21
      32
      33
      24
      25
      26
      29
      33
      32
      24
      23
      34
      33
      27
      25
      29
      29
      27
      20
      20
      35
      25
      19
      29
      25
      27
      28
      32
      17
      28
      25
      37
      31
      30
      38
      33
      39
      27
      32
      35
      29
      36
      47
      35
      30
      37
      31
      36
      33
      40
      32
      45
      39
      39
      43
      29
      30
      36
      30
      26
      17
      32
      31
      26
      24
      29
      30
      30
      34
      20
      30
      13
      19
      20
      13
      19
      21
      17
      21
      13
      18
      19
      17
      19
      20
      10
      13
      14
      14
      17
      15
      10
       8
      11
      11
      11
      11
       8
      15
      17
      21
      11
      16
      15
      12
      15
      12
      17
      16
      16
      17
      16
      13
      18
      16
      14
      15
      18
       9
      15
       9
      15
      11
      14
      20
      19
      14
      11
      16
      19
      13
      18
      11
      17
       9
      11
      17
      15
      20
      20
      17
      22
      22
      18
      21
      20
      18
      12
      15
      17
      23
      16
      15
      20
      15
      16
      12
      18
      17
      23
      26
      20
      17
      16
      19
      20
      15
      19
      24
      14
      16
      21
      20
      17
      17
      16
      14
      19
       6
       8
      13
      10
      10
      19
       7
       7
      10
       7
       6
       7
       6
       7
      11
       7
      10
       4
      10
       7
      10
       8
       4
       6
      12
       9
      10
       8
       8
       5
       7
       9
       3
       6
       3
       5
       1
       5
       3
       2
       5
       8
       7
       6
       2
       4
       6
       3
       8
       7
       8
       9
       3
       6
       4
      10
       4
       7
       3
      10
       4
       9
       5
       7
       1
       2
       3
       4
       5
       4
       4
       4
       1
      11
       9
       5
       4
       1
       7
       2
       5
       6
       8
       5
       5
       9
       3
       5
       4
       5
       6
       7
       7
       5
       1
       5
       3
       6
       5
       5
       5
       5
       1
      10
       4
       3
       5
       3
       7
       3
       4
       4
       5
       4
       0
       7
       2
       4
       8
       4
       6
       2
       4
       8
       2
       7
       0
       6
       3
       3
       6
       5
       3
       2
       5
       5
       7
       4
       2
       4
       4
       6
       2
       5
       2
       3
       3
       8
       5
       3
       4
       4
       2
       3
       1
       2
       6
       4
       2
       2
       3
       3
       5
       4
       4
       6
       1
       2
       2
       1
       0
       4
       4
       0
       3
       2
       1
       2
       3
       2
       1
       1
       1
       1
       1
       5
       1
       4
       5
       1
       3
       8
       1
       5
       4
       4
       2
       3
       4
       2
       3
       4
       2
       5
       1
       2
       5
       2
       1
       3
       5
       2
       3
       3
       2
       0
       3
       4
       3
       1
       1
       4
       3
       1
       1
       5
       2
       2
       2
       5
       6
       4
       5
       3
       4
       6
       4
       4
       1
       1
       4
       4
       2
       1
       1
       3
       1
       4
       3
       3
       2
       0
       3
       2
       3
       5
       4
       3
       1
       2
       0
       3
       2
       5
       6
       7
       4
       2
       4
       5
       0
       3
       1
       2
       3
       5
       2
       4
       6
       1
       3
       1
       1
       5
       3
       3
       2
       0
       3
       1
       3
       3
       2
       7
       2
       4
       3
       6
       5
       1
       2
       2
       1
       5
       2
       2
       2
       3
       1
       4
       3
       6
       2
       3
       2
       1
       3
       7
       4
       1
       3
       1
       2
       2
       3
       1
       6
       4
       4
       4
       2
       0
       0
       0
       0
       0
       0
       0
       0
       0
       0
       0
       0
       0
       0
       0
       0
       0
       0
       0
       0
       0
       0
       0
       0
       0
       0
       0
       0
       0
       0
       0
       0
