       0
       0
       0
       0
       0
       0
       0
       0
       0
       0
       0
       0
       0
       0
       0
       0
       0
       0
       0
       0
       0
       0
       0
       0
       0
       0
       0
       0
       0
       0
       0
       0
       0
       0
       0
       0
       0
       0
       0
       0
       0
       0
       0
       0
       0
       0
       0
       0
       0
       3
      74
      75
      65
      58
      52
      63
      53
      63
      56
      77
      56
      51
      57
      57
      67
      56
      63
      50
      59
      61
      64
      68
      52
      45
      59
      50
      66
      59
      45
      58
      66
      66
      60
      52
      55
      67
      64
      53
      48
      49
      58
      60
      59
      51
      53
      40
      49
      65
      52
      62
      65
      46
      60
      63
      61
      44
      61
      47
      54
      59
      42
      53
      40
      55
      51
      47
      46
      65
      45
      43
      46
      40
      55
      46
      36
      53
      34
      42
      46
      34
      43
      45
      40
      39
      44
      29
      37
      44
      39
      50
      52
      37
      54
      43
      39
      50
      46
      37
      35
      43
      44
      47
      29
      38
      29
      31
      30
      37
      31
      30
      22
      33
      38
      24
      32
      26
      29
      24
      43
      31
      33
      27
      30
      29
      25
      34
      30
      28
      30
      28
      38
      23
      22
      37
      33
      25
      25
      29
      27
      23
      27
      20
      31
      38
      27
      21
      29
      17
      28
      30
      24
      23
      25
      32
      25
      19
      19
      31
      27
      21
      15
      30
      27
      18
      27
      35
      21
      22
      26
      21
      29
      34
      26
      23
      26
      31
      22
      24
      26
      24
      18
      20
      30
      18
      25
      19
      19
      19
      32
      25
      28
      27
      17
      28
      24
      15
      19
      18
      31
      19
      22
      26
      13
      25
      17
      22
      28
      13
      23
      19
      23
      18
      23
      33
      20
      23
      21
      15
      26
      14
      29
      22
      14
      18
      21
      20
      20
      19
      22
      27
      27
      17
      15
      31
      24
      22
      20
      17
      28
      14
      22
      19
      21
      13
      23
      18
      22
      23
      19
      18
      19
      25
      24
      22
      16
      22
      11
      19
      16
      22
      22
      19
      22
      25
      30
      24
      19
      24
      20
      16
      22
      23
      21
      23
      18
      24
      18
      34
      12
      20
      21
      19
      19
      17
      11
      18
      19
      17
      22
      19
      16
      23
      12
      22
      14
      21
      16
      23
      18
      19
      19
      14
      22
      16
      10
      15
      20
      12
      19
      21
      18
      15
      23
      12
      22
      24
      18
      20
      11
      23
      17
      20
      15
      18
      21
      13
      12
      18
      21
      14
      16
      15
      18
      32
      17
      14
      24
      21
      19
      18
      16
      25
      17
      17
      18
      16
      20
      18
      20
      22
      23
      25
      18
      17
      19
      25
      12
      20
      26
      17
       9
      18
      21
      15
      19
      23
      13
      22
      20
      15
      16
      17
      15
      14
      19
      18
      16
      10
      18
      12
      20
      31
      13
      18
      17
      20
      11
      16
      18
      23
      15
      14
      21
      18
      21
      20
      14
      18
      23
      10
      13
      18
      14
      21
      20
      14
      10
      14
      22
      18
      10
      11
      17
      23
      18
      16
      12
      13
      23
      15
      15
       8
       9
      16
      17
      17
      20
      13
      26
      14
      12
      16
      14
      15
      14
      19
      14
      18
      20
      17
       9
      12
      14
      14
      19
      11
      15
      18
      14
      18
      18
      20
      15
      20
      16
      16
      15
      10
      23
      25
      11
      20
      13
      12
      25
      18
      19
      23
      14
      14
      17
      19
      15
      21
      17
      17
      10
      16
      14
      14
      21
      18
      19
      16
      19
      15
      17
      17
      12
      21
      17
      19
      24
      18
      17
      16
      27
      13
      21
      12
      19
      23
      20
      16
      19
      21
      29
      34
      26
      23
      28
      22
      26
      25
      27
      24
      31
      20
      17
      23
      27
      20
      31
      32
      25
      34
      32
      34
      33
      43
      38
      42
      47
      33
      48
      36
      42
      39
      70
      61
      54
      54
      71
      80
      69
      70
      77
      84
      82
      80
      83
      87
     104
     101
     102
     109
     115
     119
     105
     122
     114
     133
     119
     114
      96
     103
      97
      85
      67
      60
      69
      80
      65
      67
      49
      40
      40
      33
      45
      45
      34
      45
      32
      35
      32
      26
      37
      37
      26
      33
      37
      30
      22
      29
      37
      31
      28
      27
      35
      39
      31
      38
      48
      30
      37
      40
      36
      42
      31
      43
      44
      49
      43
      46
      44
      42
      45
      49
      54
      58
      47
      42
      63
      61
      49
      55
      48
      65
      64
      59
      76
      54
      55
      65
      64
      76
      61
      74
      54
      47
      59
      76
      67
      81
      73
      71
      69
      59
      71
      77
      81
      73
      66
      82
      72
      75
      91
      93
      97
      97
      93
      96
     108
     109
     114
     122
     111
     116
     113
     133
     131
     117
     125
     129
     129
     109
     121
     120
     140
     172
     137
     180
     159
     139
     145
     172
     170
     163
     183
     169
     168
     187
     195
     208
     224
     227
     230
     238
     242
     258
     263
     316
     351
     402
     405
     434
     456
     595
     687
     795
     949
    1093
    1248
    1544
    1809
    2068
    2526
    2957
    3287
    3627
    4070
    4385
    4534
    4990
    5140
    5492
    5523
    5949
    6149
    6509
    7005
    7312
    7595
    8113
    8186
    8180
    7953
    7892
    7458
    6977
    6512
    6000
    5344
    4871
    4245
    3865
    3458
    3037
    2625
    2316
    2047
    1731
    1490
    1187
    1067
     859
     698
     550
     442
     374
     349
     271
     233
     206
     182
     167
     153
     129
     143
     136
     136
     129
     101
     135
     101
     122
     122
     115
     116
     133
     134
     120
     121
     138
     135
     126
     147
     151
     140
     144
     151
     169
     180
     158
     166
     181
     205
     153
     196
     197
     203
     236
     245
     246
     252
     242
     278
     292
     296
     297
     305
     305
     346
     349
     372
     354
     404
     386
     466
     445
     468
     495
     551
     526
     620
     689
     741
     886
    1086
    1244
    1379
    1575
    1897
    2068
    2376
    2584
    2773
    2923
    2957
    3028
    3095
    3110
    2933
    2870
    2657
    2380
    2231
    2080
    1912
    1752
    1638
    1541
    1354
    1277
    1173
    1079
    1089
    1005
    1028
     999
    1006
    1051
    1046
    1012
     962
     977
     892
     837
     819
     753
     766
     655
     552
     527
     467
     396
     351
     299
     281
     250
     222
     161
     149
     137
     107
      85
      92
      69
      58
      46
      45
      45
      52
      27
      32
      28
      26
      29
      27
      18
      30
      29
      26
      23
      15
      26
      28
      23
      31
      30
      26
      28
      34
      30
      21
      29
      24
      17
      35
      32
      25
      28
      29
      21
      25
      27
      22
      16
      21
      28
      26
      31
      32
      25
      23
      27
      24
      39
      36
      23
      31
      20
      30
      26
      20
      33
      28
      19
      15
      25
      19
      24
      28
      25
      22
      14
      23
      23
      27
      34
      23
      29
      28
      18
      19
      22
      31
      29
      19
      30
      18
      20
      14
      18
      23
      27
      23
      28
      20
      20
      21
      39
      28
      24
      29
      35
      26
      50
      37
      65
      69
      68
     105
     132
     107
     159
     188
     200
     213
     257
     295
     268
     296
     277
     262
     262
     236
     236
     232
     200
     184
     171
     122
     127
     119
      87
      87
      67
      60
      54
      34
      37
      35
      21
      15
      20
      13
      15
       9
       4
       9
       5
      11
       6
       9
       6
       5
       7
       4
       6
       3
      11
       3
       4
       3
       2
       8
       3
       3
       7
       5
       8
       5
       5
       1
       1
       3
       6
       7
       5
       3
       7
       3
       7
       2
       2
       5
      10
       7
       7
       5
       6
       3
       6
       4
       3
       6
       6
       4
       5
       7
       3
       5
       2
       4
       9
       8
       4
      10
       8
      11
       2
       4
       9
       4
       4
       4
       9
       5
       5
      11
       6
      11
       5
       1
       5
       5
       4
       4
       8
       9
       4
       7
       3
       7
       5
       4
      11
      12
       7
      14
       9
       5
       5
       5
       5
       9
       8
       6
       5
      12
       8
      10
      11
      13
       7
       8
       6
      10
       5
       8
       8
       9
      10
       9
       7
       3
      11
       7
       8
       7
       7
      11
       5
       7
      10
      11
      11
       9
       5
       9
      10
       9
       8
       6
       8
       9
      10
      10
       6
      13
      10
       8
      11
       4
      11
      11
      13
       9
       6
      10
       9
       9
      12
      11
       5
       7
      11
      10
       9
      10
       8
      10
       6
      15
       9
       7
       8
      12
       9
       9
       5
       6
       6
       6
      10
      14
      10
       3
       6
       7
       9
      12
       8
      12
       5
      12
       7
       6
       9
       8
      10
       6
      15
       8
       9
      11
      14
      14
      13
      13
      11
      17
      12
      11
      11
      13
      11
      18
      19
      10
      12
       9
       4
      16
       5
      11
      21
       8
       9
       7
      15
      13
       9
      13
       9
      16
      13
      14
      11
       7
       9
      11
      13
      12
      16
      14
      12
      17
      20
      20
      13
      19
      17
      19
      19
      11
      14
      17
      12
      25
      19
      12
      18
      20
      12
      11
       5
      10
       8
       7
      16
      12
      14
       9
      12
      10
       3
      14
       8
       5
       9
       5
      11
      13
       5
      12
      10
       8
      10
      13
      12
       5
      11
       3
      11
      13
       5
       5
       7
       5
      14
       5
       7
       8
       7
      15
       4
       7
       6
       9
       8
      11
       6
      10
       7
      12
       8
       8
      14
      11
       7
      10
       7
      10
       7
      11
       6
       9
      10
       8
       6
       7
       6
       9
       7
       6
       4
       5
       5
       5
       8
       4
       7
      10
      10
       7
       9
       8
      11
      13
      10
       5
      10
       9
      13
       6
       2
      11
       7
       5
       6
       6
       6
       8
       6
       6
      15
       7
      10
       8
       7
       9
       8
       6
       7
       6
      15
       9
       6
       6
      13
       9
      11
       9
      11
      10
       9
      11
      13
      11
       9
       8
      11
       8
       7
       8
      10
       8
       3
       8
       6
       9
      13
       5
       5
       8
       9
      13
      12
      14
      14
       9
       7
      19
      15
      11
       7
      10
      15
      10
      12
      20
      17
      11
      17
      11
      16
      10
      16
      21
      14
      14
      25
      18
      11
      11
      12
      13
      11
      13
      11
      11
      13
      12
      12
      16
      14
      16
      12
       7
      12
      12
      10
      16
      15
      14
      14
      10
      11
      14
      13
      14
      12
      15
      15
      16
      11
      16
      14
      14
      13
       6
      13
      10
      23
      16
      15
       9
      13
      15
      11
      15
      13
      11
      17
      15
      12
      10
      14
      13
      14
      15
      20
      16
      14
      15
       7
      12
      13
      15
      15
       5
      18
      11
      10
      14
       5
       9
       9
       5
      10
       5
       6
       7
       7
       6
      10
       4
       1
      12
       4
       4
       2
       6
       8
       7
       4
       5
       3
       4
      10
       7
       8
      10
       5
       7
       6
       8
       5
       6
      13
       8
       4
       8
       9
       6
       1
       4
       7
       5
       7
       5
       7
      12
      10
       9
       9
       9
       7
       8
       8
       5
       6
       9
       4
       7
       4
       7
       5
       8
      13
      11
       6
       9
       9
       6
      15
       9
       3
       5
      14
      13
      12
       7
       8
       7
      10
      12
      17
       6
       9
       5
       8
       8
      11
       9
      13
       8
       4
      10
      15
       8
       6
      10
      10
       5
       6
       7
       6
       5
       5
      14
      12
       4
      10
       6
      13
       4
       3
       2
       4
       8
       5
       4
       2
       4
       4
       4
       4
       4
       4
       2
       3
       6
       8
       4
       3
       5
       3
       3
       1
       9
       3
       0
       5
       4
       2
       3
       3
       3
       6
       4
       3
       2
       5
       5
       4
       1
       5
       4
       8
       2
       4
       2
       5
       4
       4
       3
       8
       2
       4
       4
       1
       3
       3
       1
       2
       3
       4
       5
       5
       5
       5
       5
       3
       1
       3
       8
       3
       3
       3
       5
       6
       8
       6
       3
       4
       4
       1
       6
       1
       3
       4
       0
       6
       4
       7
       2
       3
       4
       4
       6
       6
       2
       4
       0
       4
       3
       6
       3
       4
       2
       2
       2
       4
       2
       3
       4
       3
       3
       1
       2
       3
       3
       3
       9
       3
       1
       5
       1
       3
       2
       6
       4
       3
       4
       0
       2
       1
       4
       5
       3
       4
       5
       3
       1
       6
       2
       3
       2
       4
       1
       6
       4
       9
       3
       4
       6
       1
       0
       1
       4
       5
       3
       2
       3
       4
       5
       3
       2
       1
       4
       3
       2
       2
       5
       2
       1
       3
       4
       1
       2
       3
       2
       4
       4
       5
       3
       4
       6
       3
       3
       4
       3
       2
       3
       1
       1
       4
       0
       2
       4
       3
       2
       3
       4
       1
       2
       3
       1
       3
       1
       4
       0
       1
       1
       3
       3
       3
       3
       2
       2
       2
       0
       3
       6
       3
       3
       4
       3
       4
       1
       2
       3
       5
       4
       7
       2
       4
       2
       2
       1
       3
       3
       2
       2
       3
       1
       3
       2
       5
       4
       1
       2
       1
       3
       1
       0
       0
       3
       2
       2
       2
       2
       2
       5
       2
       1
       2
       5
       2
       7
       0
       3
       2
       2
       1
       3
       5
       2
       2
       3
       3
       3
       3
       2
       2
       4
       0
       1
       2
       2
       3
       2
       1
       1
       4
       2
       2
       4
       1
       1
       1
       1
       0
       5
       2
       1
       2
       2
       4
       3
       1
       2
       2
       6
       2
       2
       2
       2
       1
       1
       2
       2
       2
       1
       1
       3
       1
       1
       3
       2
       0
       1
       2
       0
       0
       0
       0
       0
       0
       0
       0
       0
       0
       0
       0
       0
       0
       0
       0
       0
       0
       0
       0
       0
       0
       0
       0
       0
       0
       0
       0
       0
       0
       0
       0
