       0
       0
       0
       0
       0
       0
       0
       0
       0
       0
       0
       0
       0
       0
       0
       0
       0
       0
       0
       0
       0
       0
       0
       0
       0
       0
       0
       0
       0
       0
       0
       0
       0
       0
       0
       0
       0
       0
       0
       0
       0
       0
       0
       0
       0
       0
       0
       0
       0
       1
      74
      63
      80
      66
      78
      66
      61
      58
      88
      74
      63
      62
      79
      70
      50
      67
      58
      71
      68
      49
      67
      60
      55
      64
      63
      72
      72
      59
      67
      77
      68
      64
      65
      61
      67
      56
      63
      55
      43
      74
      68
      62
      56
      53
      57
      53
      62
      66
      60
      41
      62
      66
      63
      68
      54
      61
      53
      64
      40
      42
      59
      51
      59
      49
      53
      61
      45
      58
      50
      42
      41
      53
      61
      54
      38
      59
      50
      44
      52
      48
      44
      51
      47
      46
      44
      35
      47
      31
      47
      38
      46
      40
      41
      36
      45
      31
      45
      48
      36
      39
      43
      47
      38
      48
      28
      31
      41
      32
      27
      41
      32
      36
      36
      37
      32
      37
      37
      31
      43
      37
      41
      39
      20
      35
      26
      43
      37
      36
      33
      28
      28
      27
      36
      25
      30
      29
      30
      35
      37
      30
      30
      28
      34
      37
      25
      41
      34
      25
      22
      31
      34
      22
      32
      35
      17
      28
      26
      39
      28
      28
      35
      35
      24
      30
      30
      27
      30
      26
      34
      24
      27
      37
      27
      20
      22
      29
      23
      26
      26
      34
      38
      20
      30
      34
      26
      29
      34
      26
      28
      39
      23
      32
      34
      30
      22
      24
      28
      31
      28
      24
      21
      27
      31
      21
      23
      32
      33
      32
      24
      17
      24
      37
      16
      23
      29
      32
      37
      23
      24
      25
      22
      28
      22
      24
      16
      19
      18
      28
      19
      23
      19
      30
      21
      32
      16
      28
      23
      22
      22
      25
      26
      24
      27
      19
      26
      20
      17
      22
      25
      28
      12
      17
      20
      20
      22
      22
      17
      25
      27
      19
      27
      27
      27
      27
      14
      17
      20
      24
      21
      22
      22
      21
      29
      26
      22
      23
      27
      32
      18
      13
      22
      12
      22
      20
      22
      26
      23
      23
      22
      15
      24
      24
      20
      18
      22
      16
      23
      26
      13
      19
      23
      14
      26
      27
      13
      18
      21
      18
      24
      30
      22
      20
      10
      18
      20
      12
      24
      20
      14
      18
      18
      20
      22
      11
      19
      22
      24
      25
      21
      18
      14
      17
      24
      25
      24
      19
      18
      21
      22
      24
      16
      27
      22
      18
      21
      25
      19
      22
      16
      13
      21
      22
      30
      19
      19
      31
      17
      24
      15
      19
      21
      14
      22
      21
      18
      15
      16
      27
      19
      20
      14
      24
      28
      18
      20
      20
      24
      16
      27
      18
      20
      22
      19
      11
      23
      14
      26
      19
      22
      14
      21
      18
      21
      23
      23
      11
      22
      27
      24
      17
      20
      16
      14
      16
      15
      19
      17
      26
      16
      21
      17
      14
      22
      23
      18
      17
      26
      14
      20
      20
      19
      15
      15
      16
      23
      19
      16
      15
      21
      18
      20
      24
      15
      18
      13
      16
      20
      10
      18
      16
      20
      25
      15
      16
      25
      29
      16
      17
      16
      25
      21
      16
      20
      33
      19
      28
      17
      13
      20
      25
      24
      16
      19
      13
      18
      22
      22
      21
      22
      11
      17
      23
      23
      23
      21
      22
      17
      18
      22
      19
      23
      22
      18
      14
      26
      12
      28
      25
      25
      15
      21
      27
      18
      15
      16
      22
      21
      18
      16
      22
      24
      24
      22
      36
      26
      27
      26
      32
      36
      35
      36
      35
      36
      34
      31
      28
      37
      35
      31
      47
      35
      32
      31
      26
      34
      49
      35
      39
      44
      44
      48
      46
      45
      59
      50
      52
      59
      61
      74
      64
      78
      62
      99
      97
     110
     107
     110
     122
     112
     104
     119
     123
     122
     126
     119
     130
     135
     139
     139
     152
     146
     127
     133
     160
     120
     129
      94
      89
      84
     114
      78
      75
      61
      60
      61
      52
      52
      58
      47
      45
      41
      33
      51
      49
      41
      36
      50
      35
      34
      31
      41
      42
      30
      34
      51
      37
      44
      51
      43
      52
      44
      39
      42
      41
      48
      62
      45
      50
      51
      43
      64
      83
      54
      66
      59
      70
      66
      54
      66
      60
      75
      78
      73
      71
      62
      72
      75
      64
      68
      84
      82
      66
      75
      87
      74
      72
      80
     101
      90
     102
      85
      93
      96
      82
      85
     113
      88
      82
      99
      96
      90
      99
     137
     103
     106
     110
     118
     148
     133
     119
     138
     117
     126
     135
     121
     160
     166
     142
     165
     164
     130
     153
     175
     145
     185
     168
     194
     195
     170
     184
     183
     181
     182
     187
     190
     223
     213
     185
     227
     257
     232
     221
     241
     266
     286
     245
     293
     297
     303
     367
     341
     344
     399
     455
     446
     502
     652
     675
     797
     930
    1120
    1281
    1510
    1863
    2087
    2540
    2896
    3343
    3733
    4262
    4655
    5104
    5471
    5885
    6095
    6376
    6575
    7010
    7266
    7678
    8028
    8601
    8890
    9049
    9313
    9471
    9399
    9064
    8827
    8129
    7675
    7058
    6550
    5786
    5242
    4522
    4101
    3595
    3044
    2787
    2391
    2030
    1722
    1496
    1197
    1016
     819
     643
     540
     408
     323
     291
     267
     250
     233
     195
     189
     192
     161
     175
     153
     154
     160
     127
     139
     145
     118
     122
     133
     150
     109
     134
     159
     172
     146
     140
     147
     154
     162
     183
     168
     178
     191
     180
     197
     237
     205
     211
     228
     241
     264
     258
     290
     281
     269
     320
     317
     322
     375
     323
     382
     338
     362
     404
     427
     458
     410
     457
     463
     513
     514
     542
     571
     615
     670
     750
     829
    1002
    1111
    1231
    1482
    1613
    1824
    2123
    2325
    2651
    2954
    3054
    3126
    3334
    3328
    3252
    3119
    2916
    2773
    2603
    2343
    2252
    2055
    1779
    1759
    1578
    1514
    1250
    1240
    1201
    1153
    1084
    1100
    1047
    1019
    1079
     978
     976
     964
     988
     936
     888
     864
     808
     748
     653
     588
     548
     488
     493
     361
     361
     339
     251
     220
     227
     172
     154
     117
     109
      81
      89
      64
      73
      57
      48
      52
      44
      36
      38
      35
      42
      33
      26
      37
      35
      32
      44
      26
      34
      17
      33
      20
      35
      29
      29
      27
      25
      23
      28
      38
      30
      29
      25
      35
      27
      35
      33
      32
      28
      28
      33
      32
      33
      39
      37
      30
      36
      30
      36
      44
      46
      50
      39
      27
      39
      40
      37
      30
      45
      45
      37
      32
      35
      38
      36
      54
      39
      33
      27
      39
      39
      27
      46
      38
      31
      44
      37
      34
      32
      37
      20
      37
      33
      38
      39
      26
      34
      28
      41
      39
      36
      21
      27
      29
      36
      43
      28
      39
      45
      32
      33
      50
      81
      63
      81
      77
     105
     124
     141
     190
     209
     233
     254
     227
     249
     304
     251
     290
     261
     252
     235
     199
     184
     173
     148
     143
     128
     106
      74
      85
      68
      56
      42
      50
      39
      30
      22
      19
      18
      11
      16
      17
       8
      13
       8
       6
       8
       6
       9
       9
       7
       3
       8
       9
       6
       7
       2
      10
       9
       7
       7
       6
       8
       6
       9
       6
       9
       9
       6
       8
       3
      11
       9
       7
       5
       7
       5
      11
       6
       5
      11
       6
       6
       3
       4
       9
       8
       6
       7
       9
       8
       7
       5
       8
       3
      10
      11
       9
      10
       8
      10
       8
      11
       5
       6
       6
       9
      13
       9
       9
      10
       8
       8
       6
       7
       6
       8
      12
      10
       4
       9
       8
      10
      12
       7
       7
       5
      16
       7
       8
      13
      17
       7
       6
      12
       9
      12
       7
       8
       8
      10
       8
       5
       6
       6
      11
      13
       7
       8
       9
       3
      13
       8
       2
       8
       7
      17
       9
      11
      10
       5
       8
      10
      12
      12
      13
      10
      10
      12
       9
      14
      11
       9
       8
       9
      16
       5
       9
      10
      13
       8
      13
      14
       7
       3
       5
       3
      10
      18
       9
      10
      13
       7
      10
      13
      13
       4
       9
       8
       8
      10
       7
       6
       8
      10
      10
      16
       8
      13
       5
       9
      10
      11
      10
      12
       9
      10
       9
      11
       8
       7
       9
       8
      11
      10
       7
       7
       9
      11
       7
      12
      12
      19
       8
       8
      15
      14
      12
       8
       8
       8
      20
      13
      11
      15
      10
       8
      14
      16
      22
      22
      16
      11
      17
      15
       9
      14
      17
      13
      14
      15
       8
      18
      12
      16
      15
      10
      11
      18
      15
      12
      11
      17
      10
      14
      11
      13
      14
      13
      16
      19
      22
      15
      13
      17
      11
      20
      17
      25
      12
      17
      19
      17
      25
      18
      18
      17
      15
      19
      16
      11
      20
       9
      14
      14
      14
      14
      10
       8
       9
       9
       9
       7
      13
      12
      10
       9
       8
       5
       8
      10
      11
      11
      11
       9
      14
      12
      12
      11
      11
      13
       9
      10
      11
       7
      12
      11
      15
       9
      13
       5
      11
       9
      13
       8
      17
       9
       9
      11
      11
      10
       7
      15
      10
      13
      16
      15
      12
       7
       6
       8
      17
      15
      11
      10
      11
      14
      13
      17
      13
      13
       6
       7
      13
      10
      14
      11
      12
      13
      12
      11
      14
      12
       4
      11
       8
      11
       9
      11
      12
      15
      12
       8
       6
       9
      10
       7
      14
      11
       8
       9
      10
       8
      14
      15
      15
      14
      13
       9
      10
      10
       7
      10
      10
      14
      12
      10
      11
       7
      13
       6
      13
      16
      18
      13
      14
      11
      20
       9
      16
      16
      11
      10
      13
      11
      14
      14
      10
      17
      13
      10
      12
       4
       9
       9
      13
      14
      15
      11
      14
      16
      13
      15
      21
      17
      14
      19
      13
      12
      13
       9
      16
      12
      13
      12
      14
      15
      17
      11
      10
      21
      17
      17
      17
      19
      21
      14
      15
      11
      19
      13
      11
      15
      15
       7
      19
      12
      22
      15
      25
      14
      12
      19
      18
      17
      14
      15
      15
      19
      13
      19
      19
      17
      10
      15
      15
      15
      28
      20
      23
      20
      23
      15
      23
      24
      19
      19
      18
      20
      12
      17
      13
      23
      17
      24
      16
      17
      19
      21
      14
      16
      13
      16
      19
      18
      25
      17
      15
      17
       9
      15
      14
      10
      11
      12
      11
       9
      10
       4
       6
       7
      16
       8
       5
      11
       8
      11
       8
       9
       7
       9
       9
      10
      12
       7
      10
       3
       6
       7
      10
       7
       9
       9
      10
       5
      10
       5
       5
       6
       9
      10
       7
       9
      10
      10
       7
       8
       9
      10
       6
       9
       5
       8
       8
      12
       8
      11
       9
       7
       7
       9
      13
       7
       7
       7
      12
       9
       6
       5
       8
       9
      14
      10
      16
      10
      17
       7
       7
      10
       9
      18
      13
      13
       6
       9
      14
      14
       8
      10
       9
       8
      11
      11
      18
       7
      11
      12
       8
      10
      10
      13
      11
      14
       7
      10
       9
       9
       8
      10
       2
       9
       4
       8
       7
       6
       7
       7
       6
       4
       6
       8
       4
       5
       4
       3
       8
       5
       3
       2
       4
       3
       5
       3
       2
       4
       1
       2
       5
       6
       2
       6
       1
       2
       7
       2
       6
       4
       4
       4
       3
       4
       5
       4
       5
       1
       5
       5
       7
       6
       6
       3
       6
       6
       4
       2
       5
       8
       6
       1
       4
       1
       8
       3
       4
       4
       3
       1
       3
       7
       3
       6
       3
       5
       4
       2
       7
       1
       4
       7
       4
       3
       6
       4
       6
       3
       3
       3
       6
       2
       0
       6
       4
       5
       8
       4
       5
       2
       4
       1
       1
       4
       2
       6
       3
       4
       3
       1
       4
       3
       4
       8
       5
       4
       1
       6
       1
       2
       2
       1
       5
       6
       1
       6
       3
       2
       1
       5
       4
       3
       4
       5
       6
       2
       5
       0
       6
       5
       3
       3
       3
       2
       3
       5
       6
       2
       5
       4
       2
       2
       2
       4
       5
       3
       7
       7
       5
       3
       2
       2
       3
       3
       1
       5
       6
       2
       2
       1
       2
       1
       7
       3
       2
       0
       5
       6
       4
       1
       6
       4
       2
       2
       2
       1
       1
       3
       1
       1
       2
       5
       1
       5
       3
       2
       5
       2
       0
       2
       5
       2
       2
       2
       5
       8
       3
       4
       1
       8
       4
       4
       0
       0
       4
       3
       2
       0
       0
       2
       2
       1
       2
       5
       4
       1
       0
       0
       4
       4
       2
       3
       5
       3
       7
       4
       6
       1
       3
       2
       3
       1
       5
       3
       3
       0
       5
       4
       3
       2
       1
       2
       1
       1
       2
       2
       3
       4
       5
       2
       4
       2
       3
       2
       4
       2
       2
       5
       5
       4
       2
       1
       4
       7
       3
       0
       3
       2
       6
       4
       4
       2
       1
       3
       7
       1
       5
       2
       3
       2
       5
       1
       2
       2
       2
       4
       4
       2
       0
       2
       3
       5
       1
       1
       2
       3
       2
       3
       3
       3
       2
       5
       2
       2
       1
       1
       2
       7
       4
       2
       3
       5
       1
       2
       4
       1
       4
       4
       2
       3
       1
       1
       0
       0
       0
       0
       0
       0
       0
       0
       0
       0
       0
       0
       0
       0
       0
       0
       0
       0
       0
       0
       0
       0
       0
       0
       0
       0
       0
       0
       0
       0
       0
       0
