       0
       0
       0
       0
       0
       0
       0
       0
       0
       0
       0
       0
       0
       0
       0
       0
       0
       0
       0
       0
       0
       0
       0
       0
       0
       0
       0
       0
       0
       0
       0
       0
       0
       0
       0
       0
       0
       0
       0
       0
       0
       0
       0
       0
       0
       0
       0
       0
       0
       6
     135
     141
     117
     130
     108
     118
     112
     113
     123
     107
     129
     120
     105
     114
     124
     103
      93
     116
      98
     111
      99
     110
     115
     103
     107
     105
     103
     109
     112
      94
     106
     112
      97
     108
     111
     105
     101
      91
      95
      96
     109
     111
     119
     106
      99
     132
     110
      99
     104
     109
      91
     104
     116
     105
     109
     100
      96
     101
      83
      91
     102
     102
     106
     107
     105
      89
     103
      96
      86
      96
      87
      99
      86
      86
      86
      85
      75
      70
      72
      90
      73
      89
      91
      87
      74
      71
      67
      65
      86
      82
      80
      69
      79
      60
      80
      73
      70
      65
      67
      65
      72
      66
      65
      55
      68
      67
      58
      70
      61
      60
      65
      42
      62
      59
      61
      64
      60
      64
      62
      55
      69
      56
      61
      55
      57
      70
      51
      51
      43
      48
      56
      44
      67
      59
      57
      57
      51
      69
      61
      47
      53
      53
      41
      40
      53
      46
      55
      51
      52
      47
      47
      40
      47
      42
      58
      42
      42
      54
      38
      44
      38
      50
      48
      50
      49
      55
      53
      46
      43
      66
      62
      50
      56
      47
      40
      46
      59
      49
      39
      41
      54
      34
      52
      41
      46
      54
      44
      46
      39
      47
      32
      40
      36
      45
      48
      36
      37
      50
      43
      40
      34
      38
      46
      40
      34
      44
      43
      33
      39
      42
      51
      38
      45
      35
      41
      49
      41
      42
      58
      49
      32
      36
      46
      33
      54
      40
      31
      36
      42
      33
      40
      30
      38
      34
      46
      36
      34
      35
      38
      37
      42
      26
      48
      45
      37
      35
      43
      41
      35
      44
      42
      36
      44
      40
      26
      35
      41
      32
      35
      43
      28
      47
      44
      40
      44
      37
      34
      33
      30
      34
      40
      29
      51
      45
      37
      37
      39
      43
      42
      32
      40
      26
      41
      39
      35
      43
      29
      33
      35
      31
      31
      31
      28
      22
      28
      40
      39
      47
      47
      26
      38
      32
      31
      38
      35
      46
      35
      43
      31
      33
      35
      30
      33
      31
      33
      38
      35
      51
      29
      29
      33
      27
      32
      37
      37
      35
      34
      48
      43
      29
      39
      46
      36
      42
      29
      32
      32
      38
      35
      42
      42
      32
      33
      45
      34
      42
      39
      46
      45
      39
      37
      38
      34
      31
      38
      25
      31
      36
      32
      35
      30
      28
      39
      44
      43
      43
      28
      38
      33
      43
      33
      40
      27
      21
      35
      37
      40
      38
      28
      30
      24
      39
      37
      51
      36
      35
      29
      35
      47
      30
      37
      30
      31
      17
      39
      36
      35
      40
      33
      35
      28
      28
      38
      37
      36
      40
      29
      39
      30
      44
      22
      34
      32
      32
      39
      34
      38
      43
      36
      41
      34
      26
      43
      35
      33
      32
      33
      34
      37
      25
      29
      34
      30
      39
      34
      37
      28
      36
      34
      30
      35
      33
      28
      44
      32
      35
      22
      34
      31
      25
      34
      35
      40
      28
      27
      38
      36
      31
      23
      37
      31
      35
      42
      35
      33
      37
      33
      26
      28
      35
      33
      41
      36
      29
      25
      42
      26
      46
      50
      39
      37
      20
      51
      36
      49
      36
      42
      42
      32
      51
      27
      48
      38
      53
      41
      41
      43
      42
      37
      47
      45
      46
      38
      43
      46
      40
      48
      56
      50
      60
      39
      46
      59
      37
      59
      64
      55
      55
      76
      73
      62
      63
      77
      67
      66
      63
      82
      90
      86
      84
      68
      92
      90
      96
      90
     104
     106
     121
     106
     123
     132
     147
     141
     155
     156
     159
     167
     171
     196
     172
     191
     193
     183
     189
     200
     221
     194
     224
     234
     226
     252
     244
     285
     218
     238
     220
     185
     174
     182
     173
     148
     148
     129
     112
     129
     103
     112
     104
      86
      86
      79
      89
      82
      74
      77
      71
      73
      77
      72
      78
      88
      75
      73
      72
      85
      76
      85
      79
      71
      76
      57
      78
      79
      86
      84
      68
      94
      79
      71
     101
     106
     117
     106
      93
     117
     107
      92
     137
     135
     107
     125
     138
     126
     147
     135
     133
     136
     131
     123
     138
     165
     166
     130
     131
     158
     153
     177
     175
     177
     140
     193
     168
     169
     163
     177
     169
     194
     152
     171
     199
     178
     176
     199
     197
     193
     197
     212
     218
     206
     207
     229
     224
     236
     245
     275
     247
     257
     247
     274
     250
     264
     244
     267
     272
     295
     272
     278
     275
     303
     318
     327
     338
     314
     326
     344
     349
     369
     361
     372
     360
     362
     397
     409
     388
     459
     469
     475
     567
     528
     539
     684
     687
     702
     788
     890
    1003
    1114
    1283
    1465
    1680
    1976
    2303
    2680
    3205
    3747
    4405
    5163
    5794
    6809
    7635
    8291
    9128
    9720
   10559
   10976
   11497
   11998
   12613
   13249
   13650
   14403
   15130
   15815
   16230
   16470
   16668
   16766
   16197
   15874
   14931
   13879
   12924
   11929
   10782
    9678
    8613
    7633
    6831
    5909
    5210
    4653
    3912
    3400
    2856
    2477
    2000
    1668
    1320
    1064
     931
     757
     618
     514
     442
     397
     346
     320
     280
     278
     273
     225
     202
     230
     217
     197
     210
     219
     206
     201
     202
     223
     208
     219
     219
     236
     218
     228
     224
     250
     248
     282
     281
     300
     322
     288
     298
     355
     323
     335
     365
     365
     426
     420
     439
     428
     418
     473
     487
     555
     539
     563
     587
     598
     619
     614
     667
     635
     676
     755
     785
     807
     797
     941
     980
    1056
    1193
    1333
    1510
    1656
    1950
    2135
    2553
    2828
    3124
    3585
    3913
    4377
    4699
    4957
    4978
    5048
    4869
    4899
    4710
    4486
    4249
    3976
    3611
    3307
    3090
    2851
    2685
    2348
    2189
    2092
    1972
    1800
    1799
    1742
    1685
    1722
    1622
    1683
    1635
    1569
    1552
    1510
    1434
    1385
    1182
    1180
    1052
    1009
     814
     802
     704
     603
     573
     508
     450
     367
     336
     313
     249
     223
     161
     176
     126
     128
      79
      89
      76
      71
      53
      65
      59
      48
      64
      42
      52
      50
      42
      33
      41
      47
      42
      40
      32
      41
      46
      39
      33
      42
      32
      43
      39
      31
      35
      37
      41
      33
      34
      48
      43
      28
      37
      35
      29
      34
      39
      39
      41
      31
      48
      44
      36
      40
      28
      41
      36
      38
      42
      45
      36
      44
      39
      32
      38
      49
      38
      39
      40
      41
      30
      36
      32
      28
      36
      30
      39
      28
      39
      30
      24
      39
      33
      26
      34
      40
      29
      23
      30
      46
      42
      30
      39
      30
      25
      35
      34
      38
      40
      31
      49
      52
      53
      59
      55
      81
      73
     107
     105
     118
     146
     183
     202
     217
     263
     279
     305
     341
     358
     359
     373
     359
     332
     349
     308
     316
     277
     270
     224
     212
     170
     161
     128
     116
     115
      85
      75
      71
      53
      31
      36
      31
      37
      19
      24
      16
      16
      13
      13
      19
      15
      14
      15
      12
      24
      19
      17
      18
      18
       8
      13
      21
      11
      17
      16
      14
      10
      24
      17
      17
      13
      22
      19
      20
      13
      29
      17
      19
      12
      20
      18
      21
      11
      18
      11
      18
      23
      16
      23
      18
      14
      15
      22
      14
      21
      13
      13
      20
      18
       5
      27
      20
      18
      24
      17
      20
      24
      21
      13
      17
      14
      20
      26
      15
      16
      16
      23
      25
      14
      18
      18
      14
      20
      18
      17
      24
      14
      29
      22
      17
      17
      14
      19
      20
      16
      17
      10
      19
      20
      22
      19
      21
      17
      24
      25
      22
      36
      24
      26
      28
      22
      26
      30
      22
      23
      21
      17
      25
      25
      22
      26
      18
      25
      22
      30
      21
      29
      20
      18
      27
      27
      17
      27
      24
      28
      25
      21
      17
      25
      21
      30
      24
      19
      20
      18
      24
      19
      25
      21
      27
      27
      23
      26
      17
      32
      25
      28
      38
      26
      28
      28
      21
      25
      31
      28
      17
      25
      30
      23
      24
      27
      20
      21
      20
      21
      16
      29
      27
      19
      19
      30
      24
      28
      45
      21
      23
      24
      19
      15
      24
      27
      26
      20
      16
      28
      20
      23
      25
      31
      20
      12
      31
      31
      32
      28
      29
      29
      29
      20
      33
      29
      25
      40
      33
      39
      25
      30
      24
      37
      26
      26
      24
      30
      28
      26
      36
      22
      32
      20
      22
      32
      30
      33
      26
      26
      19
      23
      21
      24
      22
      26
      29
      32
      36
      26
      33
      28
      31
      27
      42
      21
      38
      36
      35
      35
      41
      38
      43
      26
      35
      38
      25
      32
      32
      30
      41
      33
      29
      36
      25
      22
      26
      21
      20
      32
      24
      22
      25
      26
      27
      31
      29
      22
      23
      27
      40
      22
      24
      27
      27
      36
      24
      27
      26
      30
      27
      29
      29
      27
      32
      35
      27
      21
      28
      24
      32
      30
      24
      30
      30
      19
      18
      35
      25
      27
      27
      37
      31
      35
      23
      36
      27
      28
      32
      33
      39
      44
      25
      22
      34
      33
      16
      28
      18
      30
      21
      17
      26
      24
      23
      28
      21
      27
      19
      19
      35
      31
      37
      26
      38
      21
      28
      21
      18
      29
      20
      29
      26
      35
      30
      23
      36
      33
      26
      31
      34
      39
      21
      35
      32
      34
      34
      24
      34
      29
      31
      27
      23
      24
      28
      28
      36
      32
      30
      27
      37
      40
      26
      35
      25
      36
      34
      24
      34
      33
      25
      34
      25
      27
      33
      35
      36
      33
      33
      29
      31
      30
      27
      38
      27
      23
      35
      30
      32
      37
      41
      31
      41
      39
      32
      40
      25
      41
      44
      28
      34
      29
      36
      32
      38
      42
      36
      39
      32
      45
      43
      31
      34
      36
      34
      42
      34
      43
      31
      48
      46
      33
      39
      36
      34
      36
      41
      36
      32
      31
      35
      51
      41
      45
      46
      54
      39
      37
      50
      42
      53
      38
      52
      44
      54
      44
      65
      51
      58
      56
      52
      42
      46
      58
      55
      61
      65
      50
      53
      58
      54
      54
      58
      57
      58
      59
      40
      43
      52
      38
      49
      54
      39
      39
      43
      39
      29
      34
      40
      40
      31
      29
      24
      30
      21
      26
      19
      24
      21
      21
      21
      10
      15
      28
      27
      22
      30
      27
      17
      21
      26
      20
      22
      21
      21
      20
      23
      21
      18
      10
      21
      22
      15
      18
      16
      19
      17
      11
      17
      26
      20
      16
      23
      18
      22
      18
      23
      15
      29
      18
      22
      22
      22
      14
      19
      20
      28
      20
      20
      16
      23
      31
      23
      20
      20
      20
      26
      23
      20
      24
      27
      17
      30
      26
      19
      19
      29
      36
      25
      28
      25
      33
      29
      32
      21
      26
      34
      24
      20
      30
      24
      30
      38
      26
      23
      23
      30
      25
      38
      32
      22
      26
      30
      30
      19
      17
      21
      13
      20
      22
      20
      16
      18
      14
       9
       8
      11
      17
      16
      16
      13
       7
       4
      11
      10
       4
       8
      12
       6
       6
       5
       7
       2
       8
       4
       8
       6
       7
       3
      11
       5
       4
       7
       9
       7
       6
       6
      10
       8
       9
       6
       8
       4
       5
       4
       4
       6
       9
       2
       3
       5
      10
       7
       8
       6
       6
       8
       4
       9
       9
       9
       4
       6
       8
       9
       3
       8
       8
       6
      12
       6
       5
      11
       5
       8
       8
       5
       8
       5
       5
       4
       8
       6
       9
       7
       7
       8
       9
       7
      10
       2
      12
       6
       7
      10
       7
       5
       6
       6
       8
       3
       4
       7
       7
       2
       8
       6
       4
       4
       7
      11
       4
       5
       8
       4
       7
       5
       7
       4
       0
       0
       5
       4
       1
       7
       3
       5
       4
       6
      11
       5
       5
       7
       5
       1
       6
       8
       7
       6
       7
       4
       6
       5
       4
       4
       8
       9
      10
       4
       4
       4
       2
       2
       1
       5
       2
       2
       6
       4
       5
       6
       5
       3
       2
       6
       6
       3
       9
       3
       3
       4
       3
       3
       0
       2
       3
       4
       6
       4
       2
       1
       5
       4
       4
       5
       3
       1
       3
       5
       3
       2
       1
       4
       3
       2
       1
       4
       3
       4
       5
       3
       6
       9
       3
       2
       3
       1
       6
       1
       2
       1
       3
       2
       5
       3
       6
       2
       3
       5
       4
       3
       2
       2
       3
       4
       1
       5
       4
       4
       3
       3
       0
       5
       3
       1
       0
       3
       3
       4
       7
       2
       2
       4
       2
       1
       1
       2
       2
       2
       4
       1
       4
       4
       1
       1
       2
       8
       2
       1
       2
       9
       1
       2
       4
       7
       3
       1
       4
       2
       3
       3
       2
       3
       1
       5
       4
       0
       2
       3
       2
       2
       3
       8
       4
       1
       2
       1
       2
       4
       2
       6
       0
       1
       2
       0
       3
       5
       2
       2
       4
       3
       8
       3
       4
       4
       2
       4
       4
       0
       4
       5
       2
       4
       4
       1
       2
       1
       3
       3
       3
       5
       8
       1
       2
       4
       1
       0
       2
       0
       0
       0
       0
       0
       0
       0
       0
       0
       0
       0
       0
       0
       0
       0
       0
       0
       0
       0
       0
       0
       0
       0
       0
       0
       0
       0
       0
       0
       0
       0
       0
