       0
       0
       0
       0
       0
       0
       0
       0
       0
       0
       0
       0
       0
       0
       0
       0
       0
       0
       0
       0
       0
       0
       0
       0
       0
       0
       0
       0
       0
       0
       0
       0
       0
       0
       0
       0
       0
       0
       0
       0
       0
       0
       0
       0
       0
       0
       0
       0
       0
       5
      95
      86
     105
      84
      93
      85
      78
      83
      84
      92
      90
      79
      91
      82
      80
      65
      63
      85
      69
      70
      77
      90
      71
      79
      62
      72
      66
      73
      65
      60
      85
      76
      65
      88
      73
      87
      77
      93
      67
      77
      79
      73
      66
      73
      64
      72
      81
      86
      55
      66
      59
      73
      63
      81
      79
      75
      71
      69
      69
      64
      80
      70
      68
      68
      79
      64
      65
      72
      53
      61
      67
      69
      73
      55
      60
      53
      71
      62
      54
      49
      61
      44
      58
      62
      44
      63
      39
      59
      53
      55
      55
      53
      47
      58
      52
      35
      52
      62
      45
      56
      41
      50
      44
      56
      49
      37
      49
      41
      38
      41
      50
      43
      45
      35
      49
      32
      45
      54
      42
      44
      37
      45
      40
      46
      39
      49
      51
      43
      32
      37
      41
      36
      45
      36
      42
      27
      42
      35
      29
      34
      40
      38
      41
      35
      39
      35
      27
      30
      33
      33
      38
      44
      40
      36
      43
      34
      28
      48
      33
      33
      28
      32
      32
      34
      41
      33
      39
      40
      35
      26
      34
      28
      43
      29
      29
      30
      42
      30
      40
      38
      32
      34
      41
      36
      40
      37
      24
      28
      42
      28
      34
      31
      25
      22
      34
      36
      22
      26
      31
      28
      21
      32
      31
      23
      32
      34
      28
      42
      27
      35
      40
      32
      24
      33
      38
      34
      34
      27
      33
      16
      30
      36
      32
      29
      27
      32
      32
      25
      32
      30
      24
      33
      16
      28
      29
      24
      33
      23
      28
      24
      22
      26
      30
      17
      23
      29
      29
      29
      35
      21
      16
      24
      22
      25
      31
      32
      29
      35
      36
      31
      29
      24
      41
      25
      32
      21
      30
      29
      22
      34
      27
      22
      22
      22
      23
      24
      19
      22
      33
      29
      24
      34
      37
      26
      29
      35
      29
      24
      28
      25
      29
      15
      30
      29
      27
      26
      18
      22
      21
      35
      28
      29
      21
      28
      24
      27
      27
      24
      18
      22
      20
      31
      19
      32
      27
      31
      29
      26
      27
      27
      26
      23
      27
      25
      30
      27
      35
      24
      22
      30
      29
      20
      32
      21
      23
      24
      18
      30
      24
      21
      25
      23
      34
      31
      25
      22
      24
      21
      21
      22
      31
      16
      33
      26
      26
      15
      28
      26
      19
      26
      19
      25
      22
      19
      19
      34
      26
      29
      30
      29
      27
      23
      25
      23
      16
      23
      27
      28
      23
      21
      19
      34
      20
      25
      32
      24
      21
      21
      15
      28
      19
      33
      25
      13
      23
      27
      29
      16
      27
      15
      22
      20
      28
      18
      36
      24
      25
      19
      21
      30
      20
      21
      25
      18
      21
      23
      26
      33
      27
      30
      28
      22
      28
      25
      34
      28
      23
      29
      23
      28
      20
      26
      30
      18
      13
      15
      19
      24
      19
      22
      22
      23
      24
      20
      24
      27
      21
      21
      26
      27
      26
      24
      23
      23
      26
      25
      24
      23
      21
      27
      19
      28
      31
      25
      19
      20
      21
      26
      12
      30
      30
      31
      21
      18
      21
      20
      28
      33
      23
      28
      20
      20
      25
      20
      21
      30
      39
      26
      26
      25
      30
      18
      27
      43
      28
      43
      29
      24
      26
      27
      27
      36
      23
      33
      33
      41
      38
      35
      47
      42
      35
      45
      42
      36
      39
      46
      41
      42
      42
      32
      47
      43
      49
      46
      48
      48
      36
      59
      55
      47
      57
      51
      67
      67
      62
      77
      74
      87
      80
      98
     103
      98
     109
     109
     135
     111
     127
     143
     138
     152
     142
     137
     133
     143
     153
     145
     169
     135
     166
     161
     162
     157
     161
     174
     134
     159
     128
     122
     109
     143
      98
      95
     106
      84
      62
      81
      63
      58
      57
      75
      49
      64
      64
      57
      55
      48
      54
      41
      42
      63
      56
      58
      53
      39
      61
      51
      59
      54
      55
      72
      55
      55
      66
      56
      59
      57
      61
      80
      64
      56
      71
      62
      68
      66
      81
      92
      78
      86
      88
      92
      98
     100
      87
      96
     107
     102
     103
     105
      84
     116
     102
      84
     101
     101
     102
     105
     111
      93
     111
     129
     114
     121
     118
     109
     142
     135
     120
     114
     127
     115
     112
     119
     112
     113
     144
     150
     134
     133
     155
     153
     148
     164
     154
     182
     181
     178
     187
     208
     200
     171
     189
     174
     199
     194
     196
     212
     193
     195
     213
     227
     238
     222
     254
     227
     252
     249
     244
     260
     271
     298
     308
     305
     302
     331
     324
     331
     352
     369
     374
     446
     460
     498
     479
     550
     650
     695
     803
     851
    1062
    1155
    1441
    1606
    1931
    2339
    2714
    3238
    3681
    4213
    4794
    5293
    5947
    6503
    6832
    7257
    7703
    8111
    8364
    8553
    9284
    9748
   10131
   10765
   11080
   11521
   11744
   11727
   11708
   11602
   11137
   10751
    9712
    9011
    8329
    7347
    6650
    5914
    5248
    4686
    4108
    3640
    3121
    2727
    2225
    1792
    1527
    1329
    1031
     887
     702
     563
     507
     414
     343
     316
     271
     233
     212
     202
     187
     169
     170
     193
     156
     159
     165
     166
     159
     172
     160
     139
     160
     155
     187
     181
     193
     166
     164
     167
     190
     192
     222
     209
     218
     241
     222
     227
     260
     281
     267
     253
     296
     289
     308
     322
     366
     318
     328
     414
     396
     375
     422
     420
     443
     474
     486
     488
     515
     555
     584
     602
     632
     643
     694
     752
     803
     828
     981
    1107
    1353
    1542
    1762
    1925
    2264
    2579
    2868
    3210
    3480
    3593
    3749
    3829
    3971
    3878
    3819
    3611
    3409
    3154
    2962
    2709
    2488
    2330
    2081
    1894
    1775
    1645
    1516
    1479
    1362
    1269
    1313
    1265
    1250
    1246
    1234
    1227
    1169
    1177
    1072
    1053
    1029
     967
     898
     787
     758
     669
     620
     520
     441
     407
     361
     316
     270
     222
     207
     197
     146
     126
     106
      97
      76
      64
      55
      51
      45
      39
      48
      37
      39
      40
      31
      40
      29
      35
      39
      51
      40
      27
      31
      33
      34
      41
      31
      37
      23
      37
      39
      31
      36
      49
      32
      34
      31
      29
      34
      44
      42
      33
      39
      38
      38
      30
      38
      41
      32
      33
      25
      32
      37
      42
      39
      43
      38
      37
      33
      34
      38
      42
      39
      39
      37
      29
      46
      37
      33
      41
      40
      44
      39
      40
      30
      31
      38
      42
      34
      37
      33
      39
      36
      25
      30
      43
      34
      37
      41
      40
      43
      29
      28
      37
      34
      40
      31
      28
      28
      37
      25
      33
      40
      53
      46
      65
      68
      76
     110
     123
     149
     182
     185
     248
     251
     268
     254
     304
     299
     313
     302
     289
     297
     267
     231
     205
     197
     156
     175
     143
     148
     109
      93
      82
      74
      56
      36
      49
      36
      30
      19
      17
      13
      17
      11
       8
       5
      12
      10
       7
       6
       9
      13
       8
       6
       5
      15
       9
      14
      11
      12
       7
       8
      12
      12
       7
      11
       6
      13
      13
       8
       7
      10
       7
       8
      11
       6
      11
       6
       8
      12
      13
      10
       9
      17
       6
       7
      10
       9
      13
       8
      12
       8
       7
       6
      10
       9
      13
      14
       8
       9
       8
       8
      14
       8
       9
      10
       9
       7
       9
       8
      15
       7
       9
       4
       7
      16
       9
      17
      13
      11
      11
      13
       5
      11
       6
       5
       9
      11
       6
      14
      12
      12
      16
      17
      13
       8
       5
       9
      14
      15
      17
      14
      18
      12
      10
      11
      14
      12
      10
      13
      15
      17
       9
      13
      13
      17
      15
      13
      18
      24
       7
      16
      11
      15
      14
      13
      14
      17
      10
       7
      13
      14
      13
      12
      23
      14
      15
      11
      20
      13
      19
      10
       8
      12
      19
      21
      11
      12
      16
      11
      14
      18
      11
      19
       7
      14
      16
      24
      11
      13
      15
       2
      16
      11
      19
      16
      15
       9
      15
       9
      18
      19
       7
      11
      12
      11
      15
      14
      14
       9
      13
      13
      18
      16
      15
      11
      15
      17
      14
      14
      13
      10
      15
      18
      13
       9
      10
      16
      16
      17
      17
      16
      19
      11
      10
      18
      17
      12
      15
      21
      26
      18
      14
      14
      16
      24
      25
      26
      16
      20
      29
      22
      14
      23
      15
      19
      23
      17
       9
      17
      17
       9
      20
      14
      13
      12
      27
      15
      14
      25
      21
      20
      22
      13
      15
      29
      24
      27
      21
      20
      26
      25
      21
      19
      21
      16
      21
      25
      20
      17
      21
      18
      17
      19
      15
      19
      13
      16
      22
      21
      17
      19
      10
      23
      20
      14
      14
      23
      19
      11
       8
       9
      17
      30
      22
      14
       9
      22
      20
      23
      16
      16
      15
      24
      11
      16
      13
      14
      17
      17
      16
      14
      16
      12
      19
      16
      15
       7
      18
      15
      20
      12
      27
      13
      19
      13
      15
      14
      10
      11
       6
      21
      18
      12
      16
      19
      18
      16
      10
      23
      17
      10
       7
      17
      18
      13
      19
      13
      15
      14
      10
      17
      17
      19
      12
      19
      15
       7
      17
      16
      19
      15
      11
      20
      16
      15
      13
      19
      14
      13
      15
      14
      13
      12
      16
      15
      18
      15
      11
      16
      14
      19
      16
      15
      23
      12
      14
      18
      14
      17
      16
      17
      11
      19
      16
      21
      22
      22
      10
      12
      14
      17
      13
      14
      14
      15
      24
      11
      20
      16
      15
      15
      25
      18
      20
      20
      17
      22
      26
      16
      25
      23
      21
      22
      14
      18
      22
      18
      19
      20
      12
      16
      22
      26
      19
      19
      28
      23
      21
      24
      19
      16
      25
      16
      21
      18
      17
      11
      22
      22
      24
      18
      22
      27
      23
      21
      19
      21
      19
      21
      17
      18
      25
      24
      16
      18
      19
      18
      16
      22
      25
      17
      42
      38
      22
      27
      25
      28
      25
      22
      24
      25
      37
      25
      30
      23
      27
      33
      21
      26
      37
      21
      22
      23
      21
      21
      29
      27
      31
      25
      14
      28
      27
      33
      21
      28
      19
      27
      29
      19
      15
      18
      24
      20
      17
      17
      14
      15
       9
      11
      17
      14
      17
      12
      10
       9
      14
      13
      16
      13
      12
      13
      15
      18
       9
       6
       9
      10
       9
       7
      12
      11
      13
      16
       9
       9
      15
      12
      11
      11
      11
       8
      12
       9
       8
      11
      19
       8
      16
      10
      11
       8
       6
       8
       9
      19
      14
       9
      13
      15
      10
       7
      10
      15
      10
      13
      20
       8
      13
      20
      19
       6
      16
       7
      12
      15
      21
      10
      17
      12
      15
      13
      18
      19
      13
      18
      15
      16
      15
      17
      15
      11
      16
      13
      16
      21
      13
      22
      15
      14
      18
      21
       8
      13
      11
      11
       9
      16
      13
      16
      12
       4
       7
       8
      12
       8
      11
       7
      14
       8
       7
       3
       6
      10
       1
      10
       4
       5
      16
       8
       4
       4
       7
       9
       7
       5
       4
       4
       5
       2
       3
       0
       6
       7
       6
       6
       5
       4
       4
       4
       3
       4
       3
       4
       4
       7
       7
       4
       3
       8
       4
       6
       4
       1
       4
       9
       4
       6
       3
       6
       9
       3
      10
       4
       8
       2
       4
       6
       3
       3
       3
       4
       3
       3
       5
       7
       7
       7
       6
       6
       7
      11
       6
       6
       7
       6
       6
       4
       5
       8
       5
       4
       6
       4
       5
       9
       3
       3
       5
       7
       5
       3
       4
       4
       5
       4
       3
       9
       4
       3
       6
       4
       5
       1
       7
       4
       4
       1
       3
       5
       9
       2
       6
       5
       3
       2
       2
       1
       3
       7
       4
       6
       5
       1
       2
       6
       3
       4
       1
       3
       3
       3
       3
       6
       6
       1
       5
       4
       2
       5
       3
       1
       2
       6
       3
       1
       5
       1
       2
       4
       0
       3
       7
       5
       2
       4
       3
       6
       3
       4
       3
       2
       3
       3
       4
       5
       2
       5
       4
       4
       3
       3
       4
       1
       1
       4
       2
       3
       1
       1
       6
       1
       2
       1
       2
       1
       3
       4
       2
       3
       0
       4
       4
       3
       2
       3
       5
       5
       4
       3
       0
       1
       2
       0
       3
       3
       1
       2
       2
       2
       3
       3
       2
       2
       2
       1
       2
       5
       4
       2
       1
       6
       2
       4
       2
       3
       4
       1
       1
       0
       3
       3
       1
       1
       7
       3
       3
       2
       6
       3
       4
       3
       2
       0
       2
       2
       4
       2
       1
       7
       4
       4
       3
       2
       1
       1
       0
       3
       4
       1
       2
       1
       3
       4
       3
       3
       3
       1
       2
       3
       3
       5
       4
       2
       5
       1
       2
       2
       2
       0
       0
       4
       0
       4
       2
       4
       3
       0
       5
       2
       3
       0
       3
       7
       3
       3
       1
       1
       6
       1
       2
       1
       4
       6
       3
       3
       2
       0
       3
       3
       3
       1
       4
       2
       4
       4
       4
       1
       3
       5
       2
       0
       0
       0
       0
       0
       0
       0
       0
       0
       0
       0
       0
       0
       0
       0
       0
       0
       0
       0
       0
       0
       0
       0
       0
       0
       0
       0
       0
       0
       0
       0
       0
