       0
       0
       0
       0
       0
       0
       0
       0
       0
       0
       0
       0
       0
       0
       0
       0
       0
       0
       0
       0
       0
       0
       0
       0
       0
       0
       0
       0
       0
       0
       0
       0
       0
       0
       0
       0
       0
       0
       0
       0
       0
       0
       0
       0
       0
       0
       0
       0
       0
       3
     104
     104
     100
      93
     110
      95
      93
      84
      89
      64
      83
      91
      91
     109
      87
      71
      80
      84
      73
      81
      68
      66
      87
      81
      73
      83
      74
      78
      79
      89
      74
      85
      71
      89
      75
      76
      66
      71
      74
      88
      65
      70
      68
      82
      91
      63
      86
      77
      79
      75
      76
      60
      90
      76
      74
      78
      77
      68
      74
      75
      66
      66
      72
      73
      89
      60
      76
      72
      69
      56
      68
      79
      66
      76
      75
      56
      59
      60
      48
      62
      61
      53
      62
      61
      65
      56
      61
      59
      50
      74
      58
      48
      54
      54
      54
      36
      49
      54
      49
      54
      64
      54
      56
      43
      46
      43
      42
      56
      39
      43
      56
      33
      48
      41
      41
      50
      38
      44
      34
      43
      41
      46
      46
      56
      44
      42
      38
      53
      37
      50
      53
      43
      42
      39
      40
      36
      46
      38
      32
      50
      41
      40
      26
      41
      47
      42
      49
      31
      46
      35
      39
      38
      33
      44
      42
      39
      33
      44
      39
      37
      41
      29
      40
      50
      26
      35
      52
      35
      55
      49
      37
      36
      39
      30
      43
      28
      35
      48
      33
      31
      41
      33
      24
      30
      35
      35
      42
      43
      43
      44
      33
      32
      32
      40
      35
      36
      27
      40
      25
      33
      33
      36
      40
      25
      30
      31
      34
      34
      30
      33
      32
      29
      28
      34
      23
      37
      29
      34
      30
      28
      37
      26
      48
      34
      23
      34
      28
      10
      22
      25
      25
      32
      32
      30
      36
      22
      33
      45
      32
      36
      39
      26
      31
      29
      32
      27
      35
      28
      31
      30
      35
      34
      32
      30
      35
      36
      24
      30
      28
      28
      31
      26
      27
      27
      26
      30
      25
      28
      21
      29
      30
      27
      20
      36
      34
      27
      26
      27
      24
      26
      22
      16
      25
      30
      30
      37
      21
      26
      27
      23
      28
      22
      33
      18
      35
      30
      29
      30
      22
      34
      18
      21
      24
      34
      33
      24
      28
      30
      27
      20
      20
      29
      25
      20
      24
      32
      18
      28
      28
      18
      27
      26
      14
      21
      26
      48
      20
      20
      27
      29
      25
      24
      22
      20
      20
      29
      27
      36
      29
      16
      26
      39
      35
      29
      22
      31
      33
      33
      31
      30
      24
      23
      21
      19
      25
      31
      38
      23
      29
      31
      17
      33
      26
      22
      25
      24
      34
      12
      25
      15
      29
      26
      31
      28
      23
      26
      22
      25
      25
      21
      27
      26
      17
      30
      35
      25
      30
      17
      33
      26
      24
      24
      24
      25
      24
      28
      25
      36
      20
      41
      27
      24
      24
      27
      24
      20
      16
      15
      35
      32
      21
      19
      18
      21
      22
      19
      23
      36
      23
      11
      24
      23
      29
      27
      32
      22
      28
      25
      24
      23
      23
      23
      27
      22
      30
      26
      27
      26
      23
      29
      24
      31
      27
      25
      22
      18
      16
      31
      22
      26
      27
      32
      27
      33
      23
      26
      20
      25
      35
      26
      38
      27
      24
      33
      31
      34
      27
      23
      26
      27
      29
      24
      34
      28
      23
      29
      32
      24
      35
      35
      14
      30
      27
      38
      22
      31
      28
      25
      20
      37
      31
      25
      35
      44
      37
      37
      28
      28
      41
      32
      31
      39
      30
      25
      30
      33
      32
      32
      42
      32
      29
      39
      34
      46
      43
      42
      32
      38
      46
      34
      46
      49
      33
      58
      54
      53
      53
      51
      57
      67
      55
      49
      71
      74
      57
      66
      71
      91
      96
     104
      99
     119
     109
     107
     108
     119
     127
     128
     151
     150
     126
     154
     142
     155
     164
     154
     171
     180
     173
     172
     173
     196
     174
     178
     165
     144
     130
     146
     150
     114
     115
     100
     104
      93
      83
      72
      75
      71
      61
      69
      70
      68
      71
      64
      54
      72
      50
      57
      51
      53
      65
      68
      53
      62
      69
      58
      49
      66
      61
      53
      56
      56
      58
      54
      69
      60
      62
      68
      73
      53
      72
      74
      75
      81
      76
      87
      82
      92
      90
      84
      98
      85
      85
     110
     114
      84
     100
      97
     104
     109
     101
     110
     104
     105
      97
     102
     126
      92
     127
     115
     137
      98
     119
     122
     140
     119
     121
     132
     136
     133
     145
     125
     135
     145
     154
     140
     136
     150
     187
     170
     185
     179
     181
     213
     189
     186
     191
     188
     210
     205
     220
     211
     210
     193
     235
     196
     200
     217
     220
     232
     253
     227
     226
     218
     261
     255
     260
     254
     272
     291
     299
     322
     311
     333
     344
     303
     391
     395
     423
     437
     422
     462
     543
     574
     620
     708
     779
     985
    1046
    1234
    1483
    1610
    2019
    2426
    2858
    3269
    3895
    4571
    4981
    5636
    6240
    6779
    7373
    7606
    7984
    8486
    8888
    9280
    9936
   10080
   10591
   11393
   11629
   12224
   12690
   12574
   12541
   12273
   11926
   11323
   10353
    9673
    8580
    7867
    6997
    6260
    5654
    4902
    4359
    3818
    3347
    2755
    2453
    2037
    1725
    1489
    1098
     977
     862
     651
     500
     454
     365
     333
     310
     245
     240
     229
     210
     201
     202
     191
     171
     178
     203
     160
     157
     176
     155
     160
     174
     165
     172
     171
     191
     175
     192
     202
     187
     214
     219
     211
     210
     182
     241
     260
     210
     254
     270
     298
     288
     293
     366
     333
     365
     354
     365
     417
     409
     435
     424
     485
     438
     441
     486
     567
     553
     556
     579
     630
     628
     667
     747
     774
     817
     946
    1063
    1208
    1417
    1488
    1794
    2126
    2299
    2539
    2931
    3277
    3480
    3762
    3955
    4007
    4243
    3924
    4021
    3720
    3534
    3467
    3132
    2949
    2621
    2409
    2211
    2021
    1908
    1734
    1585
    1499
    1465
    1389
    1295
    1383
    1367
    1294
    1322
    1307
    1249
    1302
    1136
    1121
    1059
    1022
     894
     857
     764
     713
     589
     576
     507
     453
     395
     333
     319
     255
     213
     177
     145
     135
     107
      96
      95
      90
      60
      82
      61
      50
      55
      49
      51
      42
      39
      35
      26
      40
      31
      40
      39
      33
      32
      32
      31
      26
      26
      37
      34
      34
      40
      29
      37
      32
      27
      35
      26
      32
      34
      40
      30
      39
      35
      36
      27
      43
      32
      29
      40
      37
      53
      43
      46
      44
      34
      39
      29
      33
      38
      38
      40
      42
      49
      33
      26
      40
      31
      43
      34
      28
      48
      36
      33
      34
      28
      42
      44
      39
      38
      36
      41
      32
      36
      31
      34
      36
      36
      34
      32
      40
      30
      25
      30
      30
      33
      45
      27
      40
      38
      38
      28
      48
      43
      53
      59
      54
      80
      97
     105
     140
     143
     166
     200
     232
     265
     286
     259
     306
     344
     324
     303
     321
     280
     292
     229
     213
     232
     175
     153
     141
     129
     110
     100
      92
      63
      74
      53
      57
      28
      29
      26
      12
      20
      13
      15
      11
       9
       9
       7
       8
       6
      10
       7
       7
      13
      12
      10
      11
       3
      10
      14
      11
       7
       7
      12
      25
      10
      15
      10
       6
      17
      12
       5
       7
      10
      10
       7
      13
      10
      10
       8
       8
       9
       8
      11
      12
       9
      13
       8
      16
      12
       5
      15
      13
      14
      14
       8
      12
      11
      19
      16
      14
      15
      10
      10
      11
      14
       8
      10
      14
      13
      13
      16
      10
      12
      10
      15
      15
      10
      16
      15
      14
      14
       8
      16
      10
       4
      14
      19
      13
      11
      13
       9
      10
      14
      13
      12
      13
      11
      10
      12
      23
      12
      16
      18
      13
      15
      14
       9
      11
      17
       7
      13
      15
       9
      13
      14
      18
      16
      24
      12
      16
      12
      16
      14
      22
      21
      11
      14
      17
      21
      14
      21
      17
      13
      19
      12
      18
      14
      19
      12
      14
      10
      19
      24
      16
      18
      18
      18
      18
      16
      14
      14
      11
      15
      11
      13
      17
      14
       8
      10
      13
      14
      12
      15
      15
      16
      19
      20
      14
      15
      17
      17
      21
      15
      18
      14
      19
      19
      28
      11
      22
      17
      17
      29
      14
      16
      12
      17
      18
      21
      17
      12
      14
      16
      13
      22
      21
      16
      12
      13
      21
      18
      17
      16
      19
      29
      21
      20
      21
      15
      18
      29
      14
      16
      18
      22
      25
      21
      15
      21
      18
      21
      17
      22
      14
      28
      20
      32
      22
      20
      24
      14
      18
      15
      20
      14
      15
      18
      19
      17
      17
      21
      24
      19
      11
      16
      27
      23
      23
      25
      26
      20
      27
      28
      24
      26
      21
      16
      15
      25
      21
      19
      16
      23
      21
      17
      19
      15
      15
      26
      16
      13
      24
      18
      13
      26
      17
      10
      22
      24
      15
      16
      16
      13
      25
      19
      16
      17
      14
      14
      22
      16
      17
      16
      14
      19
      18
       9
      15
      16
      17
      14
      16
      17
      16
      18
      13
      12
      19
      22
      19
      16
      22
      21
      22
      20
      23
      18
      16
      17
      25
      15
      17
      14
      16
      23
      20
      11
      17
       8
      15
      14
      13
      16
      23
      21
      12
      16
      19
      12
      19
      15
      16
      13
      12
      10
      16
      24
      10
      26
      24
      16
      29
      17
      16
      13
      14
      14
      13
      26
      19
      15
      20
      19
      17
      17
      18
      16
      14
      17
      17
      15
      15
      12
      18
      17
      16
      17
      22
      17
      19
      19
      21
      23
      19
      20
      26
      21
      11
      21
      14
      15
      16
      25
      19
      23
      15
      14
      18
      18
      18
      18
      15
      24
      22
      23
      25
      22
      28
      15
      25
      18
      18
      25
      25
      25
      31
      23
      22
      20
      24
      20
      15
      18
      24
      17
      25
      21
      26
      24
      19
      22
      28
      19
      20
      25
      23
      27
      17
      31
      24
      24
      24
      28
      33
      33
      22
      21
      33
      22
      21
      28
      24
      26
      19
      21
      20
      26
      20
      21
      20
      28
      20
      25
      30
      36
      29
      27
      32
      34
      30
      32
      34
      35
      29
      32
      25
      28
      33
      26
      41
      37
      29
      31
      28
      39
      33
      31
      29
      33
      34
      26
      24
      35
      26
      18
      32
      30
      26
      22
      19
      18
      18
      20
      19
      20
      14
      19
      15
      12
      15
      13
      15
      17
       7
      18
       9
      15
      17
      14
      16
      12
      10
      15
      15
       9
      24
      12
      13
       9
      12
      15
      12
      13
      20
      12
      14
      10
      14
       4
      15
      11
       7
      15
      10
       8
       5
      19
      15
      19
      19
      10
      16
      17
      15
      10
       8
      12
      10
      20
      12
      16
      14
       7
      16
      13
      16
      11
      22
      16
      13
      10
      13
      13
      21
      15
      22
       9
      21
      19
      18
      20
      21
      16
      19
      14
      17
      25
      15
      20
      15
      14
      24
      18
      22
      10
      18
      18
      16
       8
      18
       9
       7
      19
      15
      23
       5
      13
      10
       8
       8
       7
       7
      11
       7
       9
       4
      12
       9
      11
       8
       7
       4
       4
       6
      10
       9
      10
       7
      10
      12
       4
       4
       5
       1
       7
       6
       5
       7
       2
       3
       4
       4
       3
       1
       5
       6
       7
       4
       6
       6
       6
       4
       5
       6
       6
       3
       9
       4
       2
       4
       3
      10
       7
       5
       3
       3
       2
       3
       4
       2
       7
       3
       2
       4
       6
       3
       6
       3
       3
       4
       7
       7
       5
       5
      10
       6
       6
       6
       4
       2
       4
       4
       7
       6
       7
       3
       5
      11
       5
       6
       9
       2
       6
       3
       7
       3
       9
       5
       5
       6
       4
       2
       4
       4
       3
       6
       6
       4
       3
       0
       4
       4
       5
       3
       4
       5
       6
       3
       7
       0
       2
       2
       1
       2
       3
       4
       7
       4
       2
       4
       7
       6
       6
       2
       5
       2
       1
       2
       5
      10
       1
       3
       2
       1
       4
       4
       1
       4
       4
       4
       5
       3
       6
       3
       6
       3
       1
       2
       2
       3
       3
       3
       2
       3
       2
       3
       2
       1
       4
       2
       4
       4
       1
       8
       1
       5
       5
       5
       0
       4
       3
       1
       3
       4
       3
       3
       0
       1
       3
       3
       1
       1
       0
       1
       2
       3
       6
       2
       4
       2
       1
       4
       4
       2
       3
       3
       2
       0
       5
       4
       5
       1
       3
       2
       4
       2
       3
       3
       4
       6
       5
       3
       4
       5
       1
       3
       5
       4
       3
       3
       3
       1
       2
       1
       3
       2
       2
       5
       4
       5
       1
       1
       3
       4
       4
       2
       2
       4
      10
       2
       2
       4
       2
       1
       4
       3
       3
       4
       3
       3
       2
       3
       7
       1
       3
       4
       7
       3
       3
       4
       3
       2
       6
       1
       3
       1
       4
       2
       5
       6
       6
       1
       4
       2
       4
       2
       3
       3
       4
       2
       2
       1
       0
       2
       4
       2
       2
       3
       3
       2
       3
       5
       2
       3
       1
       2
       1
       3
       2
       1
       1
       2
       1
       3
       3
       2
       1
       5
       4
       3
       2
       1
       4
       4
       7
       3
       3
       2
       3
       0
       0
       0
       0
       0
       0
       0
       0
       0
       0
       0
       0
       0
       0
       0
       0
       0
       0
       0
       0
       0
       0
       0
       0
       0
       0
       0
       0
       0
       0
       0
       0
       0
