       0
       0
       0
       0
       0
       0
       0
       0
       0
       0
       0
       0
       0
       0
       0
       0
       0
       0
       0
       0
       0
       0
       0
       0
       0
       0
       0
       0
       0
       0
       0
       0
       0
       0
       0
       0
       0
       0
       0
       0
       0
       0
       0
       0
       0
       0
       0
       0
       0
       6
      85
      68
      77
      76
      76
      79
      79
      59
      91
      78
      88
      68
      78
      89
      79
      81
      69
      70
      65
      59
      73
      74
      95
      75
      72
      69
      79
      67
      71
      75
      69
      78
      64
      67
      85
      85
      82
      81
      90
      78
      67
      51
      85
      86
      64
      63
      67
      70
      69
      56
      73
      76
      64
      52
      68
      52
      64
      69
      60
      71
      70
      66
      75
      56
      65
      51
      69
      61
      65
      50
      68
      63
      48
      62
      47
      71
      63
      52
      58
      49
      45
      51
      67
      46
      55
      63
      54
      56
      49
      40
      36
      50
      50
      43
      48
      42
      60
      60
      47
      48
      51
      46
      49
      45
      41
      48
      34
      51
      52
      38
      40
      43
      42
      39
      44
      32
      40
      22
      42
      43
      32
      44
      38
      44
      39
      31
      40
      32
      39
      36
      49
      36
      36
      35
      26
      47
      35
      39
      43
      32
      44
      42
      40
      44
      36
      35
      29
      38
      36
      36
      38
      34
      40
      23
      28
      36
      27
      43
      41
      23
      36
      29
      34
      34
      36
      35
      34
      37
      36
      38
      35
      38
      36
      30
      37
      38
      34
      27
      27
      35
      32
      24
      31
      38
      24
      32
      35
      36
      25
      33
      22
      31
      19
      30
      35
      36
      34
      32
      26
      25
      24
      36
      25
      31
      35
      25
      35
      27
      41
      19
      32
      27
      30
      27
      31
      29
      23
      38
      26
      20
      25
      29
      30
      31
      32
      25
      28
      28
      26
      30
      24
      31
      28
      27
      30
      27
      20
      26
      25
      29
      26
      37
      31
      34
      24
      27
      35
      31
      19
      27
      30
      23
      30
      42
      24
      38
      32
      21
      21
      17
      20
      18
      29
      26
      29
      22
      24
      23
      24
      26
      28
      34
      29
      27
      23
      29
      26
      27
      20
      22
      27
      30
      22
      19
      29
      29
      25
      27
      27
      26
      26
      31
      25
      25
      23
      25
      24
      29
      23
      21
      17
      13
      27
      29
      20
      25
      25
      18
      25
      25
      22
      20
      17
      24
      17
      30
      25
      26
      22
      19
      28
      21
      18
      20
      30
      23
      21
      18
      20
      33
      18
      19
      30
      26
      26
      26
      40
      22
      24
      25
      29
      20
      20
      21
      22
      27
      24
      26
      28
      25
      27
      25
      21
      24
      27
      21
      21
      30
      26
      30
      21
      17
      22
      27
      22
      24
      26
      23
      29
      29
      19
      29
      30
      25
      21
      21
      12
      16
      20
      22
      23
      16
      22
      25
      19
      19
      30
      19
      30
      17
      22
      27
      26
      20
      19
      17
      17
      21
      27
      16
      24
      28
      29
      22
      22
      32
      21
      28
      24
      24
      19
      25
      25
      23
      28
      28
      12
      25
      25
      20
      19
      20
      21
      22
      16
      26
      18
      23
      19
      20
      16
      24
      14
      29
      32
      26
      25
      17
      18
      27
      21
      14
      25
      18
      16
      17
      26
      26
      15
      32
      22
      17
      21
      36
      15
      23
      21
      27
      24
      26
      22
      26
      22
      24
      13
      18
      30
      28
      22
      17
      19
      32
      21
      26
      16
      26
      23
      21
      22
      32
      24
      29
      21
      38
      22
      23
      16
      28
      22
      29
      29
      13
      29
      29
      33
      17
      22
      35
      28
      26
      21
      25
      33
      22
      33
      43
      29
      32
      29
      30
      27
      32
      38
      40
      42
      33
      40
      29
      46
      35
      41
      41
      41
      31
      43
      38
      49
      52
      55
      53
      53
      58
      74
      64
      69
      59
      65
      73
      74
      84
      87
      97
     102
     115
     106
     124
     133
     137
     140
     133
     131
     148
     135
     124
     141
     153
     155
     159
     166
     169
     168
     144
     162
     141
     119
     153
     137
     124
     111
     110
      97
     101
     102
     100
      80
      75
      62
      57
      53
      47
      68
      45
      49
      53
      38
      47
      51
      43
      48
      43
      52
      50
      49
      54
      52
      50
      48
      43
      54
      45
      66
      59
      43
      42
      58
      40
      62
      65
      54
      46
      59
      66
      71
      56
      66
      65
      73
      83
      69
      78
      82
      75
      92
      83
      84
      84
      80
      82
      96
      97
      90
      96
      87
     105
     100
     103
     113
      97
     107
     110
     130
     122
     106
     127
     122
     113
     109
     127
     117
     122
     111
     110
     127
     130
     129
     127
     120
     129
     135
     169
     158
     167
     139
     171
     163
     152
     163
     167
     172
     184
     181
     195
     199
     180
     191
     189
     207
     187
     222
     204
     210
     199
     199
     227
     199
     235
     243
     245
     233
     247
     272
     285
     298
     265
     332
     330
     323
     356
     367
     416
     413
     478
     448
     560
     574
     652
     747
     864
     969
    1086
    1299
    1520
    1863
    2138
    2561
    3008
    3442
    3939
    4507
    5024
    5665
    6137
    6459
    6813
    7225
    7590
    7700
    8177
    8440
    8990
    9634
   10093
   10407
   10859
   11174
   11176
   11085
   10932
   10620
    9803
    9270
    8470
    7689
    7057
    6302
    5607
    5041
    4407
    3824
    3420
    2890
    2545
    2167
    1836
    1549
    1270
    1032
     835
     702
     586
     453
     396
     319
     305
     247
     235
     197
     217
     197
     186
     195
     168
     136
     165
     144
     168
     163
     162
     139
     158
     174
     159
     146
     181
     178
     168
     172
     191
     188
     215
     192
     195
     222
     219
     222
     213
     228
     240
     250
     273
     294
     269
     275
     343
     343
     319
     303
     344
     399
     383
     407
     419
     429
     437
     475
     493
     478
     537
     528
     566
     604
     668
     660
     743
     783
     918
     964
    1112
    1241
    1398
    1623
    1889
    2160
    2484
    2762
    2975
    3315
    3370
    3636
    3685
    3643
    3780
    3560
    3516
    3362
    3060
    2746
    2607
    2404
    2179
    1945
    1884
    1672
    1632
    1416
    1370
    1341
    1220
    1217
    1253
    1175
    1190
    1253
    1189
    1154
    1120
    1122
    1033
     995
     876
     841
     815
     672
     653
     568
     478
     462
     443
     334
     317
     261
     204
     185
     162
     144
     130
     100
      85
      66
      70
      54
      57
      46
      54
      45
      38
      41
      39
      41
      37
      29
      33
      34
      36
      35
      18
      43
      33
      27
      34
      38
      42
      29
      32
      37
      29
      25
      31
      24
      23
      24
      27
      36
      33
      39
      32
      22
      42
      26
      35
      35
      29
      42
      22
      38
      45
      31
      33
      31
      22
      32
      36
      36
      46
      30
      43
      29
      37
      36
      40
      31
      44
      42
      39
      26
      43
      35
      37
      35
      38
      28
      27
      26
      34
      35
      30
      36
      33
      42
      36
      37
      41
      29
      34
      37
      30
      35
      38
      43
      34
      37
      29
      35
      39
      36
      38
      50
      43
      56
      44
      77
      72
      98
     115
     156
     175
     202
     233
     226
     279
     281
     281
     276
     306
     319
     269
     261
     272
     250
     198
     178
     162
     162
     130
     122
     105
      86
      83
      69
      66
      48
      38
      33
      34
      25
      20
      20
      18
      11
      11
      11
       8
       8
      11
      11
       4
       9
       8
       8
      11
       5
       9
       7
       8
       9
       5
       5
      10
       8
       5
       6
       9
       6
      10
       9
       6
      11
      18
       7
      14
      11
      13
       5
      12
       7
      10
       8
       7
      10
       8
       7
       9
       5
       7
      13
       7
      11
       9
      14
       8
      11
       9
       7
       9
      13
       9
      13
      10
      10
       6
       9
       5
      13
       9
      15
      10
       9
       7
      10
       7
      10
      10
       8
      10
      10
      10
       9
      15
       6
      10
      12
       6
      10
      11
      13
      14
      12
      12
       8
       8
      11
      12
      12
      10
      10
      10
      13
       7
       9
      10
       7
       6
      12
      12
      14
       6
       8
      12
      23
      15
      16
      14
      12
      15
      10
      13
      19
      12
      17
      12
      15
       9
       6
       9
      10
      15
       8
      18
      16
      15
       8
      13
      10
      15
      16
      13
       9
      10
       9
      13
      13
      17
      10
      12
      10
      13
      15
       7
       8
      15
      15
       8
      12
      11
      14
      16
       7
      21
      15
       7
      12
      13
       4
      17
      10
      12
       9
      14
      15
       9
      17
      10
      15
      14
      11
      18
      13
      14
      14
      15
      18
      13
      21
      16
      14
       9
      11
      13
      12
      10
      13
      12
      11
      14
      14
      14
      17
      11
      19
      14
      15
      20
      17
      13
      20
      23
      21
      24
      21
      22
      21
      17
      19
      17
      16
      12
      15
      17
      13
      19
      11
      11
      11
      16
      14
      14
      14
      15
      12
      14
      16
      19
      12
      13
      14
      19
      19
      20
      14
      25
      10
      23
      27
      23
      23
      18
      19
      21
      19
      22
      13
      21
      24
      20
      18
      17
      20
      15
      15
      21
      17
      16
      10
      11
      11
      14
      16
      15
      14
      17
      13
      10
      13
      10
      14
      18
      16
      19
      13
       9
      12
      19
      10
      16
      14
      10
      17
      17
      16
       5
      11
      15
      14
      11
      13
      18
      15
      21
      17
      17
      11
       5
      11
      11
      16
       8
      17
      13
      15
      11
      12
      10
      12
       7
      10
       9
      14
      10
      14
      13
      12
      10
      20
      18
      12
      16
       9
       8
      23
      19
      11
      14
      12
      14
      13
      16
      11
      19
      13
      13
       6
       7
      15
      20
      14
      14
      15
      15
      11
       5
      16
      15
      14
      21
      16
      14
      17
      15
      11
      16
      18
      14
      14
      20
      16
      20
      11
      14
      16
      12
      21
      15
      13
      20
      11
      19
      22
      12
      19
      19
      20
      12
      20
      12
      13
       9
      15
      16
      18
      19
      15
      15
       9
      24
      12
      22
      12
      23
      15
       8
      11
      23
      23
      12
      21
      16
      16
      16
      15
      24
      21
      17
      21
      18
      24
      25
      21
      19
      21
      18
      15
      14
      21
      21
      17
      22
      26
      19
      15
      15
      16
      16
      17
      15
      16
      12
      18
      26
      22
      24
      16
      16
      19
      19
      12
      22
      19
      21
      15
      21
      27
      19
      27
      20
      13
      22
      21
      15
      22
      26
      26
      24
      25
      20
      20
      24
      21
      26
      35
      22
      14
      16
      34
      17
      31
      33
      21
      25
      22
      36
      20
      26
      19
      27
      21
      27
      20
      19
      17
      25
      21
      32
      12
      20
      15
      20
      13
      12
      14
      17
      16
      16
      12
      14
      11
      15
       6
       8
      12
      14
      13
      10
       9
      14
       9
      11
       6
       4
       6
       6
       8
       9
      12
       4
      10
      12
      11
       5
      14
      12
       4
      16
      10
       9
       7
      10
      10
       9
       5
      12
       7
       8
      11
       6
       7
      11
      15
       9
      15
       7
       9
       9
       7
      11
      18
      10
      10
      10
       8
      13
      11
      10
      10
      12
      16
      11
      14
      12
      12
      10
      14
      10
      14
       9
      12
      10
      18
      10
      12
      20
      18
      18
      21
      16
      20
      16
      12
      16
      11
      20
      14
      14
      12
      11
       9
      23
      19
      11
       9
      11
       7
      11
      10
      15
      11
      12
       6
       8
       9
      10
       6
      11
       8
       2
       4
       8
       9
      15
       2
       6
       5
       7
       4
       4
       7
       4
       7
       6
       4
       8
       3
       4
       3
       6
       3
       2
       3
       6
       6
       5
       5
       6
       2
       4
       3
       7
       4
       3
       5
       5
       2
       1
       3
       3
       4
       5
       5
       3
       6
       4
       3
       1
       6
       6
       3
       4
       5
       5
       3
       4
       4
       7
       4
       5
       6
       3
       6
       7
       5
       4
       8
       1
       5
       4
       6
       1
       3
       7
       4
       6
       3
       8
       6
       3
       6
       1
       6
       3
       4
       3
       4
       6
       6
       5
       7
       3
       3
       6
       6
       3
       7
       4
       4
       2
       2
       2
       6
       4
       3
       2
       2
       3
       7
      10
       2
       2
       6
       5
       2
       3
       2
       1
       3
       3
       2
       2
       3
       3
       2
       0
       5
       5
       3
       1
       0
       1
       3
       3
       6
       3
       2
       1
       2
       6
       3
       6
       3
       3
       2
       4
       2
       3
       2
       2
       2
       2
       3
       3
       0
       3
       3
       4
       4
       2
       2
       5
       5
       4
       1
       5
       3
       2
       2
       1
       3
       2
       3
       3
       1
       4
       2
       4
       1
       4
       3
       3
       1
       5
       2
       1
       2
       3
       0
       1
       1
       2
       3
       3
       2
       3
       4
       1
       0
       3
       3
       3
       3
       0
       2
       6
       3
       3
       1
       4
       0
       6
       3
       3
       3
       3
       3
       3
       4
       4
       4
       3
       3
       1
       3
       1
       4
       2
       3
       4
       3
       3
       6
       1
       5
       4
       5
       2
       6
       1
       7
       1
       7
       1
       4
       4
       3
       4
       3
       2
       2
       1
       1
       6
       2
       5
       4
       1
       3
       3
       3
       4
       2
       3
       2
       5
       0
       3
       2
       5
       1
       3
       3
       2
       0
       1
       0
       1
       1
       1
       2
       5
       1
       3
       2
       6
       2
       1
       2
       0
       2
       1
       3
       5
       1
       1
       3
       2
       4
       3
       1
       0
       1
       4
       2
       5
       0
       3
       8
       2
       0
       2
       4
       6
       3
       2
       4
       2
       2
       3
       3
       1
       0
       0
       0
       0
       0
       0
       0
       0
       0
       0
       0
       0
       0
       0
       0
       0
       0
       0
       0
       0
       0
       0
       0
       0
       0
       0
       0
       0
       0
       0
       0
       0
