       0
       0
       0
       0
       0
       0
       0
       0
       0
       0
       0
       0
       0
       0
       0
       0
       0
       0
       0
       0
       0
       0
       0
       0
       0
       0
       0
       0
       0
       0
       0
       0
       0
       0
       0
       0
       0
       0
       0
       0
       0
       0
       0
       0
       0
       0
       0
       0
       0
       7
     127
     138
     118
     138
     133
     115
     119
     150
     143
     115
     107
     129
     107
     123
     113
     117
     110
     126
     102
     120
     108
     102
     110
     109
     140
     110
     127
     121
     117
      95
     114
     109
     103
     103
     108
     119
     110
     107
     117
     136
     123
     102
     107
     115
      99
     129
     102
     102
     110
      85
     100
     115
      94
      94
     125
     100
     119
      96
     112
      88
     103
     113
     108
     122
     101
     105
     108
     118
     105
     107
     112
     107
     120
     121
     124
     107
     112
      98
      77
      84
     114
      78
      90
      93
      90
      83
      85
      93
      86
      94
      83
      86
      83
      72
      84
      73
      68
      68
      78
      66
      68
      72
      68
      80
      53
      53
      74
      67
      62
      67
      57
      56
      64
      64
      69
      66
      58
      74
      47
      66
      58
      74
      51
      58
      63
      69
      58
      51
      60
      58
      56
      54
      54
      48
      57
      62
      59
      52
      58
      46
      62
      45
      64
      43
      66
      49
      64
      44
      61
      47
      52
      46
      48
      48
      71
      55
      52
      48
      55
      57
      47
      46
      44
      58
      58
      63
      46
      71
      54
      59
      50
      62
      45
      46
      53
      54
      53
      55
      35
      48
      38
      46
      49
      65
      53
      43
      55
      50
      49
      56
      52
      42
      52
      46
      40
      35
      42
      48
      51
      49
      47
      47
      49
      49
      55
      44
      38
      48
      48
      46
      32
      49
      38
      44
      37
      41
      60
      47
      57
      45
      45
      33
      40
      37
      44
      28
      47
      34
      41
      42
      43
      42
      46
      49
      46
      31
      45
      40
      38
      37
      48
      42
      48
      41
      49
      40
      35
      52
      42
      37
      31
      38
      37
      43
      40
      46
      51
      37
      32
      32
      34
      35
      42
      34
      44
      34
      35
      44
      48
      45
      47
      43
      42
      47
      31
      26
      53
      40
      34
      44
      52
      38
      33
      42
      46
      35
      43
      39
      34
      33
      35
      34
      41
      32
      28
      34
      33
      45
      37
      43
      34
      50
      37
      40
      36
      42
      33
      35
      41
      35
      39
      38
      39
      43
      33
      32
      46
      32
      27
      27
      40
      30
      40
      29
      42
      44
      28
      32
      38
      35
      25
      35
      41
      41
      44
      40
      35
      28
      40
      42
      50
      31
      39
      40
      39
      40
      47
      59
      29
      32
      52
      27
      29
      44
      33
      37
      33
      32
      33
      39
      37
      33
      25
      29
      42
      26
      34
      35
      32
      38
      41
      30
      33
      24
      34
      46
      28
      34
      26
      35
      26
      34
      29
      39
      32
      39
      36
      32
      40
      43
      37
      41
      34
      35
      31
      40
      29
      34
      38
      32
      25
      28
      30
      31
      32
      36
      37
      32
      33
      44
      29
      38
      36
      40
      29
      41
      46
      43
      31
      37
      47
      36
      38
      35
      28
      36
      37
      27
      38
      34
      29
      38
      28
      34
      33
      29
      37
      32
      37
      33
      35
      37
      40
      24
      35
      35
      33
      50
      31
      35
      35
      36
      27
      30
      29
      33
      37
      46
      39
      30
      40
      41
      37
      30
      36
      34
      30
      43
      38
      43
      47
      38
      34
      31
      38
      31
      43
      34
      34
      45
      46
      38
      41
      24
      38
      52
      28
      41
      35
      45
      35
      37
      42
      45
      42
      47
      49
      37
      41
      57
      41
      36
      48
      47
      47
      54
      59
      49
      52
      50
      57
      56
      67
      72
      73
      52
      75
      78
      64
      95
      87
      82
      72
      67
      73
      76
      83
     101
      92
      99
      75
     108
      92
      92
     106
     104
      93
     125
     132
     114
     142
     134
     159
     154
     147
     186
     183
     201
     204
     212
     233
     178
     245
     218
     249
     240
     251
     235
     247
     258
     284
     236
     249
     261
     201
     233
     216
     183
     193
     161
     174
     127
     117
     124
     135
      97
     119
      91
      87
     106
      73
      65
      89
      76
      81
      80
      73
      75
      80
      64
      79
      67
      72
      98
      79
      85
      80
      60
      90
      82
      86
      95
      99
      89
      82
      84
      88
      86
     103
      99
      93
     108
      93
     109
     106
     106
     130
     116
     121
     115
     125
     127
     113
     134
     143
     129
     163
     152
     137
     165
     157
     162
     182
     142
     166
     169
     154
     149
     168
     176
     177
     176
     173
     173
     175
     194
     180
     210
     173
     190
     187
     199
     208
     204
     197
     205
     226
     226
     233
     239
     224
     228
     222
     253
     242
     254
     318
     281
     279
     276
     291
     266
     287
     311
     283
     270
     322
     287
     279
     330
     351
     353
     347
     347
     338
     361
     430
     369
     361
     416
     402
     422
     440
     416
     475
     489
     512
     497
     574
     608
     682
     654
     788
     909
     926
    1017
    1179
    1331
    1544
    1826
    2082
    2454
    2839
    3324
    4015
    4681
    5344
    6305
    7169
    7962
    8680
    9474
   10331
   10902
   11833
   12023
   12422
   13085
   13650
   14474
   15105
   15892
   16344
   17152
   17481
   17705
   17485
   17220
   16903
   16103
   14745
   13919
   12714
   11514
   10300
    9324
    8305
    7273
    6427
    5641
    4902
    4435
    3631
    3082
    2495
    2267
    1821
    1505
    1181
     997
     854
     683
     600
     483
     409
     369
     317
     309
     298
     274
     296
     227
     247
     211
     229
     221
     214
     197
     221
     220
     220
     225
     227
     240
     257
     259
     252
     238
     272
     237
     262
     321
     326
     276
     334
     286
     350
     334
     354
     361
     397
     412
     421
     423
     484
     485
     478
     510
     503
     527
     591
     540
     568
     607
     674
     678
     701
     747
     780
     771
     848
     838
     937
    1043
    1116
    1272
    1343
    1580
    1761
    1929
    2348
    2643
    3068
    3468
    3757
    4125
    4542
    4897
    5091
    5348
    5283
    5245
    5320
    4990
    4794
    4429
    4122
    3819
    3718
    3372
    3017
    2777
    2544
    2401
    2252
    2070
    1922
    1905
    1819
    1647
    1724
    1723
    1714
    1652
    1723
    1667
    1574
    1565
    1419
    1303
    1199
    1101
     984
     888
     867
     711
     679
     565
     516
     460
     397
     330
     280
     258
     225
     168
     163
     151
     110
      90
      79
      63
      56
      73
      47
      53
      63
      43
      47
      34
      38
      40
      40
      31
      52
      36
      33
      45
      35
      34
      26
      30
      52
      27
      41
      30
      37
      41
      37
      39
      48
      43
      43
      35
      35
      39
      30
      33
      41
      37
      43
      43
      32
      37
      37
      29
      32
      34
      40
      28
      43
      43
      41
      35
      31
      29
      46
      29
      45
      27
      40
      27
      23
      30
      52
      31
      33
      30
      32
      41
      41
      16
      35
      23
      28
      40
      36
      29
      31
      31
      28
      30
      47
      30
      37
      28
      33
      36
      27
      33
      45
      26
      38
      37
      49
      47
      42
      69
      59
      63
      81
      95
     122
     147
     176
     171
     221
     247
     284
     340
     370
     366
     370
     393
     398
     339
     337
     336
     335
     307
     257
     222
     220
     175
     166
     133
     138
     114
      90
      77
      83
      64
      53
      40
      40
      40
      36
      34
      20
      20
      17
      14
      16
      15
      20
      18
      23
      14
      15
      20
      23
      22
      23
      22
      17
      22
      25
      13
      19
      18
      13
      21
      25
      24
      18
      20
      22
      25
      19
      17
      22
      20
      12
      14
      12
      21
      26
      28
      30
      18
      25
      13
       9
      16
      20
      30
      23
      21
      26
      23
      22
      21
      20
      18
      16
      22
      12
      24
      19
      27
      24
      18
      13
      16
      21
      14
      25
      18
      27
      22
      25
      24
      22
      22
      21
      24
      26
      22
      19
      21
      27
      38
      17
      22
      20
      22
      17
      22
      27
      26
      22
      14
      28
      21
      23
      27
      28
      27
      34
      25
      30
      27
      25
      22
      31
      28
      18
      20
      28
      26
      30
      17
      28
      27
      35
      30
      27
      29
      33
      27
      36
      31
      23
      27
      27
      26
      19
      27
      23
      39
      38
      17
      25
      27
      22
      35
      26
      28
      31
      21
      31
      22
      31
      22
      29
      30
      24
      23
      29
      25
      34
      36
      26
      34
      28
      20
      21
      24
      26
      31
      27
      30
      32
      28
      25
      28
      31
      27
      31
      35
      27
      38
      34
      22
      29
      26
      30
      26
      32
      32
      38
      38
      28
      26
      20
      31
      27
      28
      29
      40
      26
      27
      19
      34
      28
      41
      31
      37
      36
      30
      27
      26
      32
      40
      26
      37
      35
      35
      31
      31
      25
      29
      27
      40
      26
      34
      30
      37
      33
      33
      25
      26
      27
      27
      32
      29
      32
      33
      33
      32
      17
      35
      30
      35
      34
      30
      21
      38
      34
      34
      26
      34
      37
      38
      55
      43
      31
      34
      34
      39
      32
      42
      44
      33
      34
      33
      32
      33
      33
      40
      34
      28
      39
      21
      28
      30
      24
      35
      35
      36
      33
      39
      33
      32
      32
      32
      41
      20
      27
      29
      32
      21
      40
      38
      33
      38
      32
      36
      31
      32
      27
      27
      34
      26
      33
      31
      36
      32
      34
      41
      34
      24
      24
      33
      29
      24
      27
      32
      31
      38
      29
      27
      25
      32
      17
      35
      34
      36
      31
      28
      37
      23
      31
      31
      29
      16
      35
      31
      35
      27
      39
      32
      30
      23
      27
      32
      40
      37
      32
      24
      36
      29
      28
      24
      38
      39
      35
      35
      36
      42
      29
      28
      38
      30
      38
      36
      25
      31
      21
      25
      29
      38
      35
      32
      36
      46
      36
      29
      32
      28
      31
      35
      38
      31
      39
      37
      39
      36
      34
      31
      27
      47
      43
      45
      32
      30
      32
      32
      38
      36
      39
      38
      48
      32
      46
      33
      33
      35
      44
      52
      35
      32
      36
      28
      35
      38
      29
      39
      34
      38
      37
      37
      45
      37
      42
      38
      52
      42
      43
      49
      39
      30
      40
      36
      41
      38
      46
      41
      36
      42
      42
      44
      47
      47
      44
      40
      46
      43
      43
      34
      49
      48
      47
      44
      50
      50
      46
      40
      53
      49
      36
      40
      42
      49
      53
      41
      56
      61
      51
      68
      62
      57
      59
      40
      58
      59
      57
      47
      55
      55
      48
      67
      53
      55
      51
      59
      60
      61
      56
      70
      53
      44
      60
      56
      52
      73
      58
      53
      62
      46
      51
      57
      44
      51
      43
      35
      35
      40
      38
      34
      22
      33
      24
      28
      34
      36
      31
      14
      25
      26
      19
      31
      16
      25
      15
      31
      27
      28
       9
      15
      14
      19
      20
      20
      18
      27
      23
      30
      21
      20
      25
      18
      22
      33
      31
      16
      18
      18
      19
      13
      25
      23
      26
      22
      20
      32
      28
      19
      21
      15
      20
      15
      13
      29
      15
      27
      26
      26
      34
      20
      42
      37
      37
      13
      15
      31
      23
      29
      33
      25
      38
      20
      28
      39
      31
      33
      29
      25
      26
      37
      36
      31
      28
      35
      31
      25
      33
      31
      35
      47
      18
      33
      34
      18
      21
      28
      22
      12
      28
      33
      17
      21
      27
      20
      14
      11
      11
      18
      17
       8
      13
      18
       8
      11
      24
       9
      11
       8
      16
      16
       8
      13
       9
      11
      13
      17
       9
       7
      10
       8
       5
       7
       5
      10
       6
       8
       6
       5
       9
       9
       5
       5
       6
       3
       6
       8
       5
       5
      11
       5
       9
       9
       6
       8
       7
       4
       8
       9
       7
       3
       2
       5
       6
       6
       2
       4
       5
       6
       8
       5
       8
       2
       5
      15
       6
      10
      10
      10
       7
       5
       9
       8
       6
       8
       4
       7
       9
       4
       8
       4
       8
      14
       7
       8
       6
      13
       5
       7
       8
       9
       8
      13
       8
       6
       3
       7
       7
      11
       7
       2
       6
      10
       6
       4
      10
       5
       7
       7
       5
       4
       3
       7
       4
       7
       9
      11
       6
       8
       7
       2
       6
       6
       6
       5
       4
       6
       6
       6
       4
       7
       2
       3
       7
       3
       5
       6
       6
      10
       4
       5
       5
       2
       3
       6
       2
       4
       3
       5
       4
       7
       4
       7
       3
       2
       2
       4
       1
       3
       0
       3
       3
       2
       8
       5
       2
       4
       4
       5
       2
       3
       3
       4
       2
       3
       5
       3
       3
       4
       6
       3
       2
       3
       4
       5
       5
       3
       5
       0
       2
       1
       0
       2
       3
       1
       4
       4
       5
       4
       0
       4
       2
       3
       7
       4
       4
       4
       5
       4
       3
       2
       2
       4
       4
       5
       1
       3
       4
       1
       6
       3
       2
       6
       4
       5
       4
       3
       6
       1
       6
       7
       6
       4
       4
       3
       5
       3
       4
       4
       0
       4
       7
       2
       0
       3
       3
       3
       4
       0
       2
       5
       3
       1
       6
       2
       7
       3
       8
       3
       1
       2
       6
       5
       4
       2
       3
       0
       5
       0
       4
       7
       1
       6
       7
       5
       1
       3
       5
       2
       1
       4
       6
       2
       1
       2
       6
       3
       6
       2
       2
       0
       3
       4
       4
       3
       6
       2
       3
       2
       6
       2
       4
       6
       2
       3
       2
       6
       1
       1
       2
       4
       4
       4
       2
       0
       2
       2
       2
       4
       0
       2
       4
       2
       2
       3
       2
       7
       0
       0
       0
       0
       0
       0
       0
       0
       0
       0
       0
       0
       0
       0
       0
       0
       0
       0
       0
       0
       0
       0
       0
       0
       0
       0
       0
       0
       0
       0
       0
       0
