       0
       0
       0
       0
       0
       0
       0
       0
       0
       0
       0
       0
       0
       0
       0
       0
       0
       0
       0
       0
       0
       0
       0
       0
       0
       0
       0
       0
       0
       0
       0
       0
       0
       0
       0
       0
       0
       0
       0
       0
       0
       0
       0
       0
       0
       0
       0
       0
       0
       2
      49
      60
      51
      61
      66
      48
      54
      56
      53
      48
      43
      55
      38
      63
      53
      54
      46
      45
      48
      47
      57
      42
      58
      46
      39
      43
      48
      57
      46
      49
      39
      39
      40
      39
      45
      47
      41
      43
      48
      43
      42
      29
      40
      58
      47
      42
      59
      51
      41
      45
      31
      39
      49
      45
      41
      38
      54
      44
      41
      43
      50
      49
      44
      39
      42
      40
      34
      33
      32
      38
      48
      37
      34
      46
      41
      41
      34
      32
      34
      40
      37
      36
      35
      26
      34
      47
      34
      32
      28
      34
      40
      35
      37
      29
      27
      29
      30
      34
      31
      33
      30
      37
      28
      25
      31
      32
      37
      30
      31
      27
      25
      25
      30
      26
      28
      29
      25
      26
      30
      33
      33
      25
      25
      26
      30
      29
      30
      21
      26
      28
      31
      27
      36
      26
      20
      24
      28
      21
      31
      30
      39
      19
      21
      26
      22
      24
      36
      21
      30
      26
      25
      34
      18
      16
      18
      23
      26
      26
      26
      21
      20
      23
      21
      26
      24
      19
      28
      31
      17
      17
      22
      24
      17
      27
      18
      30
      20
      17
      26
      21
      21
      22
      29
      20
      20
      18
      25
      23
      18
      14
      27
      19
      15
      15
      23
      16
      19
      19
      24
      20
      20
      21
      20
      20
      21
      19
      21
      24
      15
      19
      23
      12
      14
      16
      28
      30
      26
      22
      15
      26
      26
      16
      16
      20
      21
      21
      12
      23
      19
      26
      23
      12
      23
      23
      16
      20
      17
      19
      18
      17
      25
      21
      20
      17
      19
      17
      15
      18
      26
      18
      17
      15
      20
      18
      14
      18
      17
      15
      19
      21
      19
      17
      15
      20
      19
      21
      19
      15
      17
      21
      24
      14
      21
      19
      12
      13
      25
      17
      17
      19
      24
      20
      19
      13
      14
      14
      17
      16
      16
      15
      18
      22
      17
      12
      15
      25
      16
      12
      16
      14
      15
      17
      16
      18
      18
      24
      17
      14
       9
       9
      16
      16
      17
      24
      12
       7
      25
      16
      16
      18
      17
      21
      24
      11
      13
      15
      15
      22
      13
      16
      22
      15
      15
      18
      16
      14
      21
      17
      20
      20
      25
      18
      11
      19
      19
      15
      19
      12
      17
      12
      23
      18
      20
      14
      13
      15
      15
      16
      20
      17
      14
      10
      21
      16
      17
      17
      17
      11
      12
      15
      15
      14
      13
      19
      18
      11
      13
      15
       8
      15
      14
      21
      13
      16
      13
      14
      13
      11
      11
      14
      13
      19
      21
      20
       9
      17
      18
      14
      14
      21
      12
      14
      13
      20
      18
      16
      16
      18
      10
      12
      17
      11
      20
      17
      18
      19
      19
      10
      12
      13
      13
      12
      16
      14
      15
      20
      14
      13
      14
      11
      16
      10
      13
      16
      17
      10
      20
      15
      14
      14
      10
      19
      15
      15
      21
       9
      15
      18
      15
      16
      21
      15
      15
       7
      18
      16
      21
      13
       6
      13
      19
      15
       8
      16
      14
      20
      12
      18
      14
      17
      17
      12
      19
      15
      16
      16
      20
      16
      19
      16
      16
      19
      16
      20
      14
      16
      25
      16
      13
       8
      20
      16
      17
      18
      15
      16
      15
      11
      21
      18
      26
      14
      16
      11
      10
      18
      23
      18
      11
      12
      22
      26
      15
      18
      19
      21
      22
      25
      25
      21
      31
      27
      20
      26
      31
      36
      23
      35
      29
      36
      25
      30
      28
      45
      40
      29
      38
      42
      53
      45
      59
      50
      62
      58
      70
      72
      63
      81
      74
      92
      82
      88
      92
      81
      87
      97
      98
     116
      97
      97
      88
     104
      97
     101
      89
      78
      87
      66
      68
      63
      75
      35
      41
      51
      34
      36
      46
      40
      32
      33
      25
      21
      21
      32
      30
      24
      34
      25
      21
      28
      24
      35
      26
      32
      24
      28
      31
      31
      33
      31
      30
      35
      24
      29
      23
      25
      33
      35
      35
      24
      33
      34
      40
      46
      31
      33
      32
      46
      38
      41
      46
      52
      32
      58
      52
      49
      38
      36
      37
      44
      45
      46
      65
      52
      50
      53
      52
      64
      63
      60
      67
      53
      49
      78
      68
      73
      61
      56
      53
      61
      75
      59
      61
      66
      83
      63
      60
      80
      88
      76
      93
     106
     105
     103
     105
     108
      90
     105
     124
     100
     101
      95
      95
     114
      97
     112
     132
     112
     126
     128
     132
     105
     130
     122
     158
     138
     139
     132
     161
     149
     147
     156
     180
     171
     162
     176
     186
     183
     201
     201
     227
     221
     307
     309
     340
     351
     392
     486
     532
     647
     754
     888
    1068
    1329
    1509
    1776
    2095
    2492
    2817
    3176
    3368
    3600
    3914
    4219
    4384
    4609
    4891
    5066
    5376
    5748
    6073
    6356
    6580
    6877
    6858
    6897
    6895
    6739
    6582
    6015
    5560
    5194
    4732
    4195
    3661
    3240
    2885
    2544
    2230
    2001
    1700
    1492
    1344
    1059
     919
     666
     554
     497
     403
     310
     264
     214
     193
     174
     169
     146
     131
     125
      97
     114
     118
      94
     108
      92
     101
      99
     110
     111
      96
     105
     119
     127
     111
     103
     125
     125
     101
     103
     135
     148
     124
     145
     140
     150
     183
     146
     142
     174
     183
     177
     193
     189
     203
     216
     207
     211
     221
     280
     254
     291
     268
     303
     267
     332
     323
     359
     335
     395
     397
     366
     398
     425
     473
     513
     572
     611
     707
     860
     892
    1111
    1235
    1436
    1685
    1896
    2133
    2329
    2439
    2638
    2768
    2862
    2816
    2826
    2679
    2564
    2481
    2167
    2054
    1947
    1753
    1557
    1487
    1280
    1242
    1079
    1037
     993
    1001
     944
     907
     955
     938
     950
     960
     851
     907
     894
     800
     781
     799
     716
     657
     565
     526
     419
     406
     358
     327
     325
     250
     221
     199
     169
     131
     113
     108
      68
      63
      49
      53
      47
      41
      31
      40
      39
      37
      23
      36
      25
      26
      38
      24
      15
      27
      28
      15
      23
      27
      23
      18
      34
      18
      18
      33
      20
      24
      21
      17
      24
      24
      19
      23
      25
      18
      25
      17
      25
      18
      21
      17
      20
      18
      17
      20
      21
      25
      24
      25
      30
      29
      28
      16
      32
      20
      18
      27
      21
      17
      23
      24
      29
      28
      21
      21
      27
      17
      28
      30
      24
      25
      26
      23
      23
      23
      27
      23
      22
      24
      20
      29
      24
      20
      24
      18
      24
      16
      25
      28
      25
      23
      21
      17
      23
      15
      25
      27
      29
      32
      33
      47
      57
      53
      72
      91
     110
     129
     136
     160
     181
     196
     228
     243
     267
     273
     269
     297
     218
     228
     202
     202
     166
     150
     165
     126
     101
      93
      77
      81
      61
      61
      49
      34
      28
      34
      26
      10
      11
      13
       4
      12
       8
       5
       8
       7
       5
       6
       8
       5
       5
       4
       8
       5
       5
       0
       3
       5
       4
       4
      10
       3
       3
       7
       6
       2
       4
       6
       7
       5
       5
       6
       5
       6
       1
       7
       7
       4
       7
       3
       5
       3
       4
       7
       5
       3
       4
       5
       5
       6
       4
       4
       8
       6
       2
       6
       3
       4
       0
       8
       6
       0
       8
       6
       7
       3
       3
       6
       7
       6
       3
       7
       4
       5
       8
       9
       5
      12
       5
       4
      11
       4
       3
       4
       6
       5
       7
       9
       9
       6
       6
       9
       7
       7
       9
       5
       4
       9
       7
       6
       6
       5
       5
       7
       5
       5
      11
       4
       7
       5
       8
       8
       4
       5
      11
       9
       6
      11
       7
       6
      11
       3
       9
       7
       3
       7
       7
       8
       2
       6
       6
      14
       6
       7
       3
       9
       7
      13
       7
       7
       5
       4
       5
       4
       5
       6
       6
       5
       9
       8
       7
       4
       5
       8
       4
       3
       8
       7
       4
       9
       6
       3
       4
       9
      10
       2
       9
       5
       5
      10
       7
       7
      10
       6
      11
       6
      11
       4
       9
       5
       8
       5
       9
       6
       9
       9
       5
       5
      12
      12
      11
       8
       3
       8
      12
      11
       7
       5
       8
      11
      11
       9
       5
      10
      12
      16
       8
       9
       9
      14
       7
       9
      10
      12
       8
      12
       9
      10
       3
      12
       8
      13
       8
      14
       6
       7
       8
       5
       5
      11
       3
       7
      10
       9
       8
       9
       6
       5
       7
       7
      16
      15
      12
      13
       9
      16
      10
      14
      13
      13
      22
      17
      22
      15
      16
      12
      20
       8
      14
       9
       8
       8
      13
       7
       5
      11
       9
      14
       9
       9
       5
       7
       5
       5
      10
       4
       5
       6
       4
       6
       5
       8
       9
       7
      10
       4
       9
       9
       8
       4
       1
       7
       4
       5
      10
       8
       5
       7
       6
       6
       7
       5
      10
       9
      15
       9
       8
       5
       5
       4
       8
      10
       6
       4
      10
      14
       3
       7
       4
       6
       5
      10
       5
      11
      10
      12
       5
       7
       6
       4
       7
       4
      12
       5
       4
       5
       4
      12
      15
       6
      12
       5
       4
       6
       8
      10
       9
      12
       9
      10
       4
      11
       6
       6
       8
       7
       9
       5
       5
       8
       6
       9
       7
       6
       8
      13
       5
       4
      11
       6
       5
       8
      10
       5
       6
       5
       7
      10
       5
       4
       4
       9
       6
       4
       1
       5
       7
      10
       5
      10
      13
       8
       6
       9
       9
      10
      17
       6
       6
       9
      19
      13
       6
      15
      11
       8
      12
       8
      10
       7
       8
      10
       7
      10
       5
       8
       8
      11
      11
       8
       8
      12
      14
      14
      14
      13
       8
      10
      15
       8
      10
       8
      12
       9
      15
       5
      16
      11
       8
      10
      10
       5
       6
      12
       7
      10
      10
       8
      12
      10
       7
      15
      20
       5
      18
      13
      13
      10
       7
      10
      16
      14
      13
      10
      13
      17
      12
      15
      13
      10
      10
      18
      13
      13
       9
      13
       8
      14
       9
      12
      11
      14
      12
      10
      13
      12
       7
      16
      14
       8
       9
       7
      15
      14
      15
       8
       7
      14
       5
       8
       9
       3
       8
       4
       7
       7
       8
      13
      10
       6
      12
       5
       4
       6
      11
       4
       4
      10
       4
       5
       4
       7
       7
       5
       2
       4
      12
       5
       5
       5
       7
       7
       6
       4
       4
       8
       7
       7
       3
       5
       7
       5
      10
       6
       8
       5
       6
       4
       8
       7
       4
       6
       3
       8
       8
       5
       5
       7
       7
       6
       6
      13
       7
       9
       9
       5
      13
       8
      10
      10
      13
      10
       7
       4
       4
       5
       6
      10
       3
      11
       8
       9
       9
       8
       6
      12
       7
       7
      11
       6
       7
       7
      10
       9
       6
      12
       6
       8
      10
       5
       5
       5
       1
      10
       8
       5
       4
       9
       7
       6
       5
       9
       2
       8
       3
       5
       8
       2
       3
       6
       5
       6
       4
       1
       1
       5
       6
       4
       4
       2
       4
       3
       2
       8
       3
       4
       4
       5
       3
       1
       1
       3
       6
       5
       4
       6
       3
       3
       2
       3
       3
       3
       3
       3
       3
       0
       1
       2
       5
       2
       3
       1
       5
       2
       6
       4
       1
       4
       6
       6
       8
       5
       6
       2
       6
       2
       1
       2
       1
       4
       4
       5
      10
       1
       7
       3
       2
       2
       3
       4
       6
       5
       4
       3
       7
       5
       8
       3
       5
       3
       4
       3
       0
       6
       2
       2
       5
       1
       3
       4
       3
       2
       3
       2
       5
       4
       6
       0
       4
       4
       3
       2
       4
       1
       1
       0
       2
       3
       2
       1
       4
       5
       4
       3
       6
       5
       4
       4
       2
       8
       4
       4
       4
       4
       1
       4
       2
       6
       2
       0
       4
       5
       2
       1
       2
       3
       6
       2
       2
       4
       3
       4
       2
       2
       0
       3
       2
       2
       3
       3
       4
       4
       0
       0
       3
       5
       4
       3
       2
       4
       2
       5
       1
       3
       2
       5
       2
       2
       0
       4
       0
       2
       7
       1
       4
       5
       0
       3
       1
       2
       0
       2
       3
       0
       2
       2
       1
       5
       0
       2
       4
       3
       3
       3
       3
       4
       1
       2
       2
       2
       1
       2
       5
       1
       3
       3
       4
       1
       3
       3
       1
       2
       3
       4
       1
       2
       1
       2
       1
       4
       1
       2
       2
       2
       3
       3
       1
       2
       2
       1
       3
       2
       2
       0
       4
       1
       1
       3
       2
       0
       0
       2
       3
       4
       3
       3
       4
       2
       3
       3
       4
       5
       2
       4
       2
       5
       2
       3
       1
       1
       3
       0
       2
       0
       2
       0
       7
       4
       0
       7
       2
       2
       0
       3
       3
       2
       3
       2
       4
       2
       1
       2
       0
       1
       0
       3
       6
       1
       5
       4
       1
       0
       0
       3
       0
       2
       1
       4
       3
       4
       3
       1
       2
       3
       3
       2
       2
       1
       3
       4
       3
       1
       2
       2
       6
       2
       1
       1
       6
       0
       0
       0
       0
       0
       0
       0
       0
       0
       0
       0
       0
       0
       0
       0
       0
       0
       0
       0
       0
       0
       0
       0
       0
       0
       0
       0
       0
       0
       0
       0
       0
