       0
       0
       0
       0
       0
       0
       0
       0
       0
       0
       0
       0
       0
       0
       0
       0
       0
       0
       3
   19602
   87148
   69681
   55956
   43890
   34263
   25174
   16931
   10974
    6601
    3809
    2165
    1083
     603
     332
     194
     129
      88
     109
      74
      72
      60
      70
      73
      81
      72
      76
      63
      89
      64
      70
      66
      53
      68
      55
      72
      74
      66
      69
      60
      56
      64
      70
      53
      53
      45
      60
      62
      71
      71
      46
      49
      56
      55
      55
      51
      54
      53
      50
      64
      60
      58
      59
      57
      43
      56
      59
      51
      45
      46
      46
      52
      70
      48
      50
      49
      44
      41
      49
      37
      51
      51
      54
      54
      54
      52
      45
      37
      45
      43
      40
      36
      44
      39
      38
      51
      39
      40
      35
      46
      34
      39
      27
      44
      34
      46
      37
      48
      39
      43
      33
      38
      33
      36
      42
      39
      25
      25
      33
      47
      35
      28
      31
      40
      43
      34
      38
      37
      27
      42
      36
      47
      37
      24
      38
      26
      32
      45
      34
      33
      36
      40
      35
      29
      27
      26
      31
      36
      32
      21
      27
      24
      29
      32
      32
      29
      27
      27
      39
      36
      34
      40
      33
      38
      33
      28
      34
      40
      32
      35
      31
      37
      31
      33
      27
      34
      35
      23
      33
      34
      28
      28
      16
      38
      41
      33
      27
      26
      37
      36
      39
      29
      26
      27
      16
      20
      16
      30
      31
      33
      35
      22
      28
      22
      30
      30
      35
      33
      22
      25
      22
      26
      28
      25
      29
      23
      27
      23
      27
      28
      32
      25
      14
      33
      26
      29
      24
      29
      25
      29
      27
      35
      30
      20
      38
      28
      20
      32
      28
      33
      22
      25
      20
      27
      16
      30
      31
      31
      28
      24
      25
      30
      29
      25
      20
      35
      28
      28
      22
      25
      24
      30
      23
      26
      33
      31
      18
      21
      23
      35
      24
      35
      28
      26
      29
      33
      30
      20
      27
      24
      28
      18
      18
      25
      31
      20
      26
      31
      21
      30
      24
      25
      27
      19
      25
      26
      21
      24
      26
      24
      26
      22
      22
      21
      29
      22
      37
      17
      27
      28
      16
      25
      21
      16
      36
      19
      28
      21
      22
      19
      20
      18
      21
      24
      22
      17
      30
      35
      26
      18
      32
      23
      20
      27
      30
      24
      22
      20
      29
      28
      31
      22
      28
      28
      23
      21
      28
      32
      24
      28
      22
      22
      26
      39
      20
      27
      33
      36
      31
      22
      29
      25
      24
      32
      26
      30
      25
      23
      34
      29
      26
      27
      35
      32
      45
      30
      31
      33
      35
      37
      43
      34
      55
      39
      42
      51
      50
      51
      50
      53
      51
      61
      71
      75
      55
      69
      70
      75
      92
      67
      73
      76
      63
      70
      56
      46
      39
      40
      46
      32
      39
      32
      34
      29
      38
      37
      29
      26
      23
      34
      32
      34
      30
      32
      25
      29
      25
      27
      34
      41
      30
      29
      27
      29
      42
      36
      25
      30
      35
      38
      31
      25
      33
      45
      25
      40
      43
      56
      44
      42
      49
      45
      44
      39
      42
      56
      62
      47
      53
      61
      39
      64
      60
      54
      76
      80
      79
      91
      87
      85
      88
      91
      72
      74
      92
      82
      86
     103
      88
      83
      91
     106
      85
      85
     111
     105
      99
     107
     109
     139
     122
     134
     149
     179
     166
     185
     203
     210
     241
     317
     369
     493
     696
     851
    1104
    1406
    1697
    1953
    2228
    2386
    2550
    2672
    3119
    3395
    3788
    4157
    4456
    4436
    4421
    4228
    3784
    3281
    2821
    2434
    2046
    1808
    1456
    1230
    1073
     803
     622
     450
     384
     300
     211
     197
     165
     148
     149
     156
     128
     125
     141
     109
     130
     137
     129
     125
     122
     125
     169
     157
     177
     159
     165
     162
     190
     188
     219
     224
     233
     217
     259
     277
     294
     335
     291
     353
     375
     428
     434
     423
     469
     476
     517
     529
     581
     620
     742
     783
    1030
    1269
    1625
    2009
    2525
    3057
    3352
    3723
    3924
    3908
    3772
    3527
    3155
    2803
    2444
    2046
    1863
    1694
    1551
    1425
    1436
    1451
    1362
    1423
    1414
    1438
    1365
    1265
    1216
    1009
     906
     768
     680
     563
     458
     409
     349
     275
     229
     185
     137
     149
     120
      90
     102
      84
      77
      77
      85
      83
      59
      84
      70
      68
      64
      73
      62
      71
      67
      71
      62
      74
      63
      69
      67
      65
      78
      79
      63
      62
      59
      77
      63
      73
      67
      64
      67
      62
      87
      73
      81
      76
      79
      69
      61
      65
      73
      73
      90
      82
      78
      81
      75
      75
      62
      62
      71
      47
      69
      72
      70
      83
      77
      55
      88
      70
      60
      65
      96
      91
     129
     144
     160
     239
     299
     439
     499
     604
     763
     786
     765
     678
     671
     567
     457
     399
     364
     294
     275
     209
     186
     132
     102
      82
      65
      40
      29
      20
      28
      29
      23
      29
      21
      15
      12
      19
      15
      16
      11
      14
      12
      12
       8
      17
      12
      12
       6
      14
      11
       7
       9
      22
       5
      17
      13
      14
      15
      16
      10
      10
      11
      15
       4
      14
      15
      10
      14
      11
      19
      12
      23
      14
      18
      15
      15
      16
      11
      16
      15
      18
      11
      12
      14
      11
      16
      16
      14
      11
      15
      14
      10
       8
      27
      11
      15
      14
      25
      16
      20
      21
      17
      16
      13
      14
      18
      24
      15
      20
      16
      17
      13
      11
      10
      17
      14
      19
       7
      15
      19
      18
      11
      14
      20
      12
      16
      19
      22
      22
      24
      14
      15
      16
      20
      22
      16
      14
      20
      13
      18
      15
      19
      19
      15
      25
      21
      16
      17
      18
      16
      13
      23
      17
      14
      14
      28
      17
      23
      22
      10
      22
      20
      20
      21
      33
      36
      43
      46
      58
      71
      56
      55
      66
      67
      43
      48
      44
      37
      36
      41
      26
      19
      30
      26
      35
      35
      30
      19
      35
      29
      43
      47
      46
      69
      69
      87
      90
      81
      94
      75
      92
      65
      70
      47
      59
      43
      44
      21
      42
      26
      26
      25
      26
      26
      21
      21
      25
      19
      15
      16
      11
      17
      22
      21
      15
      22
      17
      17
      25
      20
      24
      20
      15
      10
      21
      13
      18
      19
       8
      20
      20
      15
      20
      14
      18
      18
      18
      16
      18
      17
       8
      19
      19
      12
      18
      15
      11
      14
      21
      25
      15
      18
      16
      15
      20
      15
      12
      20
      14
      11
      11
      17
      31
      11
      23
      15
      14
      22
      15
      21
      11
      18
      27
      23
      12
      23
      19
      12
      16
       9
      16
      22
      15
      25
      16
      22
      17
      15
      14
      13
      14
      20
      12
       9
      29
      16
      27
      21
      28
      26
      41
      33
      34
      39
      44
      51
      45
      42
      41
      43
      36
      38
      30
      33
      36
      35
      36
      21
      23
      17
      13
      15
      15
      16
      19
      12
      20
      16
      22
      15
      25
      25
      18
      25
      18
      22
      21
      21
      34
      25
      19
      27
      22
      20
      31
      27
      19
      21
      12
      17
      19
      13
      18
      20
      18
      20
      21
      26
      24
      19
      20
      25
      12
      18
      17
      18
      25
      18
      24
      25
      22
      17
      15
      19
      17
      16
      15
      11
      21
      16
      22
      20
      18
      14
      18
      18
      20
      15
      21
      12
      17
      18
      18
      13
      19
      23
      17
      17
      16
      13
      11
      19
      14
      14
      20
      20
      13
      18
      15
      10
      15
      12
      16
      15
      17
      12
      11
      21
      22
      16
      15
      18
      12
      18
      13
      21
      25
      19
      16
      15
       9
       9
      21
      11
      13
      10
      14
      19
       9
      18
      20
       9
      15
      22
      18
      17
       9
      10
      12
      27
      18
      13
      13
      16
      12
      20
      11
      16
      20
      19
      15
      14
      13
      13
      13
      13
      15
      22
      21
      16
      11
      18
      19
      17
      16
      23
      25
      19
      14
      15
      21
      18
      15
      16
      11
      15
      19
      21
      18
      15
      15
      18
      16
      13
      14
      12
      20
      16
      12
      15
      13
      13
      18
      15
      11
      19
      17
      21
      31
      21
      21
      21
      20
      23
      23
      26
      17
      14
      23
      17
      23
      21
      18
      13
       9
      11
      23
      14
      18
      16
      22
      17
      19
      19
      13
       9
      15
       9
      19
      15
      19
      14
      22
      13
      15
      12
      18
      22
      16
      17
      16
      16
      15
      19
      15
      13
      16
      12
      16
      16
      14
      13
      24
      13
      18
      12
      25
      29
      15
      13
      24
      16
      17
      14
       8
      10
      12
      16
      17
      11
      16
      11
       7
      21
      17
      17
      21
      21
      15
      24
      17
      18
      14
      18
      12
      10
      11
      12
      14
      17
      17
      16
      27
      19
      24
      17
      19
      25
      17
      26
      14
      12
      17
      11
       9
      22
      19
      18
      23
      19
      22
      12
      19
      20
      16
      16
      18
      22
      15
      20
      19
      13
      12
      22
      18
      18
       9
      15
      24
      19
      15
      20
      19
      10
      16
      17
      10
      19
      24
      18
      12
      16
      14
      17
      19
      21
      13
       9
      18
      16
      18
      17
      12
      20
      16
      16
      19
      13
      14
      13
      21
      12
      13
      15
      12
      21
       9
      18
      20
      16
      15
      17
      19
      20
      26
      22
      20
      22
      14
      20
      22
      12
      16
      11
      18
      19
      20
      15
      14
      11
      13
      12
      18
      21
      19
      23
      18
      18
      15
      25
      10
      17
      19
      17
      11
      19
      12
      26
      21
      16
      19
      12
      15
      16
      23
      12
      27
      19
      18
      16
      12
      11
      17
      14
      17
      15
      18
      12
      17
      15
      19
      23
      16
      28
      15
       9
      16
      23
      21
      16
      21
      18
      18
      25
      24
      26
      17
      19
      17
      16
      17
      19
      10
      15
      13
      26
      20
      23
      21
      20
      20
      17
      16
      17
      20
      19
      18
      13
      18
      20
      16
      21
      19
      15
      16
      15
      17
      24
      20
      24
      12
      22
      21
      28
      18
      30
      27
      24
      25
      28
      20
      27
      20
      18
      17
      20
      20
      20
      18
      12
      16
      27
      18
      10
      10
      17
      15
      20
      12
      13
      16
      13
      14
      22
      29
      22
      14
      21
      21
      16
      16
      18
      19
      18
      18
      25
      12
      14
      23
      15
      26
      29
      22
       9
      13
      16
      14
      21
      20
      16
      23
      18
      18
      18
      23
      12
      22
      18
      19
      13
      18
      18
      12
      15
      17
      19
      14
      22
      13
      20
      21
       9
      15
      16
      15
      20
      23
      22
      18
      17
      24
      18
      14
      13
      18
      24
      11
       8
      19
      20
      19
      18
      15
      21
      18
      14
      13
      14
      14
      18
      14
      10
      23
      11
      18
      31
      15
      24
      17
      21
      16
      18
      25
      12
      18
      17
      15
      25
      21
      22
      19
      12
      15
      14
      19
      16
      21
      18
      21
      16
      15
      19
      24
      23
      19
      23
       9
      15
      16
      15
      21
      16
      14
      14
      16
      19
      22
      24
      18
      14
      14
      28
      26
      19
      16
      20
      15
      13
      13
      20
      22
      18
      14
      18
      12
      24
      18
      20
      16
      14
      17
      19
      13
      17
      25
      16
      17
      18
      15
      21
      17
      14
      20
      14
      21
      19
      17
      19
      18
      20
      18
      12
      18
      21
      22
      19
      20
      20
      21
      17
      18
      18
      22
      20
      18
      12
      20
      15
      15
      17
      21
      16
      10
      25
      23
      21
      12
      18
      13
      24
      23
      16
      26
      22
      17
      14
      16
      17
      11
      24
      15
      18
      13
      16
       9
      19
      18
      15
      23
      15
      23
      18
      15
      15
      16
      21
      22
      23
      20
      21
      24
      18
      23
      30
      17
      29
      27
      24
      28
      17
      26
      16
      17
      19
      17
      21
      15
      22
      26
      19
      14
      21
      24
      17
      18
      21
      19
      23
      15
      21
      19
      21
      18
      20
      20
      21
      19
      25
      27
      22
      18
      28
      18
      17
      15
      24
      21
      21
      13
      13
      19
      16
      12
      13
      23
      16
      22
      19
      12
      18
      13
      14
      18
      20
      21
      16
      17
      14
      16
      17
      16
      22
      15
      19
      17
      24
      19
      19
      14
      10
      16
      18
      18
      22
      19
      10
      18
      18
      16
      21
      20
      16
      21
      20
      14
      15
      21
      18
      13
      19
      21
      16
      18
      13
      15
      13
      22
      11
      16
      25
      10
      12
      21
      25
      15
      19
      18
      19
      26
      24
      22
      16
      14
      23
      19
      22
      18
      15
      12
      15
      14
      18
      23
      20
      18
      15
      19
      20
      20
      20
      22
      17
      30
      14
      23
      15
      17
      11
      14
      22
       8
      21
      16
      14
      17
      26
      16
      24
      16
      13
      19
      22
      22
      23
      16
      16
      20
      24
      10
      11
      20
      18
      25
      15
      17
      20
      14
      15
      12
      20
      21
      19
      15
      21
      21
      19
      19
      21
      21
      15
      20
      16
      24
      20
      14
      19
      17
      18
      20
      19
      18
      18
      19
      11
      29
      19
      13
      25
      18
      10
      22
      14
      20
      16
      15
      19
      23
      22
      20
      14
      19
      19
      18
      25
      17
      14
      20
      19
      17
      22
      20
      18
      13
      15
      21
      22
      18
      19
      10
      13
      18
      18
      13
      14
      14
      21
      20
      18
       0
       0
       0
       0
       0
       0
       0
       0
       0
       0
       0
       0
       0
       0
       0
       0
       0
       0
       0
       0
       0
       0
       0
       0
       0
       0
       0
       0
       0
       0
       0
       0
