$SPEC_ID:
No sample description was entered.
$SPEC_REM:
DET# 2
DETDESC# JLAB-20 MCB 129
AP# Maestro Version 7.01
$DATE_MEA:
02/09/2016 16:47:44
$MEAS_TIM:
165 318
$DATA:
0 2047
       0
       0
       0
       0
    2987
   94832
 2556125
  666176
  725192
  660969
  577758
  515108
  457793
  392434
  322875
  260162
  203658
  156725
  119017
   91224
   70034
   54505
   43247
   34162
   27100
   21614
   17510
   13927
   10830
    8218
    6235
    4747
    3614
    2698
    2089
    1605
    1244
    1043
     970
     835
     774
     735
     704
     651
     646
     706
     672
     625
     669
     627
     599
     579
     600
     632
     570
     613
     563
     567
     576
     561
     539
     521
     582
     549
     534
     571
     540
     511
     524
     520
     468
     505
     483
     513
     467
     523
     471
     554
     484
     509
     462
     442
     457
     457
     498
     471
     478
     475
     493
     470
     453
     445
     418
     466
     434
     450
     412
     435
     395
     450
     482
     458
     439
     420
     398
     421
     413
     424
     436
     433
     426
     419
     422
     399
     410
     411
     372
     438
     417
     408
     387
     434
     410
     429
     409
     415
     414
     422
     424
     385
     377
     417
     423
     442
     406
     453
     402
     399
     376
     442
     441
     399
     454
     413
     457
     435
     426
     444
     411
     380
     381
     391
     383
     429
     414
     458
     403
     405
     416
     388
     460
     418
     379
     410
     439
     433
     394
     391
     414
     421
     458
     430
     412
     390
     404
     381
     389
     450
     439
     381
     396
     420
     419
     427
     421
     420
     371
     409
     414
     356
     375
     361
     398
     426
     410
     409
     430
     419
     448
     405
     429
     390
     387
     421
     407
     434
     425
     403
     427
     395
     428
     414
     434
     434
     421
     403
     467
     447
     445
     446
     455
     420
     442
     445
     419
     464
     488
     474
     476
     486
     508
     477
     494
     512
     521
     529
     553
     513
     547
     550
     574
     567
     610
     631
     655
     567
     612
     626
     672
     660
     612
     668
     686
     719
     711
     755
     760
     727
     814
     768
     804
     818
     889
     873
     889
     948
     971
    1011
    1078
    1050
    1131
    1189
    1275
    1216
    1259
    1232
    1369
    1526
    1451
    1643
    1768
    1892
    2084
    1925
    2109
    2168
    2042
    2025
    2016
    1856
    1726
    1495
    1443
    1435
    1235
    1074
     958
     871
     816
     734
     696
     622
     598
     551
     544
     453
     494
     456
     413
     452
     437
     451
     448
     434
     406
     450
     440
     451
     487
     470
     517
     522
     519
     534
     561
     607
     575
     603
     626
     638
     624
     668
     750
     704
     722
     799
     857
     844
     915
     980
     963
    1016
    1062
    1007
    1050
    1053
    1059
    1096
    1126
    1135
    1149
    1139
    1182
    1254
    1260
    1265
    1302
    1335
    1374
    1454
    1436
    1540
    1621
    1668
    1757
    1961
    1998
    2111
    2228
    2410
    2534
    2755
    2903
    3149
    3370
    3418
    3628
    3985
    4097
    4267
    4405
    4579
    4896
    4824
    5223
    5450
    5766
    6012
    6230
    6450
    6709
    6760
    7175
    7511
    7565
    7973
    8172
    8406
    8915
    9081
    9379
   10107
   10539
   11189
   11837
   12761
   13746
   14884
   16197
   18201
   20570
   22884
   26190
   29285
   32931
   37086
   40467
   43338
   45983
   47728
   48580
   47340
   46094
   43512
   40023
   36490
   32792
   28902
   24975
   21798
   18516
   16045
   13359
   11184
    9500
    7521
    6284
    4992
    4122
    3471
    3041
    2770
    2470
    2297
    2122
    2182
    2027
    2091
    2080
    1986
    2080
    2065
    2014
    2227
    2252
    2332
    2400
    2461
    2676
    2659
    2862
    2931
    3159
    3430
    3580
    3840
    4249
    4900
    5480
    6209
    7159
    8139
    8873
    9866
   10708
   10929
   11115
   11189
   10402
    9980
    9406
    8704
    8273
    7496
    7031
    6772
    6157
    5688
    5178
    4585
    4069
    3628
    3188
    2673
    2375
    1981
    1707
    1438
    1312
    1094
     918
     818
     710
     602
     510
     474
     432
     429
     393
     340
     328
     318
     323
     288
     293
     306
     305
     268
     302
     318
     286
     285
     299
     279
     256
     319
     275
     261
     266
     298
     254
     251
     273
     328
     287
     306
     289
     274
     268
     286
     283
     289
     278
     303
     292
     277
     319
     292
     287
     304
     306
     313
     311
     297
     292
     291
     300
     306
     281
     291
     307
     317
     283
     322
     297
     283
     300
     312
     297
     316
     275
     290
     308
     284
     307
     295
     324
     324
     326
     310
     322
     364
     316
     349
     385
     335
     334
     337
     375
     377
     361
     336
     379
     392
     360
     349
     366
     366
     350
     371
     350
     358
     350
     374
     388
     380
     382
     364
     418
     387
     374
     355
     366
     364
     398
     392
     364
     335
     384
     367
     407
     344
     362
     367
     404
     391
     357
     413
     399
     376
     375
     379
     382
     385
     375
     419
     390
     371
     420
     419
     392
     394
     380
     404
     369
     422
     411
     377
     382
     424
     387
     417
     399
     389
     426
     395
     424
     412
     428
     408
     427
     433
     420
     462
     399
     379
     424
     430
     448
     420
     428
     442
     456
     457
     440
     473
     471
     482
     474
     467
     482
     455
     490
     493
     503
     460
     491
     498
     488
     513
     507
     492
     600
     481
     554
     571
     561
     549
     600
     617
     597
     628
     656
     723
     673
     685
     674
     659
     673
     699
     701
     740
     762
     850
     868
     889
    1001
    1112
    1162
    1308
    1484
    1539
    1568
    1610
    1564
    1488
    1519
    1383
    1340
    1228
    1091
    1043
     890
     815
     788
     740
     672
     638
     517
     552
     509
     451
     502
     444
     473
     414
     403
     464
     446
     442
     432
     477
     417
     420
     403
     451
     416
     471
     445
     478
     479
     440
     457
     480
     412
     498
     499
     484
     476
     445
     485
     467
     489
     410
     473
     475
     431
     466
     492
     497
     466
     481
     486
     505
     507
     466
     517
     547
     516
     497
     530
     572
     546
     571
     587
     577
     603
     639
     637
     590
     669
     659
     675
     667
     665
     678
     724
     713
     757
     720
     785
     771
     760
     764
     833
     777
     843
     820
     842
     863
     837
     905
     884
     926
     945
     909
    1043
    1119
    1103
    1217
    1256
    1306
    1393
    1507
    1562
    1718
    1743
    1783
    1758
    1845
    1816
    1784
    1752
    1715
    1563
    1565
    1474
    1342
    1270
    1149
    1096
    1008
     952
     944
     849
     884
     834
     761
     765
     736
     724
     707
     729
     672
     723
     721
     723
     748
     720
     702
     701
     697
     726
     703
     733
     773
     702
     736
     756
     786
     773
     762
     800
     856
     809
     913
     885
     959
     967
     944
    1062
    1022
    1102
    1080
    1065
    1107
    1121
    1093
    1142
    1074
    1003
    1043
     948
     919
     886
     883
     897
     802
     811
     735
     705
     708
     691
     640
     603
     578
     579
     596
     563
     554
     595
     547
     491
     515
     533
     537
     502
     501
     529
     534
     507
     514
     496
     548
     557
     504
     510
     517
     529
     519
     558
     527
     572
     557
     583
     547
     609
     581
     572
     589
     578
     566
     629
     588
     560
     620
     548
     615
     587
     606
     584
     617
     603
     600
     571
     571
     601
     574
     590
     596
     579
     583
     510
     542
     531
     559
     565
     568
     537
     539
     547
     543
     588
     569
     550
     580
     557
     610
     573
     611
     612
     623
     633
     588
     601
     580
     622
     619
     605
     592
     641
     526
     588
     559
     568
     556
     573
     597
     583
     601
     604
     606
     579
     639
     639
     657
     655
     675
     758
     681
     780
     697
     710
     714
     734
     680
     661
     683
     631
     732
     678
     643
     626
     653
     668
     640
     635
     653
     634
     654
     661
     665
     655
     716
     698
     736
     783
     780
     762
     778
     771
     861
     938
     907
     898
     975
    1042
     996
    1094
    1198
    1176
    1169
    1312
    1368
    1401
    1466
    1512
    1574
    1725
    1811
    1859
    2015
    2083
    2241
    2295
    2633
    2736
    3040
    3174
    3389
    3642
    3803
    4122
    4282
    4456
    4755
    4918
    5003
    5238
    5539
    5852
    6510
    7062
    7971
    9208
   10665
   12077
   13696
   15572
   17089
   18362
   19216
   19614
   19306
   18324
   17605
   16093
   14509
   12867
   11364
    9836
    8791
    7284
    6161
    5079
    4141
    3442
    2685
    2098
    1659
    1305
    1037
     889
     754
     650
     591
     481
     441
     427
     365
     358
     386
     379
     305
     353
     372
     329
     350
     401
     349
     411
     378
     385
     372
     323
     362
     408
     417
     337
     384
     387
     368
     363
     330
     352
     357
     347
     351
     333
     323
     353
     339
     313
     301
     279
     324
     301
     261
     309
     293
     308
     249
     268
     277
     273
     261
     270
     260
     266
     250
     264
     286
     320
     273
     279
     261
     296
     283
     306
     281
     279
     260
     295
     282
     275
     278
     281
     309
     313
     304
     287
     301
     271
     291
     308
     293
     295
     276
     295
     245
     255
     280
     265
     281
     295
     250
     253
     275
     280
     276
     236
     249
     284
     255
     259
     260
     265
     237
     261
     279
     281
     270
     257
     279
     266
     268
     307
     261
     245
     299
     291
     287
     316
     300
     300
     288
     276
     282
     287
     306
     308
     289
     291
     346
     293
     303
     292
     300
     316
     283
     321
     310
     333
     287
     281
     299
     301
     294
     294
     291
     313
     287
     313
     264
     300
     282
     290
     296
     300
     325
     286
     277
     276
     302
     280
     279
     278
     273
     285
     279
     297
     281
     261
     298
     274
     292
     318
     329
     298
     304
     283
     302
     287
     308
     291
     301
     307
     274
     323
     298
     326
     290
     305
     322
     293
     279
     294
     285
     327
     296
     298
     300
     297
     314
     291
     318
     271
     263
     292
     308
     330
     284
     280
     279
     299
     290
     327
     303
     303
     293
     301
     290
     294
     258
     284
     294
     283
     315
     296
     274
     315
     313
     302
     310
     289
     317
     264
     312
     293
     312
     293
     315
     297
     325
     318
     309
     309
     288
     333
     314
     298
     301
     318
     318
     343
     324
     335
     331
     306
     318
     333
     317
     310
     332
     350
     316
     369
     316
     346
     367
     319
     321
     355
     317
     307
     365
     319
     313
     274
     317
     303
     294
     324
     300
     341
     281
     302
     350
     338
     323
     298
     285
     287
     322
     333
     329
     320
     302
     323
     305
     328
     305
     323
     310
     299
     315
     309
     297
     294
     352
     303
     314
     326
     336
     307
     334
     297
     343
     318
     317
     330
     329
     344
     327
     342
     327
     301
     332
     360
     308
     317
     329
     343
     301
     323
     337
     331
     319
     359
     341
     342
     327
     313
     368
     327
     345
     361
     396
     371
     343
     357
     357
     402
     359
     406
     378
     407
     389
     384
     399
     447
     397
     425
     445
     439
     462
     418
     495
     489
     508
     508
     497
     527
     544
     590
     547
     542
     556
     585
     622
     635
     636
     688
     615
     736
     726
     710
     743
     687
     779
     785
     882
     926
     982
    1034
    1029
    1142
    1225
    1165
    1306
    1343
    1394
    1353
    1294
    1322
    1209
    1197
    1090
     949
     853
     845
     703
     658
     595
     539
     519
     447
     400
     408
     367
     343
     309
     335
     300
     263
     290
     300
     262
     287
     293
     307
     310
     303
     292
     331
     338
     359
     289
     345
     305
     313
     360
     343
     366
     322
     352
     346
     360
     359
     366
     444
     394
     468
     457
     456
     480
     487
     496
     524
     437
     462
     468
     416
     432
     425
     383
     362
     344
     352
     343
     322
     331
     284
     280
     304
     290
     275
     264
     257
     217
     220
     246
     239
     235
     232
     239
     227
     216
     234
     237
     241
     231
     207
     218
     216
     214
     210
     210
     243
     263
     253
     183
     216
     198
     218
     248
     216
     235
     254
     231
     216
     232
     199
     221
     209
     243
     211
     213
     228
     249
     217
     212
     223
     215
     220
     218
     193
     262
     210
     211
     228
     263
     217
     211
     222
     224
     213
     209
     227
     226
     228
     249
     230
     211
     216
     205
     221
     195
     249
     274
     223
     244
     222
     241
     216
     218
     244
     217
     238
     216
     216
     215
     251
     221
     221
     250
     246
     226
     240
     232
     233
     240
     218
     226
     230
     227
     234
     231
     229
     219
     252
     229
     234
     234
     236
     231
     259
     218
     223
     211
     214
     238
     253
     221
     231
     224
     250
     210
     222
     269
     229
     233
     271
     249
     214
     237
     222
     252
     234
     216
     223
     227
     233
     251
     237
     220
     222
     223
     223
     231
     233
     233
     233
     246
     215
     242
     209
     265
     238
     233
     244
     221
     232
     220
     239
     232
     244
     230
     198
     214
     233
     239
     243
     272
     219
     264
     245
     211
     264
     237
     228
     245
     240
     236
     241
     210
     248
     217
     256
     274
     248
     220
     241
     245
     243
     254
     241
     247
     284
     220
     210
     240
     240
     238
     261
     276
     225
     257
     258
     244
     233
     258
     248
     232
     240
     234
     245
     225
     274
     247
     265
     250
     228
     258
     240
     236
     255
     259
     277
     272
     289
     273
     297
     253
     291
     293
     262
     320
     292
     283
     264
     284
     273
     249
     297
     235
     253
     247
     246
     238
     238
     258
     264
     253
     305
     229
     274
     262
     224
     263
     212
     224
     226
     252
     244
     268
     217
     255
     247
     255
     259
     260
     252
     233
     254
     269
     241
     280
     234
     235
     262
     265
     262
     248
     242
     241
     269
     270
     271
     287
     244
     305
     271
     266
     236
     270
     231
     259
     258
     266
     265
     260
     271
     241
     261
     287
     243
     255
     267
     266
     243
     267
     277
     256
     257
     261
     249
     256
     258
     264
     270
     276
     270
     261
     260
     231
     274
     295
     278
     279
     251
     268
     272
     276
     281
     240
     264
     279
     293
     272
     293
     263
     275
     285
     288
     269
     279
     276
     300
     283
     281
     277
     267
     262
     256
     290
     266
     254
     287
     295
     287
     273
     271
     277
     255
     262
     299
     278
     253
     243
     290
     248
     270
     282
     266
     270
     268
     273
     277
     271
     260
     259
     251
     263
     241
     271
     260
     307
     285
     257
     274
     271
     267
     240
     265
     239
     262
     278
     275
     270
     275
     284
     280
     226
     287
     283
     295
     279
     289
     275
     269
     265
     286
     251
     265
     266
     259
     252
     259
     291
     308
     295
     274
     282
     286
     287
       0
       0
       0
       0
       0
       0
       0
       0
       0
       0
       0
       0
       0
       0
       0
       0
       0
       0
       0
       0
       0
       0
       0
       0
       0
       0
       0
       0
       0
       0
       0
       0
$ROI:
0
$PRESETS:
Live Time
300
0
$ENER_FIT:
0.000000 1.164009
$MCA_CAL:
3
0.000000E+000 1.164009E+000 0.000000E+000 keV
$SHAPE_CAL:
3
0.000000E+000 0.000000E+000 0.000000E+000
