$SPEC_ID:
No sample description was entered.
$SPEC_REM:
DET# 2
DETDESC# JLAB-20 MCB 129
AP# Maestro Version 7.01
$DATE_MEA:
02/09/2016 16:21:59
$MEAS_TIM:
300 447
$DATA:
0 2047
       0
       0
       0
       1
    5746
  155576
 4393674
 1202551
 1326896
 1222608
 1059355
  904880
  742166
  575374
  426129
  309835
  222247
  161222
  118048
   87512
   66478
   50105
   38533
   29511
   22886
   16299
   11678
    7753
    5029
    3013
    1902
    1158
     792
     572
     418
     392
     373
     360
     343
     369
     331
     336
     277
     267
     333
     274
     277
     279
     276
     244
     267
     243
     272
     255
     252
     247
     232
     240
     220
     244
     232
     262
     223
     225
     213
     224
     221
     208
     196
     227
     234
     234
     212
     223
     271
     262
     279
     326
     359
     455
     524
     707
     742
     905
    1061
    1191
    1287
    1223
    1220
    1258
    1250
    1304
    1400
    1671
    1884
    2347
    2825
    3573
    4276
    4962
    5381
    5411
    5534
    5068
    4681
    4182
    3750
    3160
    2816
    2423
    2231
    1877
    1574
    1411
    1228
     983
     799
     720
     629
     547
     535
     501
     515
     510
     672
     711
     815
    1037
    1094
    1303
    1365
    1427
    1392
    1257
    1241
    1116
    1074
     904
     849
     731
     642
     570
     526
     426
     397
     338
     285
     246
     246
     203
     185
     170
     179
     157
     172
     160
     151
     152
     153
     153
     142
     168
     132
     138
     142
     136
     152
     143
     173
     140
     153
     141
     150
     141
     171
     150
     167
     162
     127
     143
     155
     143
     161
     144
     157
     182
     140
     134
     155
     157
     168
     192
     172
     157
     172
     178
     208
     195
     205
     229
     204
     227
     264
     237
     252
     260
     271
     278
     340
     317
     349
     405
     439
     490
     560
     673
     764
     866
    1022
    1145
    1426
    1708
    2097
    2571
    3501
    4382
    6118
    8458
   11581
   16607
   22212
   29155
   37191
   44590
   50460
   54203
   55401
   54563
   50574
   46140
   40098
   35444
   30342
   26190
   22688
   19240
   15997
   13403
   10575
    8175
    6320
    4811
    3678
    2955
    2666
    2653
    2735
    3166
    4025
    5286
    6939
    8681
   10333
   12122
   13660
   14006
   14263
   13878
   13135
   11980
   10677
    9518
    8286
    7233
    6203
    5235
    4407
    3545
    2827
    2297
    1723
    1284
     959
     690
     545
     405
     293
     220
     177
     148
     131
     106
      82
      79
      59
      65
      61
      59
      61
      63
      55
      63
      61
      56
      61
      66
      68
      47
      56
      60
      69
      54
      62
      55
      44
      69
      60
      63
      70
      60
      47
      56
      69
      55
      64
      78
      73
      66
      71
      80
      95
      67
      67
      92
      94
      84
      87
      95
      99
      93
      93
      90
      90
      77
      97
      92
      77
     105
      90
     102
      82
      87
      86
      94
      74
      87
     104
      98
     103
      77
      94
      90
      81
      85
     102
      99
      97
      86
      75
      95
      82
     105
      81
      88
      81
      80
      71
      81
      74
      83
      84
      88
      73
      73
      84
      59
      69
      84
      73
      87
      85
      80
      70
      74
      87
      75
      64
      66
      89
      91
      93
      92
      72
      82
      86
      77
      83
      86
      98
      85
      80
      75
      57
      77
      81
      80
      88
      82
      81
      81
      76
      92
      74
      68
      94
      90
      84
      85
      84
      93
      91
     103
      80
      97
      84
      88
      89
      83
      97
      95
      88
     101
      72
      91
      91
      84
      82
      97
      95
      95
     122
     106
     118
     133
      90
      87
      98
      95
     107
     111
     122
     130
     136
     105
     134
     140
     134
     119
     153
     169
     152
     135
     159
     136
     141
     140
     108
     102
     107
     106
     110
      86
      87
      75
      84
      90
      94
      89
      85
      68
      74
      98
      82
      84
      85
     105
      90
      92
     115
      99
     114
      99
      95
      97
      82
     124
     107
      89
      85
      87
      88
      81
      77
      90
      81
      80
      75
      75
      78
      73
      79
      70
      81
      75
      94
      85
      86
      84
      79
      77
      88
      82
      93
     102
      88
      96
      92
      91
      79
      92
     103
      98
      86
      88
      84
     100
      82
     110
      81
      86
      81
     101
      77
      99
      73
     107
      93
     110
      93
      90
      95
     106
     111
     111
     109
     103
     130
     102
     126
     107
      97
     110
     110
     117
     132
     141
     123
     132
     128
     134
     133
     169
     153
     159
     138
     159
     172
     183
     190
     157
     189
     207
     180
     181
     188
     165
     214
     234
     204
     225
     248
     229
     259
     237
     289
     266
     292
     280
     282
     306
     355
     317
     285
     333
     325
     377
     395
     385
     425
     399
     369
     449
     465
     479
     444
     474
     506
     490
     536
     570
     580
     589
     597
     623
     665
     681
     680
     685
     806
     778
     831
     761
     876
     856
     927
     904
     978
     992
    1106
    1139
    1216
    1277
    1389
    1435
    1510
    1601
    1743
    1773
    1869
    1971
    2070
    2182
    2362
    2424
    2417
    2448
    2476
    2732
    2682
    2721
    2790
    2809
    2655
    2657
    2667
    2648
    2591
    2479
    2401
    2289
    2272
    2119
    2103
    1971
    1869
    1801
    1719
    1644
    1571
    1437
    1376
    1399
    1275
    1281
    1240
    1132
    1127
    1079
    1036
    1068
     972
     971
     903
     896
     875
     869
     877
     786
     788
     765
     801
     753
     804
     707
     734
     733
     710
     665
     638
     668
     673
     655
     654
     614
     635
     623
     613
     652
     611
     623
     575
     575
     573
     561
     490
     557
     523
     552
     520
     521
     510
     505
     519
     528
     557
     532
     482
     533
     495
     513
     478
     512
     491
     519
     485
     504
     483
     479
     514
     493
     466
     444
     436
     438
     444
     439
     455
     417
     446
     415
     400
     431
     448
     398
     373
     383
     354
     365
     355
     359
     377
     334
     329
     335
     327
     324
     342
     327
     320
     328
     329
     347
     334
     345
     386
     414
     423
     490
     577
     759
     990
    1361
    1727
    2182
    2828
    3456
    4075
    4525
    4879
    4928
    4634
    4485
    4117
    3705
    3213
    2793
    2293
    1953
    1751
    1441
    1131
     931
     756
     588
     435
     265
     227
     174
     132
      97
      84
      63
      51
      43
      46
      40
      38
      31
      43
      34
      23
      34
      34
      42
      40
      41
      36
      27
      32
      31
      39
      41
      32
      25
      40
      31
      35
      38
      43
      26
      37
      37
      38
      37
      36
      36
      38
      39
      34
      45
      30
      32
      30
      43
      36
      30
      34
      42
      47
      38
      36
      42
      28
      34
      38
      40
      42
      38
      40
      41
      45
      45
      45
      43
      36
      39
      39
      51
      40
      39
      48
      44
      41
      37
      39
      55
      53
      49
      66
      63
      48
      52
      51
      39
      48
      55
      42
      57
      46
      46
      52
      42
      32
      37
      34
      42
      41
      30
      36
      39
      46
      34
      31
      30
      32
      39
      35
      35
      45
      39
      38
      24
      40
      43
      31
      32
      33
      35
      34
      34
      26
      30
      29
      36
      35
      29
      33
      24
      29
      32
      29
      30
      33
      39
      32
      27
      32
      34
      33
      30
      38
      29
      40
      31
      31
      40
      28
      41
      37
      44
      29
      50
      41
      52
      68
      59
      61
      86
      68
      77
      75
      73
      66
      75
      69
      58
      50
      59
      57
      57
      61
      47
      49
      39
      42
      40
      52
      61
      59
      47
      40
      55
      70
      66
      84
      75
     101
     101
     104
     125
      86
     102
      91
     102
      88
      84
      70
      62
      62
      65
      68
      52
      45
      53
      45
      51
      39
      49
      50
      45
      38
      47
      51
      42
      47
      42
      25
      45
      43
      36
      34
      25
      40
      34
      29
      23
      29
      30
      29
      23
      25
      25
      33
      22
      26
      20
      41
      37
      31
      36
      18
      27
      35
      23
      28
      26
      27
      27
      20
      23
      22
      24
      35
      20
      24
      35
      23
      21
      23
      23
      19
      23
      24
      21
      18
      27
      25
      22
      22
      18
      15
      17
      27
      19
      17
      21
      24
      21
      26
      27
      21
      21
      18
      22
      19
      27
      27
      19
      20
      20
      22
      27
      17
      25
      18
      21
      21
      24
      25
       7
      18
      16
      19
      27
      30
      13
      25
      13
      21
      19
      26
      32
      37
      40
      22
      36
      36
      48
      43
      43
      43
      48
      46
      47
      52
      48
      43
      55
      51
      50
      37
      36
      27
      40
      34
      24
      28
      24
      24
      24
      13
      28
      19
      18
      19
      27
      22
      27
      28
      23
      29
      27
      31
      29
      34
      26
      34
      29
      26
      26
      33
      36
      15
      21
      17
      25
      26
      27
      26
      25
      12
      25
      25
      21
      11
      27
      18
      21
      26
      22
      17
      21
      22
      16
      16
      24
      23
      19
      21
      20
      29
      17
      23
      12
      18
      20
      23
      24
      16
      14
      14
      25
      18
      21
      28
      18
      13
      20
      26
      25
      14
      19
      18
      16
      17
      21
      27
      21
      13
      19
      19
      12
      20
      15
      18
      20
      19
      24
      19
      22
      28
      20
      30
      25
      17
      16
      17
      16
      19
      22
      25
      22
      19
      22
      15
      16
      16
      24
      20
      31
      18
      20
      27
      24
      24
      23
      22
      21
      21
      16
      16
      21
      26
      12
      16
      11
      13
      18
      15
      24
      24
      23
      20
      22
      19
      14
      19
      19
      16
      21
      12
      17
      22
      13
      21
      13
      20
      22
      18
      25
      17
      18
      18
      12
      16
      24
      15
      19
      15
      23
       7
      23
      21
      20
      13
      12
      22
      14
      19
      19
      20
      28
      25
      21
      27
      20
      23
      27
      27
      30
      20
      14
      24
      20
      26
      16
      24
      21
      14
      27
      17
      18
      19
      29
      19
      29
      15
      26
      15
      24
      23
      20
      22
      24
      16
      20
      18
      14
      17
      18
      15
      20
      13
      23
      18
      18
      22
      17
      22
      11
      25
      22
      18
      17
      30
      26
      15
      20
      21
      25
      16
      26
      24
      26
      21
      25
      28
      26
      19
      16
      14
      14
      19
      14
      22
      24
      10
      20
      20
      26
      14
      17
      23
      20
      23
      24
      22
      16
      21
      20
      20
      17
      17
      23
      13
      27
      22
      22
      11
      13
      20
      19
      19
      20
      16
      20
      21
      15
      17
      19
      30
      23
      21
      20
      19
      10
      16
      20
      14
      17
      25
      22
      21
      19
      17
      18
      26
      15
      26
      16
      17
      20
      21
      14
      19
      22
      23
      19
      24
      18
      20
      17
      11
      15
      22
      25
      14
      14
      19
      21
      18
      19
      17
      19
      18
      18
      10
      15
      24
      16
      15
      14
      17
      19
      11
      19
      18
      15
      22
      19
      22
      18
      16
      27
      18
      22
      14
      20
      19
      17
      13
      25
      19
      21
      13
      21
      25
      19
      23
      28
      19
      18
      20
      23
      15
      22
      16
      24
      23
      12
      16
      23
      28
      19
      14
      16
      20
      12
      24
      18
      20
      15
      15
      17
      26
      26
      12
      22
      26
      15
      17
      17
      14
      16
      23
      24
      21
      24
      20
      24
      25
      15
      16
      18
      22
      21
      24
      21
      12
      24
      11
      22
      13
      19
      16
      14
      31
      18
      13
      27
      11
      18
      20
      23
      17
      20
      21
      20
      25
      13
      18
      16
      17
      17
      17
      18
      18
      21
      19
      20
      19
      25
      10
      17
      25
      15
      28
      26
      14
      23
      26
      18
      24
      18
      23
      27
      18
      14
      18
      11
      12
      23
      20
      28
      20
      22
      13
      22
      23
      19
      21
      20
      23
      20
      20
      24
      20
      20
      22
      26
      14
      24
      24
      17
      23
      21
      27
      14
      24
      26
      23
      17
      17
      20
      17
      18
      20
      26
      18
      19
      14
      24
      20
      23
      26
      23
      19
      23
      20
      19
      20
      20
      22
      17
      24
      28
      21
      19
      20
      12
      19
      26
      25
      23
      23
      22
      28
      27
      42
      24
      32
      35
      29
      27
      36
      32
      28
      15
      28
      24
      28
      27
      27
      17
      18
      21
      20
      17
      21
      19
      17
      17
      19
      19
      24
      14
      12
      20
      26
      34
      12
      20
      17
      23
      28
      17
      15
      14
      23
      18
      16
      19
      26
      14
      18
      17
      20
      18
      21
      17
      20
      23
      17
      22
      24
      17
      21
       5
      19
      23
      22
      25
      27
      17
      15
      14
      16
      18
      13
      16
      18
      16
      18
      14
      26
      15
      18
      14
      24
      14
      22
      17
      16
      26
      18
      18
      19
      27
      28
      19
      25
      14
      13
      15
      16
      23
      14
      19
      22
       9
      19
      18
      15
      21
      23
      18
      15
      16
      18
      14
      14
      15
      21
      24
      20
      13
      21
      20
      17
      26
      21
      26
      22
      28
      19
      22
      15
      22
      23
      25
      22
      26
      24
      24
      28
      23
      21
      25
      25
      15
      18
      13
      21
      22
      27
      22
      26
      11
      19
      14
      17
      25
      17
      21
      23
      26
      17
      22
      21
      19
      21
      22
      21
      16
      22
      25
      12
      21
      15
      22
      21
      20
      22
      23
      24
      19
      22
      22
      25
      21
      21
      21
      19
      23
      17
      28
      21
      17
      16
      14
      24
      16
      22
      23
      28
      21
      18
      18
      26
      19
      15
      18
      25
      24
      22
      28
      25
      28
      21
      19
      23
      21
      23
      23
      15
      20
      23
      19
      18
      25
      20
      22
      23
      18
      17
      16
      17
      15
      19
      14
      28
      20
      19
      24
      18
      19
      15
      24
      21
      18
      24
      19
      20
      20
      11
      22
      15
      23
      14
      26
      32
      22
      23
      28
      19
      16
      17
      20
      22
      23
      26
      21
      17
      28
      23
      18
      24
      25
      19
      18
      21
      15
      20
      33
      21
      22
      23
      26
      27
      27
      17
      24
      17
      24
      23
      23
      24
      18
      27
      27
      25
      30
      36
      26
      25
      29
      27
      24
      19
      17
      28
      24
      30
      28
      31
      22
      24
      23
      18
      15
      22
      25
      21
      24
      14
      18
       0
       0
       0
       0
       0
       0
       0
       0
       0
       0
       0
       0
       0
       0
       0
       0
       0
       0
       0
       0
       0
       0
       0
       0
       0
       0
       0
       0
       0
       0
       0
       0
$ROI:
0
$PRESETS:
Live Time
300
0
$ENER_FIT:
0.000000 1.164009
$MCA_CAL:
3
0.000000E+000 1.164009E+000 0.000000E+000 keV
$SHAPE_CAL:
3
0.000000E+000 0.000000E+000 0.000000E+000
