$SPEC_ID:
No sample description was entered.
$SPEC_REM:
DET# 2
DETDESC# JLAB-20 MCB 129
AP# Maestro Version 7.01
$DATE_MEA:
02/09/2016 14:38:02
$MEAS_TIM:
281 312
$DATA:
0 2047
       0
       0
       0
       0
       0
       0
       0
       0
       0
       0
       0
       0
       0
       0
       0
       0
       0
       0
       0
       0
       0
       0
       0
       0
       0
       0
       0
       0
       0
       0
       0
       0
       0
       0
       0
       0
       0
       0
       0
       0
       0
       0
       0
       0
       0
       0
       0
       0
       2
      54
    1227
    1363
    1274
    1229
    1320
    1337
    1276
    1256
    1221
    1268
    1270
    1344
    1366
    1429
    1488
    1588
    2076
    2589
    3175
    3964
    6575
    8395
    9993
    6954
    3521
    2702
    2904
    3189
    3958
    4774
    5771
    6561
    7062
    7748
    9341
   10778
   11834
   14271
   18352
   32419
   98320
  332115
  546012
  684449
  367168
   88981
   18196
    9546
    9252
   10888
   14128
   19190
   25974
   36014
   78633
  194175
  175302
   77767
   63688
   45736
   15399
    3965
    2169
    1908
    1772
    1795
    1725
    1656
    1775
    1636
    1630
    1448
    1712
    3135
   10622
   15238
    6979
    1821
     879
    1040
    1158
    1181
    1127
    1205
    1213
    1291
    1442
    1454
    1431
    1418
    1581
    1660
    1636
    1632
    1711
    1751
    1723
    1687
    1774
    1622
    1690
    1762
    1725
    1756
    1739
    1776
    1859
    1880
    1933
    1888
    1856
    1950
    1905
    1906
    1965
    1872
    1881
    1942
    1981
    1963
    1963
    2029
    2051
    2126
    2109
    2132
    2198
    2405
    2378
    2496
    2721
    2840
    3109
    3397
    3757
    3750
    3196
    2402
    1564
    1327
    1337
    1377
    1335
    1444
    1562
    1580
    1881
    1926
    1950
    1665
    1250
     868
     708
     529
     419
     445
     450
     437
     475
     496
     526
     502
     472
     400
     370
     338
     361
     320
     315
     254
     205
     194
     176
     202
     208
     215
     220
     213
     186
     215
     171
     206
     221
     190
     206
     203
     196
     175
     181
     182
     185
     171
     183
     159
     172
     195
     184
     180
     179
     192
     183
     188
     178
     216
     241
     394
     836
     829
     426
     224
     167
     177
     169
     210
     211
     145
     157
     156
     146
     163
     162
     163
     161
     156
     159
     152
     145
     147
     134
     144
     158
     126
     143
     156
     154
     149
     188
     260
     197
     160
     128
     140
     134
     144
     139
     138
     135
     133
     120
     151
     138
     131
     132
     132
     145
     146
     148
     145
     204
     154
     144
     142
     128
     127
     146
     150
     159
     133
     142
     138
     136
     140
     122
     126
     121
     138
     116
     126
     130
     132
     147
     114
     126
     136
     136
     108
     160
     116
     107
     123
     117
     140
     125
     136
     122
     139
     140
     129
     131
     139
     123
     118
     122
     104
     124
     128
     163
     165
     136
     105
     125
     118
     121
     106
      98
     113
     103
     118
     124
      98
     115
     100
      79
     120
      86
      97
     105
      95
     110
     102
     100
     112
     117
      97
     106
     108
     105
      95
     104
      96
      83
      96
     108
     101
     106
     110
     109
      94
      90
      94
      97
      85
     109
      90
     120
     101
      91
      88
      74
      83
      95
      85
      87
      82
     100
      90
      76
      99
      93
      87
      87
      94
      71
      84
      86
      78
      82
      73
      95
      79
      99
      93
      91
      75
      83
     131
     228
     439
     417
     197
      91
      72
      85
      75
      66
      88
      71
      82
      75
      88
      80
      78
      67
      69
      51
      73
      78
      57
      59
      76
      76
      71
      68
      76
      53
      80
      88
      77
      62
      79
      66
      69
      67
      64
      71
      64
      65
      69
      69
      52
      66
      65
      51
      60
      65
      53
      51
      62
      54
      63
      56
      60
      68
      52
      52
      49
      63
      61
      63
      61
      61
      65
      71
      67
      53
      62
      55
      49
      45
      61
      55
      45
      60
      50
      45
      39
      42
      60
      46
      47
      62
      74
      55
      40
      47
      37
      43
      68
      42
      51
      49
      49
      52
      57
      55
      52
      49
      57
      48
      49
      63
      47
      57
      46
      44
      39
      42
      48
      41
      44
      44
      37
      43
      39
      41
      55
      51
      44
      58
      41
      34
      39
      50
      70
      51
      57
      37
      47
      45
      38
      52
      45
      46
      32
      35
      38
      35
      39
      31
      41
      49
      44
      66
      45
      43
      40
      39
      42
      28
      36
      44
      41
      35
      42
      39
      40
      45
      29
      32
      43
      46
      36
      32
      30
      33
      32
      38
      34
      33
      38
      40
      32
      42
      36
      38
      38
      48
      42
      45
      31
      39
      35
      40
      38
      24
      38
      41
      44
      43
      39
      65
     123
      69
      54
      35
      33
      33
      49
      40
      41
      42
      31
      34
      45
      42
      28
      31
      28
      29
      32
      28
      30
      42
      49
     112
     333
     485
     272
     110
      53
      32
      32
      30
      26
      34
      22
      32
      19
      28
      31
      30
      23
      33
      28
      31
      37
      47
      87
     154
     114
      63
      29
      21
      26
      36
      38
      39
      29
      35
      31
      22
      26
      22
      32
      22
      30
      35
      50
     105
     136
     108
      45
      36
      67
     170
     350
     338
     187
      51
      26
      16
      17
      33
      28
      36
      57
      74
      69
      37
      24
      22
      25
      28
      21
      16
      17
      26
      19
      23
      22
      22
      19
      27
      23
      17
      23
      32
      20
      29
      28
      29
      40
      37
      22
      17
      29
      21
      31
      57
      54
      38
      25
      13
      21
      18
      20
      20
      25
      16
      20
      13
      20
      28
      28
      20
      19
      15
      18
      18
      21
      21
      16
      21
      44
      95
     186
     152
      74
      27
      39
      56
      43
      20
      14
      23
      19
      21
      26
      24
      31
      49
      87
     126
      66
      39
      15
      19
      15
      18
      15
      21
      23
      17
      19
      16
      26
      30
      35
      36
      34
      19
      24
      18
      19
      18
      12
      14
      12
       5
      15
      17
      14
      28
      24
      20
      11
      17
      15
      12
      19
      14
      17
      23
      15
      20
      19
      15
      33
      28
      25
      22
      18
      14
      19
      16
      13
      16
      16
      14
      15
      18
      17
      11
      14
      19
      13
      22
      20
      11
      16
      22
      20
      16
      14
      15
      11
      12
      13
      10
      16
      14
      16
      12
      27
      24
      31
      43
      23
      17
      21
      22
      28
      32
      21
      15
      27
      15
      12
      14
      18
      12
      10
      15
      11
       9
      33
      27
      28
      24
      19
      15
      18
      14
      15
      16
      19
      13
      13
      12
      17
      23
      10
      15
      23
      15
      13
      13
       8
      14
      17
      13
       9
      11
      16
      22
      22
      12
      18
      14
      13
      15
      13
      15
      19
      14
      14
      14
      13
      14
      11
       6
      14
       8
      10
      21
      17
      18
      14
      12
      17
      19
       6
      17
      18
      16
      18
      19
      21
       9
      18
      13
      15
      16
      10
      15
      15
      19
      13
      21
      19
       7
      13
      13
      10
      20
      15
      19
      23
      14
      11
      19
      17
      18
      19
       7
      18
      18
      12
       9
      18
      17
      21
      15
      15
      18
      17
      18
      15
      22
      17
      14
      12
      19
      17
      18
      22
      22
      18
      17
      22
      16
      18
      17
       7
      13
      18
      10
      12
       9
      12
      15
      12
      17
       6
      13
      18
      10
       9
      12
      12
      16
      11
       8
       7
       7
      15
       5
       7
      11
      11
      14
       7
      14
      13
       6
       4
      12
      13
      12
      12
      14
       7
      13
      17
      10
       9
      10
      11
      12
      14
       9
       6
       2
      12
       5
      16
      11
       8
       4
       6
      11
      10
      15
      11
      21
      15
      17
      13
      13
       9
      12
      21
      11
      11
       8
      11
      10
      12
       8
       7
      12
      10
       5
      10
      14
       9
       7
       9
       6
      16
      13
       5
      14
      11
      12
       9
       6
       7
       7
       9
       5
      10
       7
       7
       9
      10
       6
       5
       5
       6
      11
       4
       5
       6
       9
       6
       5
       7
       5
      10
      10
       8
      11
       2
       3
       6
       3
       3
       4
      11
       7
       5
      10
       8
      11
       8
       7
       4
       5
       5
       8
       7
       3
       5
       5
       9
       7
       7
       3
       4
       6
      13
       4
       4
       6
       4
       6
       9
       9
       4
       3
       7
       6
      10
       4
       7
       7
       3
       6
       6
       6
       4
      10
       3
       4
       7
       5
       7
       8
      11
       2
       7
       1
       2
       3
      11
       6
       2
      10
       1
       4
       2
       5
       5
       4
       2
      10
       7
       6
       7
       5
       6
      10
       6
       2
       5
       2
       3
       7
       7
       5
       5
       4
       5
      12
       6
       9
       6
      10
       5
       9
       6
       6
       4
       9
       4
       5
       6
       4
       5
       6
       4
       3
       5
       6
       5
       4
       3
       6
       2
       4
       3
       4
       4
       6
       6
      10
       9
       8
       5
       2
      11
       5
       2
       4
       8
       3
       2
       4
       3
       4
       3
       6
       8
       3
       4
       4
       3
      10
       4
      15
      13
      18
       4
       8
       5
       5
       7
       5
       3
       5
       7
       5
       3
       7
       5
       6
       6
       6
       6
       9
      26
      32
      18
       6
       6
       7
       4
       4
       7
       1
       2
       5
       4
       7
       6
      11
       4
       5
       7
       2
       4
       7
       5
       3
       4
       4
       5
       2
       7
       3
       4
       5
       7
       5
       3
       2
       5
       8
       4
       4
       7
       4
       2
       3
       5
       5
       7
      10
       7
       4
       4
       5
       5
       3
       3
       5
       5
       5
       6
       7
       4
       1
       4
       1
       4
       4
       4
       2
       4
       2
      11
      14
      11
      15
      13
       8
       0
       4
      10
       7
       3
       4
       1
       2
       5
       5
       4
       6
      27
      48
     106
     198
     164
     133
      56
      10
       4
       3
       7
       1
       2
       6
       5
       4
       0
       4
       2
       5
       5
       5
       1
       2
       4
       2
       1
       6
       1
       4
       0
       4
       2
       2
       4
       4
       1
       4
       5
       6
       6
       6
       2
       3
       5
       6
       5
       4
       3
       2
       3
       4
       4
       5
       5
       2
       3
       5
      14
      18
       9
       5
       7
       6
       4
       4
       8
       9
       4
       7
       2
       3
       5
       5
       5
       6
       4
       4
       4
       7
       7
       3
       3
       5
       6
       0
       2
       5
       3
       3
       8
       2
       2
       5
       6
       3
       2
       5
       4
       4
       2
       6
       3
       6
       3
       5
       2
       3
       6
       1
       1
       2
       1
       1
       3
       2
       5
       1
       3
       3
       3
       5
       4
       5
       4
       6
       7
      28
      48
      59
      53
      40
      11
       3
       1
       5
       3
       1
       2
       2
       5
       6
       0
       3
       1
       3
       4
       0
       3
       1
       4
       3
       2
       4
       5
       5
       2
       2
       2
       4
       9
       2
       6
       3
       4
       1
       3
       0
       3
       4
       5
       7
       4
       4
       3
       1
       2
       4
       2
       1
       2
       2
       0
       1
       3
       3
       3
       1
       3
       4
       1
       2
       2
       0
       5
       3
       3
       1
       2
       5
       6
       7
       5
       2
       1
       5
       4
       1
       4
       6
       3
       1
       2
       3
       0
       5
       4
       6
       3
       2
       3
       1
       3
       5
       0
       4
       5
      10
       3
       2
       1
       2
       1
       5
       2
       2
       3
       2
       2
       2
       2
       4
       0
       3
       0
       3
       5
       2
       2
       4
       3
       2
       1
       1
       0
       3
       3
       4
       3
       3
       2
       3
       4
       1
       0
       2
       0
       2
       3
       2
       0
       4
       1
       3
       4
       0
       0
       2
       4
       2
       3
       3
       2
       2
       2
       2
       1
       3
       1
       2
       2
       0
       3
       1
       3
       3
       2
       1
       2
       1
       1
       3
       0
       1
       2
       5
       2
       1
       1
       5
       2
       3
       2
       1
       2
       3
       3
       4
       1
       2
       1
       4
       0
       3
       1
       2
       3
       1
       3
       0
       2
       2
       2
       4
       1
       0
       4
       2
       0
       5
       0
       1
       0
       0
       0
       2
       1
       2
       2
       3
       5
       1
       1
       0
       0
       1
       3
       2
       1
       1
       2
       2
       3
       0
       3
       1
       2
       0
       2
       1
       0
       1
       2
       1
       1
       3
       1
       2
       4
       1
       3
       1
       3
       1
       1
       3
       1
       1
       2
       5
       1
       1
       1
       6
       5
       1
       3
       2
       1
       0
       3
       0
       2
       3
       0
       1
       0
       2
       3
       1
       0
       2
       4
       0
       3
       3
       2
       0
       0
       4
       1
       4
       2
       4
       2
       0
       3
       2
       3
       1
       2
       0
       1
       2
       1
       3
       2
       1
       1
       1
       2
       2
       1
       2
       1
       3
       1
       0
       4
       3
       1
       0
       0
       4
       3
       0
       1
       2
       3
       1
       5
       1
       4
       1
       2
       1
       2
       3
       0
       2
       3
       3
       2
       2
       3
       2
       1
       2
       4
       2
       3
       0
       0
       4
       2
       1
       3
       2
       0
       0
       1
       2
       2
       1
       3
       2
       3
       1
       2
       4
       1
       3
       1
       3
       5
       3
       4
       2
       2
       2
       1
       2
       3
       2
       2
       3
       1
       3
       3
       2
       4
       4
       0
       5
       6
       4
      10
       2
       2
       1
       2
       3
       1
       0
       1
       1
       2
       0
       0
       4
       1
       0
       2
       5
       2
       5
       1
       3
       2
       0
       2
       3
       1
       3
       4
       2
       2
       2
       4
       2
       4
       1
       2
       1
       3
       1
       3
       2
       0
       1
       3
       2
       1
       0
       0
       1
       1
       1
       2
       1
       1
       2
       3
       1
       2
       4
       1
       0
       2
       2
       0
       1
       0
       4
       1
       0
       2
       1
       1
       3
       3
       1
       4
       4
       2
       1
       4
       4
       2
       3
       1
       0
       1
       2
       2
       2
       1
       1
       4
       0
       1
       3
       1
       5
       2
       3
       3
       0
       0
       0
       0
       0
       0
       0
       0
       0
       0
       0
       0
       0
       0
       0
       0
       0
       0
       0
       0
       0
       0
       0
       0
       0
       0
       0
       0
       0
       0
       0
       0
$ROI:
0
$PRESETS:
None
0
0
$ENER_FIT:
0.000000 1.164009
$MCA_CAL:
3
0.000000E+000 1.164009E+000 0.000000E+000 keV
$SHAPE_CAL:
3
0.000000E+000 0.000000E+000 0.000000E+000
