$SPEC_ID:
No sample description was entered.
$SPEC_REM:
DET# 2
DETDESC# JLAB-20 MCB 129
AP# Maestro Version 7.01
$DATE_MEA:
02/11/2016 15:31:59
$MEAS_TIM:
100 112
$DATA:
0 2047
       0
       0
       0
       0
       0
       0
       0
       0
       0
       0
       0
       0
       0
       0
       0
       0
       0
       0
       0
       0
       0
       0
       0
       0
       0
       0
       0
       0
       0
       0
       0
       0
       0
       0
       0
       0
       0
       0
       0
       0
       0
       0
       0
       0
       0
       0
       0
       0
      12
    1484
   22455
   21248
   19139
   17176
   15550
   14292
   12821
   11759
   10657
    9708
    8883
    8256
    7235
    6762
    6245
    5906
    5230
    4884
    4519
    4181
    3894
    3637
    3341
    3118
    2953
    2698
    2381
    2222
    2079
    1800
    1767
    1502
    1434
    1335
    1191
    1081
     957
     845
     767
     655
     572
     492
     446
     375
     306
     246
     192
     192
     147
     137
     129
      84
      42
      57
      41
      28
      27
      23
      20
      22
      18
      12
      11
       6
      11
       9
       3
       7
       4
       7
       9
       9
       7
       9
       4
       8
       5
       6
       5
       2
       5
       7
       4
       5
       8
       6
       8
       4
       9
       3
       7
       5
       7
       1
       9
       3
       6
      11
       6
       4
       7
       8
       4
       4
       4
       4
       5
       3
       3
       7
       3
       3
       3
       1
       5
       1
       7
       6
       6
       2
       3
       8
       4
       4
       6
       0
       3
       4
       2
       8
       1
       3
       5
       5
       3
       5
       5
       5
       5
       4
       4
       4
       2
       2
       3
       5
       5
       2
       5
       8
       6
       4
       1
       5
       6
       4
       1
       6
       4
       4
       3
       4
       4
       4
       2
       3
       2
       4
       4
       6
       6
       1
       4
       2
       3
       4
       5
       3
       1
       4
       5
       4
       6
       4
       2
       4
       3
       6
       4
       4
       2
       4
       6
       2
       6
       2
       3
       3
       2
       2
       1
       5
      11
       6
       2
       2
       5
       5
       7
       3
       0
       2
       5
       5
       2
       1
       1
       5
       7
       4
       3
       6
       2
       2
       3
       3
       4
       6
       1
       1
       2
       7
       1
       3
       2
       7
       6
       0
       2
       3
       0
       5
       3
       3
       3
       7
       9
       4
       7
       5
       4
       3
       3
       3
       5
       6
       3
       3
       4
       3
       2
       3
       5
       6
       3
       5
       2
       4
       2
       3
       3
       0
       4
       1
       6
       2
       6
       2
       1
       2
       4
       3
       6
       1
       4
       6
       3
       4
       6
       4
       2
       5
       2
       2
       5
       1
       2
       5
       6
       7
       3
       3
       2
       4
       2
       4
       6
       2
       2
       4
       5
       0
       2
       3
       2
       6
       2
       1
       7
       3
       0
       2
       5
       1
       3
       2
       1
       2
       3
       3
       3
       2
       3
       5
       5
       2
       3
       1
       2
       3
       3
       2
       3
       4
       5
       3
       1
       4
       6
       0
       0
       0
       5
       4
       4
       4
       5
       3
       3
       5
       2
       7
       4
       5
       5
       3
       5
       4
       3
       3
       2
       3
       2
       2
       2
       3
       1
       3
       6
       3
       5
       5
       2
       5
       4
       7
       3
       5
       9
       4
       4
       2
       2
       5
       1
       4
       4
       4
       2
       3
       9
       6
       5
       2
       4
       4
       5
       5
       7
       2
       7
       3
       4
       6
       6
       4
       4
       6
       3
       7
       6
       8
       8
       8
       6
       4
       7
       0
       2
       5
       8
       2
       3
       3
      10
       4
       1
       9
       8
       9
       9
       5
       8
      11
      11
       4
       4
      11
       7
      10
       9
       8
       8
       8
      18
      13
       8
      12
      18
      15
      17
      19
      15
      11
      12
      14
      12
      14
      17
      13
      15
      12
      21
      11
      13
       8
       7
      17
      10
      10
       7
      12
      15
       8
      12
      10
       7
       7
       7
       4
       7
       9
       8
       7
      10
       8
       3
       8
       6
       5
       4
       5
       4
       9
       4
       3
       7
       3
       6
       6
       2
       2
       3
       5
       8
       4
       6
       2
      11
       5
       3
       3
       6
       5
       3
       6
       1
       3
       4
       2
       5
       9
       2
       4
       4
       5
       3
      12
       5
       2
       2
       3
       6
       4
       2
       4
       3
       4
       4
       4
       1
       4
       5
       2
       3
       2
       2
       1
       7
       3
       5
       4
       4
       9
       3
       8
       4
       4
       4
       7
       6
       6
       5
       9
       6
       6
       4
       6
       6
       8
       9
       8
       8
       6
       6
       9
       4
       9
      11
      10
       7
       4
       4
      10
       9
       8
       8
       6
       7
      12
       5
       5
       9
       1
      10
      11
       4
       8
       4
       5
       7
       5
       6
       5
       5
       4
       7
       3
       4
       3
       6
       6
       3
       5
       1
       4
       4
       1
       1
       4
       3
       3
       3
       1
       0
       4
       2
       4
       5
       2
       1
       2
       4
       6
       3
       5
       3
       2
       3
       1
       4
       1
       4
       3
       4
       2
       4
       5
       8
       0
       3
       1
       2
       3
       3
       3
       1
       0
       3
       4
       2
       2
       3
       2
       1
       2
       0
       2
       2
       4
       2
       1
       4
       0
       1
       2
       2
       0
       2
       0
       0
       0
       1
       3
       1
       0
       3
       1
       0
       0
       2
       1
       1
       3
       3
       1
       0
       2
       1
       0
       0
       1
       2
       5
       2
       2
       0
       3
       3
       3
       2
       3
       2
       1
       4
       0
       4
       4
       3
       4
       3
       3
       1
       0
       0
       1
       3
       1
       1
       4
       1
       2
       2
       2
       1
       1
       1
       0
       0
       2
       1
       1
       2
       2
       1
       2
       2
       1
       3
       5
       1
       1
       2
       2
       3
       6
       4
       1
       0
       3
       3
       1
       1
       3
       3
       3
       3
       2
       5
       1
       4
       1
       2
       1
       2
       2
       2
       3
       1
       1
       2
       2
       1
       3
       4
       2
       1
       2
       3
       5
       4
       2
       5
       5
       3
       3
       3
       4
       6
       3
       3
       2
       4
       3
       4
       4
       3
       2
       5
       3
       5
       1
       6
       4
       5
       3
       8
      11
       6
       4
       8
       6
       7
       2
       6
       4
      10
      11
      13
       9
       6
      11
      13
      12
      14
      16
      12
      14
      15
      23
      24
      25
      38
      23
      29
      37
      33
      44
      44
      49
      49
      59
      79
      80
      87
      89
      99
      99
     115
     117
     110
     115
     118
     150
     142
     188
     154
     170
     172
     159
     191
     169
     221
     192
     190
     192
     191
     209
     188
     162
     198
     198
     178
     179
     176
     167
     171
     144
     143
     162
     149
     161
     118
     135
     118
     114
      97
     109
      78
     101
     104
      87
      86
      65
      64
      59
      71
      64
      60
      44
      64
      42
      49
      42
      40
      35
      33
      24
      26
      24
      18
      16
      21
      10
      15
      16
      12
      18
       9
      14
      12
       7
       8
       9
      11
       9
       7
      10
       9
       5
       5
      10
      12
       8
       9
       8
       7
      11
       9
       5
      11
       9
      14
      10
       7
       8
      13
      14
      12
      18
       6
      17
      20
      27
      27
      31
      20
      31
      22
      32
      37
      34
      41
      54
      53
      58
      57
      82
      63
      70
      72
      78
      81
      80
      99
      79
      99
     115
     116
     124
     106
     121
     117
     146
     117
     120
     127
     127
     143
     119
     130
     116
     123
     148
     116
     109
     129
     112
     113
     115
     102
     103
     100
      89
      90
      94
      90
      86
      83
      62
      81
      83
      74
      85
      40
      58
      60
      53
      58
      41
      55
      40
      49
      35
      29
      28
      36
      21
      27
      24
      16
      19
      17
      19
      21
      15
      12
      16
      17
       9
       5
       9
      13
       8
       9
       3
       1
       3
       3
       5
       3
       8
       6
       5
       5
       3
       2
       2
       4
       1
       1
       2
       3
       1
       2
       2
       2
       2
       2
       3
       2
       1
       2
       1
       1
       0
       3
       2
       1
       1
       1
       2
       2
       0
       1
       3
       1
       1
       2
       2
       1
       1
       1
       2
       1
       0
       1
       1
       1
       3
       2
       2
       0
       3
       3
       0
       0
       2
       2
       1
       1
       1
       0
       4
       0
       2
       0
       0
       3
       2
       3
       1
       1
       2
       0
       2
       2
       1
       4
       1
       2
       0
       2
       1
       2
       2
       1
       0
       1
       3
       0
       3
       1
       1
       0
       2
       3
       1
       2
       3
       1
       1
       0
       1
       1
       0
       0
       0
       2
       1
       1
       3
       3
       2
       3
       0
       2
       2
       0
       0
       0
       1
       0
       2
       0
       3
       3
       2
       0
       0
       1
       0
       1
       4
       1
       0
       2
       1
       0
       0
       0
       2
       1
       1
       0
       4
       3
       1
       1
       1
       1
       0
       1
       1
       3
       3
       3
       0
       0
       3
       1
       2
       2
       1
       3
       1
       3
       0
       2
       1
       3
       2
       0
       0
       3
       1
       3
       0
       0
       3
       1
       3
       2
       0
       2
       0
       2
       2
       1
       3
       1
       2
       0
       1
       1
       1
       4
       1
       0
       2
       4
       1
       1
       2
       0
       2
       1
       2
       1
       3
       0
       1
       1
       1
       3
       1
       2
       0
       3
       2
       2
       1
       2
       6
       1
       1
       3
       2
       1
       0
       1
       1
       0
       0
       4
       4
       0
       1
       3
       0
       1
       0
       2
       1
       1
       2
       0
       2
       2
       1
       1
       1
       2
       0
       1
       1
       0
       0
       1
       0
       1
       1
       1
       1
       1
       3
       0
       2
       1
       1
       0
       2
       3
       0
       2
       1
       2
       2
       3
       3
       0
       4
       3
       0
       2
       3
       1
       0
       2
       2
       1
       2
       2
       1
       0
       0
       2
       0
       1
       0
       1
       5
       1
       1
       2
       1
       2
       3
       2
       2
       1
       0
       4
       4
       1
       1
       3
       1
       2
       0
       2
       1
       1
       1
       2
       2
       3
       1
       1
       1
       1
       4
       1
       0
       1
       0
       0
       1
       0
       2
       2
       2
       0
       1
       1
       0
       0
       1
       2
       2
       1
       1
       3
       0
       1
       1
       2
       2
       0
       1
       1
       5
       0
       3
       1
       2
       2
       4
       3
       5
       1
       0
       1
       5
       2
       5
       2
       2
       2
       1
       5
       1
       1
       3
       0
       0
       2
       1
       4
       3
       2
       0
       3
       2
       2
       3
       0
       1
       3
       1
       2
       3
       1
       3
       1
       2
       3
       2
       1
       1
       0
       5
       2
       1
       1
       3
       1
       1
       3
       1
       1
       1
       2
       3
       0
       2
       1
       0
       2
       0
       1
       2
       0
       4
       1
       1
       4
       0
       5
       1
       3
       2
       1
       1
       2
       0
       1
       1
       1
       0
       3
       2
       0
       3
       4
       1
       2
       0
       0
       2
       2
       1
       1
       2
       6
       2
       1
       2
       4
       2
       3
       2
       0
       3
       2
       2
       1
       3
       1
       2
       0
       0
       0
       2
       0
       1
       1
       1
       3
       5
       1
       3
       3
       3
       4
       2
       1
       1
       1
       2
       2
       3
       3
       4
       3
       1
       3
       3
       2
       2
       1
       1
       5
       4
       3
       1
       5
       2
       1
       2
       0
       2
       3
       2
       3
       3
       2
       1
       3
       6
       5
       2
       2
       2
       1
       3
       7
       6
       2
       2
       6
       3
       4
       2
       2
       1
       1
       3
       0
       6
       1
       5
       5
       2
       0
       3
       6
       2
       7
       1
       2
       0
       5
       3
       0
       1
       6
       3
       5
       2
       3
       6
       2
       2
       4
       6
       2
       4
       2
       5
       1
       2
       1
       1
       1
       4
       1
       1
       7
       2
       3
       7
       5
       3
       4
       5
       1
       3
       3
       4
       2
       2
       6
       0
       1
       3
       1
       2
       2
       3
       3
       1
       5
       2
       4
       2
       3
       3
       2
       4
       4
       1
       6
       3
       3
       6
       7
       4
       2
       8
       2
       2
       2
       5
       3
       5
       2
       5
       3
       6
       2
       6
       2
       3
       4
       2
       2
       2
       2
       6
       6
       6
       5
       5
       7
       6
       7
       3
       3
       5
       3
       5
       4
       1
       5
       7
       1
       3
       4
       2
       7
       0
       5
       5
       5
       4
       3
       3
       3
       3
       5
       5
       2
       0
       1
       4
       6
       4
       1
       2
       6
       3
       6
       5
       4
       5
      11
       5
       5
       9
       3
       4
       4
       6
       1
       1
       2
       5
       8
       6
       7
       4
       4
       5
       4
       8
       9
       4
       5
       4
       5
       5
       4
      11
       1
       7
       9
       3
       3
       9
       4
       8
       7
       1
       3
       6
       8
       6
       2
       2
       4
      11
       4
      10
       5
       6
       7
      10
       6
       4
       4
       9
       4
       4
       3
       4
       9
      11
      15
       5
      11
       8
       4
       9
       8
       9
       9
       5
       7
      12
       8
      10
       1
      12
       8
       6
       7
       9
      12
       5
      11
      10
      10
       7
      10
       8
       5
      11
      10
       6
       7
      12
      10
      12
      10
       6
      12
       5
      11
       8
       8
       5
       9
      13
       6
       9
      14
      13
      10
      10
       8
       7
      13
       7
      10
      15
      11
      11
      17
      17
      11
       9
      22
      12
      19
       9
      10
      13
      11
      13
      12
      16
      16
      15
      21
      11
      17
      14
      21
      12
      10
      10
      19
      12
      13
      17
      18
      11
      18
      21
      13
      11
      11
      17
       9
      26
      18
      26
      22
      23
      16
      20
      23
      19
      14
      23
      18
      25
      19
      22
      18
      22
      30
      21
      20
      24
      23
      35
      16
      21
      28
      27
      27
      21
      31
      26
      19
      36
      32
      21
      31
      27
      26
      29
      28
      20
       0
       0
       0
       0
       0
       0
       0
       0
       0
       0
       0
       0
       0
       0
       0
       0
       0
       0
       0
       0
       0
       0
       0
       0
       0
       0
       0
       0
       0
       0
       0
       0
$ROI:
1
27 2032
$PRESETS:
Live Time
100
0
$ENER_FIT:
0.000000 0.024067
$MCA_CAL:
3
0.000000E+000 2.406711E-002 0.000000E+000 keV
$SHAPE_CAL:
3
0.000000E+000 0.000000E+000 0.000000E+000
