$SPEC_ID:
No sample description was entered.
$SPEC_REM:
DET# 2
DETDESC# JLAB-20 MCB 129
AP# Maestro Version 7.01
$DATE_MEA:
02/11/2016 16:39:29
$MEAS_TIM:
100 112
$DATA:
0 2047
       0
       0
       0
       0
       0
       0
       0
       0
       0
       0
       0
       0
       0
       0
       0
       0
       0
       0
       0
       0
       0
       0
       0
       0
       0
       0
       0
       0
       0
       0
       0
       0
       0
       0
       0
       0
       0
       0
       0
       0
       0
       0
       0
       0
       0
       0
       0
       0
       7
    1725
   22491
   20679
   18643
   16708
   15106
   13449
   12628
   11313
   10112
    9326
    8575
    7812
    7173
    6569
    6031
    5471
    5102
    4618
    4352
    4071
    3706
    3532
    3137
    2948
    2728
    2609
    2415
    2135
    2011
    1926
    1715
    1543
    1294
    1317
    1223
    1029
     887
     799
     652
     618
     502
     466
     389
     340
     298
     224
     192
     174
     133
      90
      74
      94
      64
      52
      33
      22
      32
      25
      21
      21
       8
      17
      14
      18
       6
      11
       9
       7
      10
       8
       6
       6
       7
      11
       9
       3
      11
       7
       6
       6
       4
       7
      12
       6
       7
       3
       5
       7
       6
       5
       5
       6
      10
       6
       4
       5
       6
       4
       8
       8
       9
       7
       3
       3
       6
       5
       7
       3
       4
      11
       8
       2
       8
       4
       3
       5
       7
       6
       2
      15
       5
       4
       5
       4
       3
       1
       9
       3
       8
       4
       5
       5
       3
       7
       1
       4
       8
       4
       2
       6
       6
       3
       6
       4
       2
       4
       2
       2
       4
       5
       2
       5
       7
      10
       4
       3
       2
       5
       5
       6
       5
       4
       8
       5
       4
       4
       5
       4
       3
       6
       2
       8
       6
       8
       2
       3
       4
       1
       9
       5
       4
       4
       4
       8
       5
       2
       3
       2
       4
       4
       4
       4
       2
       4
       6
       3
       4
       4
       5
       6
       4
       2
       4
       3
       2
       2
       6
       8
       7
       6
       6
       3
       3
       3
       5
       7
       3
       5
       6
       4
       4
       9
       4
       3
       3
       5
       2
       4
       4
       3
       2
       3
       5
       4
       2
       7
       4
       5
       4
       5
       6
       4
       4
       5
       7
       2
       6
       5
       6
       2
       4
       4
       9
       4
       4
       8
       4
       2
       4
       8
       3
       3
       5
       1
       5
       1
       4
       3
       2
       1
       5
       2
       3
       7
       2
       4
       2
       5
       5
       2
       1
       1
       4
       3
       5
       4
       0
       3
       2
       1
       4
       2
       5
       3
       3
       1
       4
       1
       3
       3
       3
       4
       2
       4
       6
       3
       5
       4
       4
       2
       4
       2
       5
       6
       7
       1
       3
       7
       4
       2
       3
       0
       3
       3
       2
       6
       3
       1
       4
       5
       6
       1
       1
       3
       3
       5
       3
       4
       0
       5
       2
       3
       3
       2
       6
       3
       7
       2
       4
       3
       1
       2
       1
       4
       8
       2
       3
       5
       4
       1
       2
       2
       4
       3
       4
       3
       4
       6
       1
       2
       4
       3
       1
       3
       4
       5
       4
       2
       7
       4
       2
       4
       3
       3
       2
       5
       2
       1
       1
       2
       2
       1
       2
       3
       5
       3
       7
       4
       4
       3
       4
       4
       9
       4
       8
       3
       6
       5
       8
       3
       8
       5
       7
       7
       7
      11
       3
      10
      11
       5
       5
      10
       2
       5
      10
      10
      12
       7
       6
       6
       4
       7
       9
      13
       9
       6
       8
      10
       8
      11
       5
      10
      17
      11
       6
      15
      10
      15
      16
      14
      19
      12
      19
      13
      17
      11
      16
      21
      20
      20
      11
      19
      19
      22
      20
      18
      29
      16
      25
      16
      21
      26
      32
      23
      18
      17
      23
      22
      21
      15
      16
      12
      10
      16
      12
      11
      12
      12
       6
      10
      11
       9
       6
       9
       8
       7
       2
       8
       8
       6
       5
       9
       9
       5
       8
       8
       4
       6
       6
       4
       3
       7
       4
       2
       3
       2
       3
       5
       2
       2
       1
       4
       3
       1
       5
       6
       6
       1
       2
       2
       5
       2
       5
       5
       2
       3
       3
       2
       1
       4
       1
       5
       9
       3
       3
       4
       3
       5
       8
       1
       3
       4
       4
       8
       0
       5
       2
       6
       4
       2
       6
       6
       3
       7
       6
      10
       6
       5
       3
       9
      12
       4
       5
       9
      12
      10
       2
      14
      11
      12
      16
      15
      12
      12
       5
       8
      11
      11
       7
      11
       7
      18
      15
      10
      13
      10
       9
       6
      10
      14
      18
       5
      12
       6
       6
       5
       7
       4
       3
       6
      10
       5
       7
       5
       7
       5
       9
       5
       7
       4
       6
       4
       6
       7
       1
       5
       3
       7
       8
       0
       1
       2
       2
       3
       4
       5
       3
       4
       1
       3
       4
       7
       2
       2
       2
       2
       3
       5
       1
       2
       1
       1
       2
       1
       3
       3
       2
       4
       2
       1
       2
       3
       0
       2
       1
       1
       4
       2
       4
       1
       3
       3
       3
       1
       3
       3
       3
       3
       1
       1
       1
       1
       3
       1
       1
       4
       0
       1
       0
       3
       1
       6
       5
       0
       1
       4
       5
       2
       2
       2
       2
       1
       1
       5
       3
       1
       1
       0
       3
       1
       1
       0
       1
       1
       3
       3
       2
       1
       3
       0
       0
       2
       3
       3
       0
       3
       1
       2
       1
       4
       2
       1
       0
       1
       5
       0
       1
       2
       2
       2
       4
       1
       2
       2
       0
       3
       4
       4
       2
       0
       5
       2
       2
       0
       2
       2
       0
       2
       1
       3
       2
       5
       6
       4
       5
       0
       4
       4
       2
       5
       2
       1
       4
       2
       2
       2
       7
       3
       1
       0
       3
       2
       4
       2
       3
       1
       2
       4
       0
       2
       1
       3
       4
       5
       4
       5
       0
       4
       0
       4
       5
       3
       2
       8
       6
       2
       4
       4
       6
       4
       3
       5
       1
       6
       8
       3
       6
       9
       5
       5
       7
       4
       1
       4
       3
       5
       8
       6
       9
      11
       8
       9
      13
       7
      13
      10
       9
      10
      11
      12
      15
      18
      17
      10
      19
      23
      21
      20
      31
      31
      33
      40
      35
      38
      50
      51
      58
      57
      61
      95
      81
      99
     103
     120
     123
     127
     151
     141
     184
     174
     167
     171
     198
     208
     219
     225
     223
     256
     252
     256
     260
     303
     305
     276
     277
     279
     287
     306
     274
     274
     282
     266
     262
     249
     257
     247
     240
     230
     237
     210
     210
     201
     180
     163
     170
     172
     161
     157
     144
     125
     143
     142
      91
      86
     113
      97
      87
      86
      76
      70
      68
      74
      57
      47
      49
      61
      46
      35
      44
      32
      29
      24
      28
      18
      20
      18
      18
      20
      12
      11
      16
       8
      17
      12
      11
       5
       7
      14
      14
       8
       5
      12
      12
       4
      13
       7
      13
       8
      11
      14
      12
      15
      14
      12
      14
      17
      11
      11
      13
      16
      25
      25
      22
      25
      34
      24
      39
      43
      35
      45
      36
      47
      53
      58
      53
      84
      66
      86
     101
      86
      85
     123
     118
     113
     110
     129
     143
     126
     145
     125
     153
     156
     125
     148
     168
     171
     168
     150
     159
     160
     146
     164
     184
     144
     173
     167
     140
     152
     131
     137
     155
     122
     118
     122
     107
     119
     106
      96
      96
      98
     100
      94
      88
      89
      69
      81
      60
      65
      63
      75
      69
      58
      46
      47
      38
      36
      41
      36
      36
      31
      30
      20
      24
      15
      20
      17
      14
      19
      19
      13
      17
      13
       5
      10
       9
       5
       4
       5
       6
       5
       3
       2
       4
       8
       6
       3
       4
       1
       1
       1
       6
       5
       1
       6
       0
       2
       2
       0
       1
       4
       2
       1
       3
       0
       4
       2
       4
       1
       0
       1
       0
       1
       2
       1
       2
       2
       4
       3
       1
       1
       0
       3
       3
       0
       0
       0
       3
       1
       1
       1
       1
       0
       2
       3
       1
       1
       0
       2
       4
       2
       0
       3
       3
       0
       1
       1
       1
       2
       1
       0
       3
       1
       2
       1
       1
       1
       0
       1
       2
       2
       0
       2
       1
       2
       0
       2
       2
       0
       0
       1
       0
       1
       3
       1
       0
       1
       2
       1
       1
       3
       2
       3
       3
       3
       2
       1
       1
       2
       0
       2
       1
       2
       0
       0
       1
       2
       1
       0
       1
       1
       0
       0
       1
       2
       3
       0
       2
       1
       3
       2
       0
       0
       1
       0
       1
       0
       0
       0
       2
       2
       0
       1
       2
       0
       1
       2
       1
       1
       2
       3
       1
       4
       2
       1
       2
       0
       2
       1
       1
       3
       2
       2
       1
       1
       1
       2
       1
       0
       0
       3
       3
       0
       1
       2
       0
       0
       4
       0
       0
       0
       1
       2
       2
       2
       1
       2
       1
       0
       1
       0
       0
       1
       1
       0
       3
       1
       2
       0
       1
       2
       1
       1
       0
       2
       1
       2
       1
       1
       1
       0
       0
       4
       1
       0
       1
       3
       2
       4
       1
       3
       1
       1
       1
       3
       0
       2
       2
       1
       1
       1
       3
       4
       0
       3
       2
       1
       2
       1
       4
       1
       0
       1
       3
       0
       4
       4
       0
       1
       0
       3
       3
       1
       2
       1
       0
       3
       2
       1
       2
       2
       2
       1
       0
       2
       3
       0
       3
       0
       5
       0
       2
       1
       0
       2
       0
       3
       2
       2
       1
       2
       2
       2
       5
       3
       1
       3
       0
       2
       1
       3
       1
       1
       1
       2
       2
       3
       1
       0
       2
       2
       0
       1
       2
       0
       0
       0
       1
       1
       2
       1
       0
       3
       1
       1
       3
       3
       3
       1
       3
       1
       3
       1
       2
       1
       2
       2
       1
       1
       4
       3
       3
       1
       3
       1
       1
       2
       3
       2
       2
       2
       1
       2
       3
       0
       3
       2
       2
       2
       1
       1
       1
       2
       2
       1
       0
       1
       4
       0
       5
       1
       0
       1
       1
       3
       1
       5
       2
       3
       2
       1
       6
       1
       1
       1
       2
       1
       2
       1
       2
       2
       1
       1
       0
       0
       1
       1
       1
       0
       3
       0
       2
       1
       0
       0
       0
       1
       0
       0
       0
       4
       1
       1
       4
       1
       1
       2
       4
       0
       1
       2
       7
       2
       2
       3
       1
       5
       3
       0
       1
       4
       0
       1
       3
       2
       0
       3
       1
       0
       2
       1
       1
       1
       2
       2
       2
       2
       1
       1
       3
       3
       0
       4
       3
       4
       2
       1
       3
       3
       3
       2
       1
       1
       2
       1
       1
       2
       2
       6
       4
       3
       2
       1
       3
       2
       0
       1
       1
       1
       0
       1
       2
       1
       2
       2
       0
       2
       0
       2
       3
       2
       2
       3
       1
       5
       2
       2
       2
       0
       1
       2
       4
       1
       3
       1
       2
       1
       2
       1
       5
       2
       0
       3
       4
       0
       2
       0
       2
       1
       4
       2
       3
       2
       1
       2
       2
       7
       4
       0
       5
       3
       3
       1
       3
       2
       2
       5
       2
       7
       3
       1
       4
       3
       3
       3
       3
       2
       0
       3
       5
       2
       6
       6
       1
       2
       5
       4
       2
       4
       4
       4
       2
       0
       2
       5
       1
       1
       5
       4
       4
       5
       2
       2
       1
       0
       3
       2
       2
       4
       2
       1
       7
       4
       2
       3
       3
       2
       4
       4
       2
       1
       7
       2
       4
       3
       1
       4
       1
       3
       6
       2
       5
       1
       8
       0
       2
       1
       1
       2
       2
       7
       1
       5
       2
       4
       2
       3
       2
       3
       1
       1
       4
       4
       4
       5
       8
       5
       6
       2
       3
       6
       3
       4
       2
       4
       5
       6
       2
       3
       4
       2
       4
       1
       5
       3
       4
       3
       5
       4
       5
       4
       9
       7
       5
       6
       3
       4
       2
       4
       3
       7
       1
       4
       5
       5
       2
       7
       3
       5
       9
       3
       1
       7
       5
       3
       6
       4
       3
       2
       4
       6
       5
       2
       5
       8
       6
       6
       5
       6
       1
       7
       6
       7
       3
       2
       2
       4
       4
       3
       7
       4
       8
       2
       4
       4
       4
       6
       6
       5
       3
       4
       4
       4
       3
      10
       2
       5
       1
       4
       9
      12
       5
       7
       8
       3
       1
      12
      10
       6
       9
       6
       9
       4
       7
       8
       4
       5
       6
       5
       9
      10
       8
       9
       2
       5
      13
       5
       6
       5
       7
       8
      11
       3
       9
       2
       3
      11
       5
       4
       8
       5
       7
       7
       8
       6
       8
       8
      11
       9
       6
      10
       5
       8
       7
      10
      10
       6
       4
      14
      11
       7
       8
       7
       8
       8
       9
       6
      11
      12
      11
       3
       4
       9
      10
      11
      13
       9
       9
       6
      10
       8
       6
      12
      10
      15
       9
       6
       6
       5
      12
      14
      10
      11
      10
      18
       9
       8
       9
      15
      18
      13
      13
      12
      12
      20
      14
      18
       8
      16
      14
      14
      14
      12
      13
      15
      14
      10
      15
      16
      11
      13
      12
      17
      13
      21
      14
      14
      18
      12
      13
      20
      17
      20
      16
      17
      15
      17
      29
      14
      12
      26
      20
      19
      20
      15
      13
      22
      22
      27
      19
      25
      14
      21
      11
      19
      29
      21
      23
      17
      22
      24
      17
      24
      22
      25
      22
      19
      25
      19
      25
      23
      25
      29
      29
      36
      25
      24
      25
      29
      28
      30
      25
      29
      26
      31
      28
      34
       0
       0
       0
       0
       0
       0
       0
       0
       0
       0
       0
       0
       0
       0
       0
       0
       0
       0
       0
       0
       0
       0
       0
       0
       0
       0
       0
       0
       0
       0
       0
       0
$ROI:
1
27 2032
$PRESETS:
Live Time
100
0
$ENER_FIT:
0.000000 0.024067
$MCA_CAL:
3
0.000000E+000 2.406711E-002 0.000000E+000 keV
$SHAPE_CAL:
3
0.000000E+000 0.000000E+000 0.000000E+000
