$SPEC_ID:
No sample description was entered.
$SPEC_REM:
DET# 2
DETDESC# JLAB-20 MCB 129
AP# Maestro Version 7.01
$DATE_MEA:
02/11/2016 15:24:35
$MEAS_TIM:
100 117
$DATA:
0 2047
       0
       0
       0
       0
       0
       0
       0
       0
       0
       0
       0
       0
       0
       0
       0
       0
       0
       0
       0
       0
       0
       0
       0
       0
       0
       0
       0
       0
       0
       0
       0
       0
       0
       0
       0
       0
       0
       0
       0
       0
       0
       0
       0
       0
       0
       0
       0
       0
       6
    1579
   23564
   21936
   19763
   17837
   15885
   14455
   13263
   11862
   10817
   10017
    9078
    8326
    7564
    6977
    6480
    5884
    5449
    5027
    4636
    4203
    3878
    3603
    3426
    3171
    3011
    2706
    2546
    2299
    2090
    1936
    1829
    1635
    1526
    1359
    1249
    1178
    1022
     921
     778
     748
     642
     512
     497
     396
     369
     366
     274
     247
     204
     189
     147
     124
     117
     118
      94
      97
      93
      77
      70
      67
      57
      82
      63
      52
      53
      60
      59
      54
      54
      47
      61
      53
      44
      52
      61
      57
      56
      50
      41
      45
      55
      45
      40
      48
      44
      51
      54
      38
      46
      49
      44
      46
      47
      39
      38
      33
      40
      40
      43
      41
      34
      29
      46
      34
      24
      28
      30
      35
      42
      42
      29
      49
      39
      42
      28
      32
      35
      33
      46
      34
      32
      32
      35
      35
      31
      28
      47
      35
      33
      24
      37
      30
      17
      29
      37
      38
      26
      44
      32
      45
      26
      28
      25
      23
      39
      27
      29
      35
      20
      33
      28
      38
      28
      25
      25
      28
      30
      22
      29
      30
      25
      25
      26
      26
      28
      27
      26
      33
      27
      24
      28
      23
      30
      29
      26
      25
      37
      21
      32
      30
      26
      20
      25
      28
      32
      17
      23
      24
      27
      20
      27
      26
      25
      21
      26
      22
      20
      28
      25
      30
      17
      22
      20
      22
      15
      23
      25
      15
      19
      25
      27
      21
      20
      13
      18
      29
      17
      21
      19
      11
      23
      26
      32
      36
      18
      28
      21
      21
      26
      15
      27
      33
      25
      19
      24
       9
      18
      18
      24
      16
      19
      17
      19
      25
      16
      22
      18
      17
      17
      13
      25
      15
      18
      19
      13
      15
      18
      17
      24
      15
      15
      14
      15
      19
      17
      18
      19
      24
      16
      14
      17
      22
      17
      16
      19
      13
      18
      22
      20
      16
      11
      12
      14
      18
      18
      17
      19
      19
      19
      21
      18
      10
      13
      18
      16
      20
      19
      13
      16
      17
      16
      15
      23
      13
      19
      19
      12
      17
      17
      18
      20
      16
      15
      18
      17
      15
      10
      19
      12
      16
      12
      14
      21
      19
      12
      11
      15
      21
      13
      16
      16
      14
      18
      18
      31
      15
      19
      13
      10
      21
      15
      18
      19
      21
      21
      22
      14
      22
      16
      21
      20
      17
      19
      17
      25
      29
      16
      18
      25
      29
      21
      13
       9
      28
      29
      22
      22
      17
      15
      29
      24
      22
      28
      29
      22
      23
      28
      23
      22
      27
      23
      24
      23
      24
      23
      20
      29
      28
      24
      29
      25
      26
      34
      33
      33
      36
      35
      50
      35
      42
      55
      59
      48
      52
      48
      60
      56
      63
      67
      68
      72
      77
      83
      75
      64
      66
      77
      74
     102
      80
      96
      86
      80
      89
      96
      95
     112
      95
     108
      83
     105
     112
     115
     105
      93
     112
     117
     129
     137
     116
     144
     117
     150
     140
     151
     172
     177
     193
     189
     179
     199
     202
     246
     240
     265
     282
     268
     277
     257
     312
     322
     302
     331
     322
     329
     336
     342
     320
     323
     295
     291
     308
     319
     307
     290
     309
     316
     292
     257
     251
     250
     213
     230
     214
     208
     222
     215
     189
     184
     185
     172
     135
     168
     152
     114
     122
     123
     107
     103
      95
      90
      99
      63
      77
      78
      86
      58
      54
      68
      51
      48
      44
      45
      37
      30
      47
      32
      27
      32
      42
      22
      34
      22
      27
      25
      24
      25
      37
      30
      25
      26
      33
      25
      30
      31
      27
      25
      27
      25
      28
      29
      23
      26
      30
      30
      18
      20
      30
      29
      27
      24
      30
      31
      30
      38
      39
      26
      30
      34
      33
      43
      30
      34
      37
      53
      49
      39
      47
      51
      52
      46
      48
      58
      50
      60
      73
      59
      65
      70
      72
      66
      77
      71
      73
      78
      73
      81
      77
      67
      70
      68
      58
      57
      69
      70
      72
      67
      79
      58
      63
      63
      64
      61
      61
      46
      39
      60
      31
      53
      52
      57
      42
      37
      42
      45
      36
      45
      35
      30
      31
      36
      31
      35
      30
      32
      26
      24
      15
      21
      18
      26
      18
      16
      24
      25
      22
      20
      13
      12
      20
      20
      14
      10
      15
      12
      16
      15
      18
       9
      22
      13
       7
      14
      16
      14
      10
      15
      17
       8
      13
      10
      11
      12
      19
      13
       7
      13
      13
      10
      12
      17
      13
      11
       8
      13
      13
       8
      16
      12
      13
       8
       8
      11
       6
       6
      12
       9
      11
      13
      15
      16
      14
      11
      13
      16
      11
      14
       8
      10
      12
      13
      11
      11
      13
       8
       7
       5
      16
      11
      17
      14
       8
      12
      12
      13
      18
      12
      12
       9
      16
      16
      21
      13
      16
      14
      17
      23
      15
      11
      18
      14
      15
      13
      12
      10
      18
       9
      12
      18
      21
      14
      15
      17
      16
      14
      16
      13
      11
      10
      12
      16
      17
      17
      12
      15
      18
      22
      21
      20
      17
      17
      16
      19
      24
      20
      21
      12
      16
      22
      22
      18
      15
      21
      19
      17
      16
      22
      17
      22
      28
      31
      26
      29
      28
      28
      25
      31
      35
      23
      26
      23
      23
      33
      35
      31
      29
      36
      27
      39
      34
      35
      37
      38
      44
      42
      44
      45
      41
      56
      52
      47
      50
      55
      66
      67
      61
      66
      72
      64
      80
      57
      70
      90
      92
     113
      96
     101
     131
     106
     124
     122
     123
     130
     145
     148
     202
     184
     184
     221
     219
     242
     241
     307
     314
     327
     414
     385
     472
     503
     541
     591
     617
     647
     754
     800
     953
     990
    1166
    1199
    1387
    1491
    1525
    1662
    1876
    2097
    2183
    2389
    2566
    2756
    2958
    3107
    3247
    3540
    3729
    3859
    4071
    4073
    4375
    4383
    4524
    4648
    4705
    4756
    5020
    4961
    4946
    4947
    5029
    4989
    4781
    4809
    4808
    4867
    4525
    4566
    4476
    4226
    4110
    3992
    3807
    3717
    3573
    3439
    3282
    3157
    2879
    2860
    2655
    2616
    2399
    2400
    2153
    2057
    2019
    1771
    1703
    1574
    1491
    1355
    1351
    1219
    1219
    1039
     991
     875
     806
     698
     661
     598
     496
     474
     397
     401
     377
     343
     298
     294
     249
     229
     235
     223
     182
     166
     140
     143
     130
     124
     124
     127
     110
      90
     102
     109
     131
      81
      82
      82
      79
      86
      97
      94
     102
      93
     113
     115
     128
     115
     127
     124
     164
     157
     153
     175
     178
     229
     228
     244
     283
     318
     323
     325
     405
     389
     441
     475
     521
     556
     614
     673
     730
     745
     790
     847
     892
     920
     999
    1031
    1110
    1015
    1066
    1142
    1223
    1159
    1185
    1273
    1236
    1201
    1256
    1205
    1199
    1298
    1172
    1189
    1195
    1193
    1164
    1117
    1094
    1088
    1097
    1038
    1032
     926
     950
     917
     881
     887
     774
     753
     787
     697
     732
     704
     652
     645
     549
     538
     537
     465
     481
     454
     413
     391
     351
     333
     325
     298
     287
     238
     235
     198
     183
     160
     159
     144
     150
     125
     109
     101
     108
      85
      85
      84
      71
      67
      70
      61
      68
      59
      33
      36
      37
      26
      29
      39
      19
      24
      26
      15
      20
      14
      13
      21
      13
       8
      13
       9
       3
      12
       4
       6
       5
       5
       5
       6
       5
       7
       4
       1
       6
       3
       4
       4
       5
       5
       4
       3
       7
       9
       4
       3
       2
       2
       2
       4
       5
       8
       2
       5
       3
       2
       5
       0
       5
       2
       8
       8
       2
       3
       4
       3
       3
       2
       2
       3
       4
       4
       0
       4
       2
       2
       5
       9
       5
       5
       2
       4
       3
       3
       3
       7
       2
       5
       4
       2
       2
       4
       3
       6
       5
       5
       0
       2
       4
       4
       3
       4
       5
       4
       1
       3
       1
       4
       2
       4
       4
       2
       2
       6
       2
       3
       1
       0
       1
       2
       0
       2
       3
       6
       3
       1
       1
       4
       5
       1
       2
       3
       1
       2
       2
       6
       4
       1
       0
       3
       5
       3
       2
       2
       1
       2
       5
       1
       3
       7
       3
       3
       2
       7
       2
       6
       1
       2
       5
       2
       3
       2
       6
       2
       2
       3
       4
       4
       3
       4
       1
       2
       1
       3
       4
       4
       6
       4
       2
       3
       5
       3
       1
       6
       3
       7
       3
       3
       7
       7
       5
       5
       4
       2
       2
       4
       7
       9
       4
       3
       6
       1
       4
       5
       4
       2
       2
       4
       2
       2
       7
      12
       7
       2
       3
       3
      10
       4
       9
       5
       4
       3
       8
       4
       4
       7
       2
       5
       4
       7
       6
       6
       6
       4
       6
       8
       7
       5
       5
       1
       5
       8
       6
       7
       6
       3
       6
       6
       4
       5
      12
       3
       3
      10
       8
       7
      12
       9
       7
       5
       5
       7
       4
       6
       7
       6
       7
       7
       3
       4
       4
       8
       7
       5
      10
       9
       2
       4
       5
       5
      11
       7
       9
       3
       5
      12
       2
       8
       5
       6
       6
      13
       5
       9
       4
       4
       5
      11
       2
       9
       7
      10
       5
      13
       8
       9
       8
      10
       5
       6
       9
      13
       8
       7
       2
       7
       3
       6
       5
       7
       7
       7
       3
       3
       6
       6
       4
       4
       9
       9
       9
       2
       5
       5
       3
       5
       7
       6
       5
       4
       6
      10
       4
       6
       3
       6
      10
       9
       5
       5
       7
       8
      10
       9
       7
       6
       9
       7
       9
       7
       7
       5
       5
       8
       9
       8
       5
       6
       8
       9
       6
       6
       8
       3
       7
       5
       5
       9
       8
       6
       7
       8
      10
       5
       7
       9
       8
       3
       5
       7
       6
       3
       5
       5
       6
      10
       9
       5
       8
       7
       5
       2
       5
      10
       8
       4
       8
       1
       5
       6
       6
       4
       7
       7
       3
       3
       3
       5
       3
       5
       4
      10
       6
       5
       6
       5
       7
       4
       7
      11
       8
       6
       6
       5
       6
       4
      11
      13
       5
       8
       5
       6
       4
       5
       9
       4
       5
       8
       6
       4
       3
       7
       4
       6
      11
       6
      10
       6
       6
      11
      11
       4
       9
       7
       6
       9
       7
       7
       9
       6
       5
      12
       6
      13
       7
       7
       5
       6
       6
       6
       5
      10
       7
      11
       3
      10
       5
       6
       6
      10
       4
       8
       5
       9
       4
       3
      10
       7
       8
       6
       0
       9
      10
      10
       6
       6
       9
      10
       4
       7
      10
       9
       6
       9
       6
       8
       7
      10
       6
       4
       3
       8
       6
      13
       4
       6
      13
       6
      10
       8
       5
       6
       6
       7
       4
       9
      10
       8
       3
       4
       8
       8
       6
       8
       3
      10
       7
       7
       5
       7
      11
       6
       3
      10
      10
       9
       7
      10
       7
       5
       7
       8
       7
       5
      10
       7
      12
       2
       8
      10
      11
       8
       8
       5
       7
       9
       3
       6
      10
       9
       8
       6
      10
       6
       9
       7
       4
      11
       8
       7
      11
      15
       5
      11
       5
      15
      12
       9
       5
       9
       5
      10
       8
       7
      12
       8
       5
       5
      14
       3
      15
      10
      14
       8
      12
       4
      11
      10
       6
      10
       8
      11
       6
       7
      10
       7
       5
       9
      13
       5
       6
       7
      12
      11
      10
       6
       9
       8
       6
       8
       9
      13
       9
      15
      11
       6
       6
       9
      10
       6
      10
      10
       6
       8
       5
       7
       8
       5
      10
       8
       7
      15
      16
      18
      14
       5
       6
       5
      12
      13
       7
      10
      11
      15
       6
      12
       7
      15
      11
      14
       9
       6
      21
      14
      10
      16
      11
       6
      15
      11
      14
      13
       5
       8
      12
      13
      12
       8
      18
      14
      14
      17
      16
      14
      10
      12
      16
      13
      11
      17
      11
      12
       9
      13
      18
      16
      13
      16
      21
      11
      22
      12
      18
      17
      11
      17
      19
      11
      13
      12
      11
      27
      14
      13
      13
      13
      21
      21
      25
      14
      19
      13
      18
      27
      21
      26
      22
      19
      24
      19
      22
      16
      20
      11
      17
      18
      28
      10
      21
       8
      17
      21
      14
      19
      17
      21
      20
      15
      12
      15
      13
      17
      22
      20
      29
      17
      16
      11
      14
      17
      15
      15
      24
      18
      14
      20
      18
      14
       9
      16
      12
      15
      12
      19
      11
      16
      17
      13
      16
      15
      17
      19
      13
       9
      12
      20
      16
      18
      17
      20
      25
      13
      14
      25
      21
      13
      16
      19
      15
      21
      23
      17
      14
      17
      14
      30
      18
      19
      17
      21
      29
      21
      14
      20
      15
      19
      21
      17
      19
      19
      24
      15
      26
      18
      24
      22
      28
      24
      31
      19
      26
      27
      26
      20
      26
      23
      26
      21
      29
      29
      31
      17
      26
      33
      25
      28
      23
      28
      37
      22
      35
      30
      41
      24
      47
      28
      35
      32
      41
      28
      36
      29
      26
      38
      43
      32
      36
      39
      35
      28
      37
      33
      46
      33
      33
      38
      46
      45
      34
      32
      38
       0
       0
       0
       0
       0
       0
       0
       0
       0
       0
       0
       0
       0
       0
       0
       0
       0
       0
       0
       0
       0
       0
       0
       0
       0
       0
       0
       0
       0
       0
       0
       0
$ROI:
0
$PRESETS:
Live Time
100
0
$ENER_FIT:
0.000000 0.024067
$MCA_CAL:
3
0.000000E+000 2.406711E-002 0.000000E+000 keV
$SHAPE_CAL:
3
0.000000E+000 0.000000E+000 0.000000E+000
