$SPEC_ID:
No sample description was entered.
$SPEC_REM:
DET# 2
DETDESC# JLAB-20 MCB 129
AP# Maestro Version 7.01
$DATE_MEA:
02/11/2016 16:24:44
$MEAS_TIM:
100 113
$DATA:
0 2047
       0
       0
       0
       0
       0
       0
       0
       0
       0
       0
       0
       0
       0
       0
       0
       0
       0
       0
       0
       0
       0
       0
       0
       0
       0
       0
       0
       0
       0
       0
       0
       0
       0
       0
       0
       0
       0
       0
       0
       0
       0
       0
       0
       0
       0
       0
       0
       0
      10
    1668
   22625
   21366
   19029
   17036
   15598
   14196
   12682
   11550
   10547
    9684
    8761
    8050
    7446
    6778
    6150
    5629
    5262
    4975
    4548
    4102
    3918
    3532
    3342
    3122
    2909
    2640
    2500
    2229
    2082
    1866
    1760
    1671
    1495
    1343
    1282
    1084
     920
     859
     734
     689
     602
     533
     469
     399
     354
     238
     229
     190
     159
     155
     121
      77
      90
      66
      51
      41
      50
      34
      23
      38
      20
      24
      22
      16
      23
      20
      19
      18
      20
      15
      20
      26
      17
      16
      14
      19
       7
      14
      16
      15
      13
      11
      10
      11
      19
      15
      15
       9
      20
      14
      14
      20
      12
      15
      14
       8
      16
      16
      12
      14
       7
       9
      15
      15
      10
      14
      12
       8
      17
       9
      10
      11
       4
      14
      12
      16
      11
      13
      10
      14
       7
      11
      13
      12
       9
      13
      10
      21
      14
      13
      13
       6
      11
       9
      15
      11
      11
      10
      11
      12
       6
      13
       5
       5
       6
       9
       7
       8
      12
      13
       5
      14
       9
       8
       8
       7
      13
      14
      11
       8
       6
       7
       8
       7
       5
      14
       9
      18
      10
       5
       7
      10
       8
       7
       8
       4
      11
      10
       6
       4
       7
       8
       8
      11
       7
       8
       8
       9
      10
       4
       6
       6
      10
       8
      10
       8
       5
       5
       4
       4
       7
       7
      12
       6
       5
       6
       5
      10
       5
       3
      17
       8
       9
       6
       4
       4
       8
       8
      11
       9
       6
       3
       8
       9
      12
       8
       6
       8
       4
       9
       6
       6
       6
      12
      11
       4
       8
       3
       9
       8
       8
       7
      12
       6
       4
       4
       5
       7
       8
       9
       7
       6
       3
       6
       7
       9
       7
      11
       9
       4
       3
       6
      11
      11
       5
       9
       7
       3
       7
       7
       6
       7
       5
       5
       5
       8
       5
       3
       7
       7
       9
       5
       9
       6
       9
       4
       8
      12
       6
       3
       9
       5
       5
       4
       7
       7
       5
       4
       7
       4
       9
       7
       6
       4
       9
       5
       6
      17
       4
       6
       5
       6
       6
       5
       6
       6
       6
      14
       3
       1
       4
       9
       2
       6
       5
       7
       4
       7
       4
       3
       8
       4
       7
       0
       3
       4
       5
       4
       6
       9
       3
       6
       9
       2
       6
       4
       7
      10
       9
       3
       1
       7
       7
       8
       8
      10
       8
      10
      10
       2
      12
       8
      12
      10
      13
       5
       5
       6
       8
       6
       6
       9
       8
       4
       8
       8
       8
       4
       5
       7
       8
       5
       6
      11
      10
       7
       2
       7
      11
       5
      15
      12
       9
       7
       9
       9
       7
       8
      13
      14
      13
      10
      13
      22
      12
      16
      14
      24
      15
      19
      25
      26
      18
      16
      16
      10
      13
      20
      20
      13
      19
      23
      20
      21
      24
      19
      19
      19
      24
      29
      24
      26
      34
       9
      25
      19
      30
      19
      27
      31
      36
      32
      34
      34
      39
      30
      41
      54
      45
      44
      69
      66
      53
      67
      81
      60
      80
      61
      65
      56
      70
      85
      81
      73
      78
      80
      77
      65
      83
      73
      82
      56
      86
      68
      60
      77
      78
      52
      58
      81
      54
      55
      57
      56
      54
      65
      40
      50
      50
      37
      38
      32
      27
      34
      34
      29
      33
      29
      28
      28
      15
      27
      26
      26
      17
      11
      11
      21
      10
      18
      12
      14
      12
      11
      10
      11
       9
      13
       7
       8
       8
       6
       8
       5
       7
       9
       6
       5
      12
       8
       4
       9
       9
       9
      15
      12
      11
       7
      16
      10
      11
      18
      11
       7
      13
      13
      21
       8
      12
       7
      14
      12
      13
      13
      15
      17
      12
      13
      10
       9
       8
      15
      10
      16
      12
      13
      21
      13
      16
       9
      20
      25
      23
      18
      28
      11
      24
      22
      24
      25
      25
      25
      21
      24
      31
      26
      31
      22
      39
      28
      22
      27
      22
      27
      21
      24
      16
      19
      26
      17
      18
      20
      28
      19
      24
      23
      18
      14
      17
      15
      15
      15
      10
      21
      16
      13
      15
      11
      11
       7
      11
       9
      10
      12
      13
      11
      10
       8
       5
       4
       9
       7
       5
       6
       6
       3
       3
       8
       9
       7
       3
       6
       6
       2
       6
       7
       2
       3
       5
       5
       4
       3
       3
       3
       5
       4
       3
       4
       5
       1
       3
       6
       3
       1
       5
       3
       3
       4
       3
       4
       4
       1
       3
       3
       3
       5
       2
       0
       3
       1
       2
       4
       1
       2
       2
       2
       3
       4
       3
       1
       7
       4
       7
       6
       4
       4
       5
       4
       2
       4
       2
       4
       4
       7
       3
       4
       5
       3
       4
       4
       7
       1
       4
       3
       3
       2
       3
       4
       4
       7
       0
       4
       5
       3
       5
       0
       2
       6
       5
       4
       3
       4
       1
       2
       6
       1
       4
       4
       1
       4
       4
       4
       5
       0
       4
       7
       4
       6
       4
       5
       5
       8
       7
       2
       5
       6
       4
       3
       4
       1
       7
       9
       4
       7
       6
       2
       7
       5
       5
       4
       7
       4
       4
       6
       6
       4
       5
       9
       8
       4
       1
       4
       4
       7
       7
       6
      13
       3
       6
      14
       8
       8
       6
       4
       3
       9
       6
      10
       6
      14
      14
       7
       9
       7
      14
      18
      14
      10
       9
      11
      13
      14
      13
      17
      17
      17
      12
      14
      23
      17
      17
      23
      25
      25
      29
      16
      26
      19
      30
      25
      37
      24
      30
      37
      41
      46
      52
      51
      46
      58
      49
      68
      78
      74
      85
      77
      94
      79
     104
     125
     150
     140
     155
     175
     192
     232
     250
     277
     266
     329
     359
     367
     410
     471
     492
     548
     545
     603
     693
     672
     758
     796
     884
     854
     958
     951
    1008
    1022
    1031
    1118
    1083
    1169
    1170
    1213
    1142
    1240
    1159
    1146
    1196
    1151
    1113
    1100
    1137
    1112
    1080
    1074
     983
     974
     939
     869
     864
     843
     742
     723
     744
     689
     619
     618
     574
     568
     563
     534
     493
     480
     421
     359
     366
     352
     297
     297
     286
     229
     242
     196
     195
     210
     167
     155
     137
     133
     108
     114
      85
      91
      87
      70
      66
      65
      59
      56
      51
      44
      30
      45
      39
      36
      27
      20
      29
      31
      32
      33
      24
      30
      23
      30
      34
      29
      22
      28
      34
      34
      30
      28
      32
      34
      32
      46
      60
      51
      67
      65
      53
      74
      80
      91
      90
      98
     101
     128
     129
     132
     178
     182
     175
     201
     211
     210
     255
     278
     301
     281
     309
     310
     329
     340
     388
     359
     383
     378
     419
     418
     456
     462
     430
     428
     464
     437
     431
     450
     423
     464
     458
     395
     440
     444
     428
     408
     379
     371
     391
     319
     363
     327
     310
     307
     280
     328
     278
     246
     252
     265
     221
     269
     226
     202
     206
     194
     177
     146
     152
     145
     140
     119
     110
     114
      94
      88
     113
      77
      67
      75
      73
      58
      63
      55
      39
      38
      42
      36
      32
      28
      19
      19
      32
      30
      24
      13
      12
      13
      13
      16
      13
       3
       8
       8
       5
       5
       6
       7
      10
       6
       4
       4
       3
       5
       3
       4
       2
       4
       4
       6
       5
       4
       0
       3
       6
       3
       0
       3
       1
       2
       2
       2
       2
       5
       3
       2
       1
       0
       2
       2
       2
       2
       0
       2
       1
       1
       1
       3
       0
       2
       3
       1
       1
       0
       0
       2
       1
       1
       1
       2
       0
       1
       2
       3
       1
       1
       2
       0
       1
       0
       3
       0
       0
       1
       2
       0
       2
       2
       1
       1
       1
       1
       2
       1
       5
       4
       2
       2
       2
       0
       1
       1
       1
       1
       2
       1
       1
       1
       0
       2
       1
       3
       0
       5
       2
       2
       1
       2
       1
       1
       1
       5
       1
       1
       1
       2
       3
       1
       0
       3
       0
       2
       1
       3
       3
       1
       3
       2
       1
       2
       0
       2
       2
       1
       1
       2
       1
       1
       3
       2
       3
       0
       1
       1
       2
       1
       1
       2
       1
       0
       2
       0
       3
       3
       2
       2
       0
       1
       0
       3
       0
       1
       3
       1
       0
       3
       1
       0
       1
       2
       1
       3
       1
       2
       1
       2
       0
       2
       0
       0
       1
       1
       0
       3
       3
       3
       2
       1
       0
       1
       1
       1
       3
       3
       3
       3
       1
       2
       0
       2
       3
       0
       0
       3
       2
       1
       1
       4
       1
       2
       1
       3
       4
       0
       2
       2
       1
       1
       2
       1
       1
       2
       1
       1
       1
       3
       0
       6
       5
       1
       1
       5
       1
       0
       2
       3
       2
       1
       2
       3
       2
       1
       0
       4
       1
       4
       2
       4
       4
       2
       3
       1
       4
       3
       2
       0
       2
       1
       2
       0
       0
       2
       3
       0
       3
       2
       0
       1
       1
       4
       2
       3
       2
       3
       2
       2
       5
       0
       1
       1
       1
       0
       1
       0
       4
       2
       0
       0
       1
       2
       4
       0
       2
       1
       1
       2
       3
       1
       1
       2
       5
       4
       0
       2
       0
       4
       2
       1
       2
       0
       3
       0
       1
       1
       0
       3
       4
       3
       2
       0
       0
       4
       3
       3
       1
       5
       1
       1
       1
       0
       4
       2
       4
       2
       3
       1
       2
       3
       0
       1
       3
       4
       5
       0
       0
       3
       4
       0
       4
       5
       3
       4
       2
       1
       0
       1
       4
       0
       1
       1
       3
       3
       0
       1
       2
       3
       0
       3
       0
       2
       4
       4
       1
       2
       5
       3
       0
       2
       2
       6
       0
       1
       1
       1
       3
       3
       1
       2
       2
       4
       3
       1
       1
       1
       0
       1
       2
       3
       1
       1
       1
       1
       4
       3
       2
       4
       5
       1
       0
       3
       0
       0
       1
       2
       1
       1
       3
       1
       2
       4
       0
       2
       4
       1
       2
       1
       3
       0
       1
       1
       4
       2
       1
       6
       4
       1
       3
       3
       3
       4
       2
       3
       1
       4
       1
       4
       2
       1
       4
       3
       4
       1
       2
       3
       0
       3
       3
       1
       1
       2
       4
       1
       4
       5
       4
       2
       1
       2
       5
       2
       3
       4
       1
       7
       2
       4
       1
       4
       3
       2
       4
       0
       5
       4
       1
       1
       5
       4
       1
       0
       6
       3
       3
       3
       1
       0
       2
       0
       1
       4
       2
       6
       1
       0
       0
       1
       4
       2
       3
       1
       3
       3
       1
       4
       3
       5
       0
       3
       3
       4
       3
       3
       1
       1
       6
       2
       4
       0
       7
       5
       3
       4
       2
       3
       3
       2
       1
       4
       7
       3
       5
       1
       7
       3
       5
       5
       0
       4
       4
       3
       4
       2
       3
       5
       4
       3
       2
       5
       3
       3
       6
       5
       1
       3
       5
       1
       3
       5
       6
       5
       2
       6
       2
       1
       4
       4
       6
       6
       2
       2
       2
       2
       3
       2
       4
       0
       2
       3
       2
       5
       6
       3
       1
       4
       2
       3
       2
       4
       3
       6
       2
       5
       2
       6
       6
       5
       7
       3
       4
       5
       5
       2
       4
       4
       5
       3
       4
       1
       4
       5
       3
       2
       5
       1
       5
       0
       4
       7
       5
       5
       4
       4
       2
       7
       3
       4
       7
       6
       5
       4
       2
       7
       3
       5
       2
       6
       3
      11
       5
       3
       2
       2
       2
       5
       9
       4
       3
       8
       9
       1
       2
       3
       7
       2
       5
      10
       6
       2
       5
       5
       1
       4
       4
       4
       7
       2
       3
       8
       8
       2
       5
       4
       7
       2
       6
       7
       6
      10
       4
       4
       5
       7
       4
       6
       4
      11
      11
       6
       8
      10
       2
       8
       5
       5
       7
      10
       5
       3
      10
      13
       5
       4
       5
       7
       5
       7
      10
       5
       9
       8
       7
       5
       7
       9
      11
      10
       8
      11
      12
       6
      11
       9
       6
       6
       8
       8
       7
       9
       6
       5
       5
       9
       5
      16
       7
       8
      11
      11
       6
       8
       9
       7
      10
      14
      10
       9
      13
       8
       7
       6
      15
      10
       8
      10
       8
       8
      12
       5
      17
       8
      11
       6
      19
       9
      13
      12
      14
      15
      10
      15
      10
      11
      13
       9
       6
      11
       9
       9
       9
      11
       9
      10
       7
      11
      10
      12
      13
      16
      10
      10
      13
      13
      17
      11
       9
       9
      19
      13
      17
      13
       9
      15
      12
      13
      11
      13
      14
      19
      14
      14
      10
      14
      17
      14
      19
       8
      15
      16
      20
      23
      19
      18
      18
      16
      21
      13
      18
      21
      11
      27
      14
      22
      25
      14
      19
      18
      24
      12
      20
      13
      17
      24
      12
      29
      21
      23
      26
      26
      28
      21
      20
      19
      28
      33
      29
      18
      21
      25
      27
      19
      25
      30
      27
      21
      29
      21
      28
      28
      29
      26
      27
      40
      27
      23
      42
      27
      34
      27
      34
      27
      29
      30
      35
      48
       0
       0
       0
       0
       0
       0
       0
       0
       0
       0
       0
       0
       0
       0
       0
       0
       0
       0
       0
       0
       0
       0
       0
       0
       0
       0
       0
       0
       0
       0
       0
       0
$ROI:
1
27 2032
$PRESETS:
Live Time
100
0
$ENER_FIT:
0.000000 0.024067
$MCA_CAL:
3
0.000000E+000 2.406711E-002 0.000000E+000 keV
$SHAPE_CAL:
3
0.000000E+000 0.000000E+000 0.000000E+000
