$SPEC_ID:
No sample description was entered.
$SPEC_REM:
DET# 2
DETDESC# JLAB-20 MCB 129
AP# Maestro Version 7.01
$DATE_MEA:
02/11/2016 16:06:45
$MEAS_TIM:
100 111
$DATA:
0 2047
       0
       0
       0
       0
       0
       0
       0
       0
       0
       0
       0
       0
       0
       0
       0
       0
       0
       0
       0
       0
       0
       0
       0
       0
       0
       0
       0
       0
       0
       0
       0
       0
       0
       0
       0
       0
       0
       0
       0
       0
       0
       0
       0
       0
       0
       0
       0
       0
       8
    1846
   23103
   21105
   19079
   17186
   15517
   14335
   12852
   11909
   10897
    9809
    9231
    8458
    7790
    7155
    6736
    6181
    5598
    5331
    4924
    4575
    4204
    4017
    3775
    3335
    3194
    2940
    2804
    2485
    2352
    2294
    2022
    1779
    1704
    1573
    1451
    1355
    1189
    1066
     905
     870
     761
     708
     576
     488
     446
     395
     338
     297
     247
     184
     172
     135
     120
     123
      84
      67
      55
      49
      47
      29
      26
      18
      17
      15
      13
      19
       5
       7
       8
       6
       3
       6
       3
       5
       3
       3
       2
       6
       3
       7
       3
       4
       2
       2
       5
       2
       1
       4
       5
       3
       2
       5
       6
       2
       3
       3
       1
       1
       2
       1
       0
       2
       2
       1
       6
       0
       0
       1
       3
       3
       3
       2
       2
       2
       2
       2
       2
       2
       4
       3
       1
       0
       2
       6
       3
       0
       3
       4
       2
       1
       4
       2
       6
       3
       2
       1
       1
       7
       1
       3
       1
       2
       3
       2
       2
       2
       2
       1
       2
       1
       3
       3
       3
       4
       4
       1
       1
       1
       3
       1
       2
       1
       0
       3
       2
       4
       3
       4
       6
       2
       1
       1
       2
       6
       2
       4
       3
       2
       2
       3
       0
       2
       1
       1
       6
       3
       3
       1
       4
       0
       2
       1
       3
       1
       2
       1
       1
       4
       2
       2
       2
       1
       3
       1
       2
       2
       1
       3
       1
       1
       1
       3
       2
       2
       3
       0
       1
       2
       2
       2
       2
       4
       2
       2
       2
       2
       2
       2
       3
       3
       3
       2
       1
       1
       2
       3
       0
       4
       2
       6
       1
       2
       2
       5
       2
       4
       0
       4
       4
       0
       2
       4
       0
       1
       1
       2
       4
       0
       2
       6
       2
       2
       2
       1
       3
       1
       1
       2
       3
       4
       6
       6
       4
       0
       4
       2
       1
       4
       2
       2
       2
       5
       2
       2
       5
       3
       1
       0
       0
       4
       2
       2
       0
       3
       4
       2
       1
       5
       1
       2
       1
       0
       2
       2
       1
       2
       2
       3
       1
       0
       5
       4
       1
       0
       3
       2
       5
       2
       4
       2
       3
       0
       2
       2
       2
       1
       4
       3
       5
       5
       4
       1
       4
       1
       4
       2
       2
       3
       1
       0
       2
       2
       2
       4
       4
       2
       2
       2
       3
       1
       2
       2
       0
       1
       1
       1
       2
       3
       2
       2
       1
       3
       2
       1
       1
       0
       6
       4
       1
       3
       0
       2
       1
       2
       0
       3
       1
       2
       1
       3
       4
       4
       1
       2
       0
       1
       3
       3
       1
       3
       3
       3
       2
       2
       1
       1
       1
       3
       2
       2
       0
       2
       1
       4
       0
       3
       2
       4
       2
       2
       2
       4
       2
       1
       1
       6
       5
       2
       1
       4
       4
       1
       2
       1
       1
       2
       1
       4
       1
       2
       2
       1
       3
       1
       1
       2
       3
       1
       0
       0
       5
       2
       1
       2
       1
       0
       2
       1
       5
       1
       7
       0
       1
       6
       4
       3
       0
       4
       4
       2
       0
       3
       0
       1
       3
       4
       5
       2
       1
       3
       5
       1
       1
       1
       1
       2
       0
       2
       1
       1
       2
       1
       0
       1
       2
       2
       1
       4
       3
       1
       3
       2
       3
       1
       1
       2
       2
       4
       1
       2
       0
       2
       6
       4
       2
       4
       0
       4
       0
       2
       4
       4
       1
       3
       2
       1
       0
       2
       2
       4
       1
       5
       1
       2
       1
       4
       1
       1
       1
       2
       2
       1
       2
       1
       0
       3
       2
       2
       1
       0
       0
       2
       0
       0
       2
       0
       1
       3
       0
       2
       1
       1
       0
       2
       0
       1
       0
       2
       0
       1
       2
       1
       3
       1
       1
       2
       1
       0
       1
       0
       3
       2
       1
       1
       2
       2
       2
       3
       4
       2
       3
       1
       1
       3
       1
       0
       1
       3
       4
       2
       1
       2
       3
       3
       2
       3
       0
       2
       2
       2
       4
       3
       2
       2
       3
       3
       0
       1
       1
       0
       2
       3
       0
       2
       2
       2
       6
       3
       1
       1
       1
       0
       4
       3
       1
       1
       1
       3
       0
       2
       0
       0
       0
       3
       1
       3
       0
       0
       0
       1
       2
       4
       0
       2
       0
       2
       3
       2
       0
       3
       0
       3
       1
       2
       0
       5
       2
       4
       4
       1
       0
       2
       7
       1
       3
       2
       2
       3
       3
       4
       4
       1
       6
       2
       2
       2
       4
       3
       0
       2
       2
       1
       3
       1
       2
       1
       1
       0
       1
       3
       2
       1
       1
       1
       2
       4
       0
       2
       0
       1
       1
       0
       2
       1
       1
       2
       2
       1
       1
       2
       3
       1
       1
       0
       2
       6
       0
       1
       1
       2
       1
       1
       2
       0
       1
       1
       3
       2
       3
       4
       3
       2
       1
       2
       0
       0
       1
       2
       1
       1
       0
       3
       4
       2
       1
       1
       0
       1
       2
       1
       3
       1
       1
       1
       1
       0
       2
       5
       2
       0
       0
       0
       3
       1
       2
       1
       3
       2
       1
       1
       1
       1
       2
       1
       0
       1
       1
       6
       3
       1
       1
       1
       3
       2
       2
       2
       0
       4
       2
       2
       1
       2
       2
       2
       1
       0
       1
       1
       1
       1
       0
       1
       2
       2
       0
       0
       0
       2
       2
       4
       2
       0
       2
       2
       2
       0
       0
       1
       3
       3
       1
       2
       2
       0
       2
       0
       0
       2
       2
       1
       2
       2
       0
       0
       0
       2
       2
       3
       2
       4
       0
       1
       4
       2
       0
       2
       3
       1
       2
       1
       3
       1
       2
       3
       1
       4
       1
       3
       4
       1
       1
       4
       2
       5
       1
       2
       3
       2
       3
       2
       4
       7
       3
       0
       7
       9
       7
       7
       7
       5
       4
       6
       9
       7
       2
      11
       5
      10
       5
       7
       7
       7
       6
       7
       5
       5
       4
       9
       4
       7
       3
       8
       7
       6
       3
       5
       2
       2
       3
       4
       4
       5
       4
       2
       0
       2
       2
       5
       2
       3
       2
       2
       2
       2
       2
       2
       4
       1
       3
       2
       2
       2
       9
       3
       2
       1
       1
       1
       2
       3
       2
       1
       3
       2
       2
       1
       3
       2
       1
       1
       3
       3
       3
       2
       1
       1
       2
       1
       0
       1
       0
       3
       6
       0
       4
       2
       4
       3
       3
       0
       2
       4
       0
       2
       6
       3
       4
       5
       0
       3
       3
       3
       1
       6
       4
       3
       6
       8
       5
       7
      10
       4
       5
       8
       5
       9
      10
       9
       9
       7
       3
      13
      12
      15
      12
       7
       8
       8
       9
       6
      14
      15
      12
       4
       8
      14
       7
      10
       7
      10
      11
       7
       5
       8
       7
       7
       6
       2
       8
       4
      10
       1
       3
       7
      10
       7
       6
       0
       7
       2
       0
       6
       4
       6
       5
       6
       3
       3
       5
       3
       5
       4
       5
       3
       1
       3
       2
       3
       1
       5
       1
       2
       0
       3
       0
       2
       1
       2
       4
       1
       1
       1
       4
       2
       3
       0
       2
       0
       0
       1
       1
       0
       4
       1
       0
       4
       1
       1
       1
       0
       2
       2
       4
       2
       3
       0
       1
       1
       2
       2
       2
       0
       1
       1
       1
       1
       1
       2
       2
       0
       0
       2
       0
       2
       3
       2
       2
       0
       2
       1
       2
       1
       1
       5
       2
       1
       2
       2
       0
       3
       2
       1
       2
       2
       1
       2
       4
       0
       1
       1
       0
       1
       1
       1
       0
       0
       1
       2
       0
       1
       2
       1
       2
       1
       2
       2
       0
       0
       1
       1
       1
       2
       0
       0
       1
       1
       0
       0
       0
       1
       1
       0
       0
       1
       4
       4
       1
       0
       1
       1
       2
       3
       1
       0
       2
       1
       0
       1
       0
       3
       0
       0
       0
       1
       0
       0
       0
       2
       0
       0
       1
       1
       2
       2
       2
       0
       2
       2
       3
       1
       0
       1
       1
       2
       0
       1
       1
       1
       1
       0
       0
       1
       2
       1
       1
       0
       2
       0
       0
       1
       3
       0
       1
       0
       0
       5
       0
       2
       1
       1
       0
       3
       2
       2
       0
       3
       3
       3
       0
       1
       0
       0
       2
       0
       2
       0
       0
       2
       1
       1
       0
       1
       0
       1
       1
       0
       3
       1
       3
       0
       2
       4
       0
       1
       2
       2
       4
       3
       2
       4
       2
       2
       1
       1
       2
       2
       1
       3
       0
       1
       2
       1
       1
       1
       1
       1
       1
       1
       2
       3
       1
       0
       0
       2
       1
       1
       1
       1
       1
       1
       2
       2
       0
       2
       0
       2
       1
       2
       1
       3
       0
       1
       1
       2
       1
       0
       2
       1
       3
       0
       1
       3
       1
       0
       4
       1
       2
       2
       1
       1
       1
       0
       1
       2
       0
       0
       1
       1
       1
       4
       2
       1
       1
       1
       1
       1
       1
       2
       2
       2
       1
       2
       0
       1
       1
       1
       2
       3
       3
       1
       0
       0
       2
       0
       1
       1
       0
       1
       0
       3
       0
       2
       3
       2
       0
       3
       1
       1
       0
       3
       3
       2
       0
       0
       2
       0
       1
       0
       1
       1
       0
       7
       2
       1
       1
       0
       1
       0
       2
       1
       1
       3
       2
       0
       1
       2
       1
       0
       0
       3
       1
       2
       2
       2
       1
       1
       1
       0
       0
       3
       0
       0
       0
       2
       2
       1
       2
       1
       2
       0
       2
       2
       1
       3
       3
       2
       2
       1
       0
       2
       4
       0
       2
       1
       1
       0
       2
       1
       0
       1
       1
       0
       2
       1
       0
       2
       3
       1
       1
       0
       1
       4
       2
       4
       2
       0
       0
       1
       0
       0
       2
       1
       3
       2
       3
       2
       0
       3
       2
       0
       0
       0
       2
       2
       0
       1
       2
       0
       3
       0
       1
       3
       2
       1
       0
       1
       0
       3
       1
       0
       1
       2
       4
       1
       1
       0
       1
       1
       0
       2
       2
       3
       0
       3
       0
       1
       0
       1
       2
       0
       0
       1
       2
       0
       2
       0
       2
       0
       0
       1
       1
       1
       2
       4
       4
       1
       1
       1
       0
       1
       2
       1
       3
       0
       1
       2
       1
       0
       3
       2
       2
       0
       2
       0
       2
       3
       0
       0
       2
       0
       1
       0
       1
       3
       1
       0
       0
       1
       1
       0
       4
       1
       0
       1
       2
       1
       3
       1
       1
       5
       1
       4
       3
       4
       1
       1
       1
       2
       0
       0
       3
       3
       2
       3
       2
       0
       2
       3
       4
       1
       2
       2
       0
       0
       1
       2
       5
       2
       1
       2
       1
       1
       0
       1
       0
       1
       3
       2
       2
       2
       4
       0
       1
       3
       2
       2
       0
       0
       4
       2
       0
       3
       2
       0
       3
       2
       1
       1
       3
       2
       3
       4
       3
       2
       3
       0
       2
       1
       3
       2
       5
       1
       1
       2
       0
       5
       1
       3
       2
       3
       2
       1
       7
       1
       4
       2
       2
       4
       3
       3
       1
       3
       2
       1
       3
       2
       1
       2
       2
       5
       4
       2
       3
       1
       5
       1
       4
       3
       1
       2
       1
       2
       3
       5
       2
       2
       2
       1
       3
       0
       3
       0
       0
       1
       4
       4
       2
       1
       4
       3
       1
       1
       2
       4
       3
       0
       2
       1
       3
       1
       3
       2
       1
       5
       7
       2
       2
       3
       2
       4
       4
       2
       2
       2
       1
       5
       2
       4
       2
       3
       1
       2
       2
       2
       3
       3
       2
       0
       4
       3
       3
       4
       6
       3
       2
       2
       2
       4
       2
       4
       4
       2
       4
       1
       1
       3
       3
       6
       3
       3
       6
       4
       5
       5
       3
       5
       4
       1
       1
       3
       2
       8
       4
       2
       4
       5
       6
       4
       3
       1
       8
       5
       4
       1
       7
       0
       4
       5
       4
       3
      10
       4
       3
       3
       2
       4
       3
       8
       7
       5
       7
       3
       7
       8
       6
       7
       2
       3
       7
       5
       3
       1
       8
       2
       4
       4
       4
       4
       4
       6
       5
       4
       2
      10
       3
       3
       6
       9
       8
      14
       2
       3
       9
       7
       6
       6
       3
       8
       5
       4
       3
       3
       8
       5
       9
       6
       9
       7
      10
       7
       6
      14
       4
       9
      11
       5
      12
      12
       4
       5
       5
       8
      11
       9
      12
      14
       8
       7
      14
       4
       4
       9
       8
       9
       6
       3
       4
      12
      12
      12
      13
      11
      10
       5
       7
       5
       7
       7
      15
       9
       8
      12
      11
       7
      11
       8
      12
      14
      12
      11
       9
      11
      13
       8
      10
      14
       7
      15
       9
      14
      13
      15
      16
       9
      12
      14
      10
      18
       9
      10
      14
      15
      15
      14
      17
      14
      15
      10
      12
      16
      20
      18
      11
      14
      16
      11
      15
      19
      18
      19
      21
      17
      20
      11
      26
      21
       0
       0
       0
       0
       0
       0
       0
       0
       0
       0
       0
       0
       0
       0
       0
       0
       0
       0
       0
       0
       0
       0
       0
       0
       0
       0
       0
       0
       0
       0
       0
       0
$ROI:
1
27 2032
$PRESETS:
Live Time
100
0
$ENER_FIT:
0.000000 0.024067
$MCA_CAL:
3
0.000000E+000 2.406711E-002 0.000000E+000 keV
$SHAPE_CAL:
3
0.000000E+000 0.000000E+000 0.000000E+000
