1.000	6534.600	50.000
2.000	6534.602	35.000
3.000	6534.605	50.000
4.000	6534.608	40.000
5.000	6534.610	40.000
6.000	6534.613	40.000
7.000	6534.615	35.000
8.000	6534.618	30.000
9.000	6534.620	30.000
10.000	6534.623	40.000
11.000	6534.625	60.000
12.000	6534.628	40.000
13.000	6534.630	65.000
14.000	6534.633	30.000
15.000	6534.635	10.000
16.000	6534.638	60.000
17.000	6534.640	70.000
18.000	6534.642	50.000
19.000	6534.645	55.000
20.000	6534.648	85.000
21.000	6534.650	55.000
22.000	6534.653	110.000
23.000	6534.655	90.000
24.000	6534.658	80.000
25.000	6534.660	110.000
26.000	6534.663	50.000
27.000	6534.665	85.000
28.000	6534.668	80.000
29.000	6534.670	85.000
30.000	6534.673	70.000
31.000	6534.675	90.000
32.000	6534.678	130.000
33.000	6534.680	80.000
34.000	6534.683	105.000
35.000	6534.685	100.000
36.000	6534.687	155.000
37.000	6534.690	115.000
38.000	6534.693	125.000
39.000	6534.695	135.000
40.000	6534.698	110.000
41.000	6534.700	110.000
42.000	6534.703	165.000
43.000	6534.705	100.000
44.000	6534.708	160.000
45.000	6534.710	175.000
46.000	6534.713	165.000
47.000	6534.715	180.000
48.000	6534.718	180.000
49.000	6534.720	190.000
50.000	6534.723	210.000
51.000	6534.725	230.000
52.000	6534.727	140.000
53.000	6534.730	140.000
54.000	6534.733	200.000
55.000	6534.735	210.000
56.000	6534.738	185.000
57.000	6534.740	270.000
58.000	6534.743	300.000
59.000	6534.745	170.000
60.000	6534.748	230.000
61.000	6534.750	315.000
62.000	6534.753	340.000
63.000	6534.755	340.000
64.000	6534.758	310.000
65.000	6534.760	385.000
66.000	6534.763	380.000
67.000	6534.765	350.000
68.000	6534.767	440.000
69.000	6534.770	455.000
70.000	6534.773	400.000
71.000	6534.775	370.000
72.000	6534.778	400.000
73.000	6534.780	425.000
74.000	6534.783	445.000
75.000	6534.785	455.000
76.000	6534.788	570.000
77.000	6534.790	530.000
78.000	6534.793	475.000
79.000	6534.795	500.000
80.000	6534.798	470.000
81.000	6534.800	585.000
82.000	6534.803	660.000
83.000	6534.805	550.000
84.000	6534.808	420.000
85.000	6534.810	520.000
86.000	6534.812	570.000
87.000	6534.815	525.000
88.000	6534.818	560.000
89.000	6534.820	520.000
90.000	6534.823	480.000
91.000	6534.825	475.000
92.000	6534.828	470.000
93.000	6534.830	480.000
94.000	6534.833	410.000
95.000	6534.835	490.000
96.000	6534.838	695.000
97.000	6534.840	690.000
98.000	6534.843	665.000
99.000	6534.845	470.000
100.000	6534.848	560.000
101.000	6534.850	490.000
102.000	6534.852	600.000
103.000	6534.855	680.000
104.000	6534.858	550.000
105.000	6534.860	630.000
106.000	6534.863	690.000
107.000	6534.865	650.000
108.000	6534.868	690.000
109.000	6534.870	645.000
110.000	6534.873	555.000
111.000	6534.875	560.000
112.000	6534.878	590.000
113.000	6534.880	565.000
114.000	6534.883	620.000
115.000	6534.885	455.000
116.000	6534.888	735.000
117.000	6534.890	560.000
118.000	6534.892	525.000
119.000	6534.895	580.000
120.000	6534.898	580.000
121.000	6534.900	630.000
122.000	6534.903	820.000
123.000	6534.905	750.000
124.000	6534.908	735.000
125.000	6534.910	610.000
126.000	6534.913	685.000
127.000	6534.915	690.000
128.000	6534.918	750.000
129.000	6534.920	700.000
130.000	6534.923	700.000
131.000	6534.925	985.000
132.000	6534.928	740.000
133.000	6534.930	790.000
134.000	6534.933	630.000
135.000	6534.935	710.000
136.000	6534.937	805.000
137.000	6534.940	755.000
138.000	6534.943	560.000
139.000	6534.945	640.000
140.000	6534.948	650.000
141.000	6534.950	810.000
142.000	6534.953	650.000
143.000	6534.955	675.000
144.000	6534.958	755.000
145.000	6534.960	715.000
146.000	6534.963	730.000
147.000	6534.965	830.000
148.000	6534.968	760.000
149.000	6534.970	880.000
150.000	6534.973	720.000
151.000	6534.975	555.000
152.000	6534.977	660.000
153.000	6534.980	680.000
154.000	6534.983	665.000
155.000	6534.985	710.000
156.000	6534.988	870.000
157.000	6534.990	680.000
158.000	6534.993	700.000
159.000	6534.995	630.000
160.000	6534.998	580.000
161.000	6535.000	650.000
162.000	6535.003	470.000
163.000	6535.005	620.000
164.000	6535.008	435.000
165.000	6535.010	580.000
166.000	6535.013	440.000
167.000	6535.015	490.000
168.000	6535.017	460.000
169.000	6535.020	435.000
170.000	6535.023	470.000
171.000	6535.025	310.000
172.000	6535.028	440.000
173.000	6535.030	375.000
174.000	6535.033	560.000
175.000	6535.035	270.000
176.000	6535.038	500.000
177.000	6535.040	400.000
178.000	6535.043	465.000
179.000	6535.045	410.000
180.000	6535.048	380.000
181.000	6535.050	390.000
182.000	6535.053	345.000
183.000	6535.055	320.000
184.000	6535.058	270.000
185.000	6535.060	300.000
186.000	6535.062	260.000
187.000	6535.065	240.000
188.000	6535.068	240.000
189.000	6535.070	290.000
190.000	6535.073	215.000
191.000	6535.075	185.000
192.000	6535.078	210.000
193.000	6535.080	160.000
194.000	6535.083	95.000
195.000	6535.085	140.000
196.000	6535.088	215.000
197.000	6535.090	105.000
198.000	6535.093	100.000
199.000	6535.095	195.000
200.000	6535.098	110.000
201.000	6535.100	160.000
202.000	6535.102	150.000
203.000	6535.105	110.000
204.000	6535.108	165.000
205.000	6535.110	210.000
206.000	6535.113	120.000
207.000	6535.115	160.000
208.000	6535.118	150.000
209.000	6535.120	130.000
210.000	6535.123	100.000
211.000	6535.125	130.000
212.000	6535.128	115.000
213.000	6535.130	80.000
214.000	6535.133	95.000
215.000	6535.135	70.000
216.000	6535.138	100.000
217.000	6535.140	110.000
218.000	6535.142	60.000
219.000	6535.145	60.000
220.000	6535.148	100.000
221.000	6535.150	110.000
222.000	6535.153	100.000
223.000	6535.155	110.000
224.000	6535.158	100.000
225.000	6535.160	70.000
226.000	6535.163	40.000
227.000	6535.165	30.000
228.000	6535.168	60.000
229.000	6535.170	60.000
230.000	6535.173	80.000
231.000	6535.175	50.000
232.000	6535.178	40.000
233.000	6535.180	100.000
234.000	6535.183	95.000
235.000	6535.185	30.000
236.000	6535.187	50.000
237.000	6535.190	45.000
238.000	6535.193	30.000
239.000	6535.195	80.000
240.000	6535.198	30.000
241.000	6535.200	30.000
