$SPEC_ID:
No sample description was entered.
$SPEC_REM:
DET# 2
DETDESC# JLAB-20 MCB 129
AP# Maestro Version 7.01
$DATE_MEA:
02/04/2016 15:14:22
$MEAS_TIM:
106 123
$DATA:
0 2047
       0
       0
       0
       0
       0
       0
       0
       0
       0
       0
       0
       0
       0
       0
       0
       0
       0
       0
       0
       0
       0
       0
       0
       0
       0
       0
       0
       0
       0
       0
       0
       0
       0
       0
       0
       0
       0
       0
       0
       0
       0
       0
       0
       0
       0
       0
       0
       0
       0
      73
    1769
    2249
    3093
    3427
    3698
    4469
    6459
   10134
   14034
   16017
   16943
   19864
   29765
   66038
  152655
  161250
   73029
   18516
    6779
    5391
    5623
    8088
   18207
   38317
   32398
   18593
    8080
    2877
    1260
     984
     966
     952
     914
     969
     896
     921
     911
     958
    1013
     986
    1130
    1195
    1248
    1276
    1308
    1290
    1220
    1222
    1282
    1228
    1298
    1342
    1382
    1410
    1404
    1458
    1578
    1673
    1860
    2072
    2544
    4619
    5462
    3189
    1689
    1443
    1409
    1559
    1579
    1619
    1658
    1805
    1938
    2211
    2429
    2484
    2668
    3172
    4377
    6844
    7396
    5362
    3377
    2603
    2502
    2484
    2468
    2991
    3850
    3585
    2745
    2060
    1623
    1540
    1482
    1587
    1635
    1717
    1660
    1700
    1609
    1531
    1477
    1449
    1502
    1569
    1546
    1615
    1647
    1711
    1830
    1990
    2208
    2766
    3151
    3883
    5410
    9252
   12874
   24951
   62638
   59510
   23743
    5106
    1604
    1128
    1170
    1191
     961
     937
     845
     874
     809
     871
     867
     881
     926
     832
     866
     920
     896
     938
     965
     960
    1075
    1057
    1065
    1044
     942
     969
     926
     965
    1005
    1051
    1007
     966
     946
     976
     973
     993
     956
     977
    1048
    1049
    1060
    1101
    1032
     968
     944
     967
     967
     984
     975
     987
    1047
    1112
    1127
    1156
    1320
    1384
    1497
    1647
    2014
    2205
    3074
    4874
    4726
    2613
    1331
     982
     894
     990
    1047
    1318
    1667
    1584
    1110
     913
     721
     658
     708
     682
     692
     777
     726
     769
     810
     968
     862
     776
     725
     718
     719
     735
     716
     759
     755
     724
     709
     736
     697
     689
     722
     686
     758
     731
     717
     718
     781
     737
     793
     748
     896
     868
     775
     822
     764
     802
     816
     779
     833
     850
     747
     875
     846
     870
     872
     880
     838
     866
     895
     916
     878
     876
     762
     833
     841
     810
     858
     920
     860
     916
     963
     939
     989
     991
     975
    1064
    1103
    1001
    1011
    1000
    1021
    1079
    1022
    1000
    1042
    1001
     973
     896
     930
     970
     981
     913
    1018
    1027
    1070
    1316
    1869
    1859
    1219
    1020
     939
     875
     876
     852
     854
     854
     838
     760
     823
     841
     797
     808
     790
     844
     798
     809
     765
     744
     768
     736
     786
     782
     805
     788
     757
     818
     756
     773
     755
     796
     750
     778
     766
     787
     715
     772
     723
     779
     792
     736
     748
     779
     777
     756
     819
     780
     741
     796
     768
     782
     741
     800
     802
     793
     736
     799
     783
     788
     740
     775
     779
     843
     824
     762
     782
     765
     797
     760
     772
     817
     787
     768
     748
     751
     749
     726
     745
     758
     806
     804
     757
     780
     733
     744
     719
     731
     741
     786
     707
     734
     713
     728
     693
     627
     659
     631
     614
     614
     610
     581
     579
     552
     540
     558
     517
     540
     527
     540
     530
     522
     503
     499
     502
     501
     492
     501
     478
     454
     493
     480
     507
     505
     465
     466
     460
     457
     508
     612
     731
     757
     605
     484
     452
     445
     421
     442
     428
     446
     425
     438
     436
     400
     431
     430
     412
     404
     381
     391
     417
     375
     373
     396
     364
     366
     360
     393
     354
     337
     361
     341
     378
     371
     311
     297
     325
     306
     303
     306
     336
     345
     292
     300
     318
     277
     295
     280
     306
     281
     276
     287
     282
     287
     292
     259
     258
     271
     293
     245
     263
     243
     293
     250
     278
     282
     305
     285
     254
     247
     267
     271
     239
     247
     216
     247
     214
     231
     225
     219
     235
     263
     216
     239
     215
     216
     224
     238
     233
     212
     218
     227
     254
     169
     215
     217
     211
     235
     207
     226
     224
     203
     213
     218
     232
     251
     267
     301
     302
     388
     667
    1627
    3514
    3598
    1936
     698
     252
     219
     213
     173
     198
     182
     192
     202
     209
     179
     189
     200
     188
     190
     171
     178
     177
     200
     174
     192
     177
     186
     175
     169
     170
     183
     185
     190
     172
     183
     165
     187
     152
     182
     162
     173
     195
     148
     191
     186
     195
     202
     177
     199
     220
     291
     385
     390
     526
     730
    1663
    4683
    8561
    7708
    3415
     992
     361
     205
     244
     299
     434
     619
     550
     364
     210
     142
     153
     169
     178
     229
     258
     240
     207
     177
     158
     161
     149
     155
     159
     133
     130
     138
     135
     129
     145
     138
     145
     129
     153
     155
     132
     146
     171
     123
     160
     161
     172
     168
     163
     143
     134
     128
     138
     149
     151
     143
     183
     185
     188
     194
     228
     256
     248
     294
     313
     456
     853
    1225
    1050
     568
     253
     140
     161
     180
     213
     308
     423
     348
     202
     168
     142
     125
     137
     129
     137
     155
     119
     124
     129
     128
     143
     144
     129
     141
     129
     147
     129
     133
     126
     133
     140
     159
     158
     170
     188
     237
     332
     457
     656
     838
    1169
    2113
    4659
   12965
   23302
   21325
   10223
    2901
     690
     236
     163
     142
     134
     128
     107
     118
     115
      99
     124
     124
     133
     158
     189
     187
     175
     154
     169
     145
     172
     169
     130
     168
     137
     139
     144
     119
     135
     118
     146
     122
     124
     153
     154
     165
     143
     189
     176
     204
     207
     235
     164
     137
     140
     150
     169
     202
     248
     264
     327
     415
     619
    1326
    3014
    3993
    3011
    1394
     771
     910
    1661
    2301
    2106
    1031
     389
     199
     139
     196
     251
     455
     641
     512
     305
     145
      82
      54
      49
      60
      75
      65
      61
      64
      62
      66
      63
      72
      42
      49
      65
      57
      54
      66
      61
      67
      60
      68
      62
      67
      76
      62
      75
      67
      65
      67
      54
      59
      63
      70
      70
      70
      77
      77
      89
      88
     105
     105
     109
     138
     212
     315
     387
     331
     155
     123
      97
     121
     154
     165
     175
     158
     121
      95
      92
      87
      67
     108
      71
      64
      57
      39
      51
      49
      74
      60
      58
      63
      60
      70
      63
      62
      41
      57
      66
      59
      56
      54
      62
      75
      70
      64
      77
     118
     102
     142
     222
     461
     964
    1207
     763
     341
      90
      30
      18
      38
      29
      28
      20
      25
      24
      22
      25
      26
      32
      23
      34
      36
      24
      30
      20
      22
      31
      30
      31
      27
      35
      30
      30
      33
      25
      21
      23
      18
      30
      24
      20
      26
      27
      28
      22
      31
      31
      31
      16
      27
      18
      36
      17
      23
      33
      21
      24
      21
      34
      30
      33
      29
      35
      32
      41
      35
      46
      83
      74
      74
      44
      13
      20
      16
      17
      22
      22
      29
      25
      18
       9
      30
      17
      19
      16
      16
       5
      14
       9
       8
      17
       9
      10
      14
      15
      10
      12
      11
      19
      14
      16
      10
      17
      10
      10
      10
      18
      19
      13
      19
       7
      13
      14
      15
      11
      14
      13
      18
      17
      19
       8
      12
      16
      10
      11
      13
      19
      13
       9
      13
       8
      15
       9
      17
      10
      15
      12
      15
       6
      13
      14
      15
      11
       9
      13
       9
       7
       6
       9
       5
      19
      12
      12
      14
       7
      15
       8
      15
      11
       8
      10
      10
       5
      10
       7
      12
       8
       8
      17
      12
       9
       9
       8
       7
       5
       5
      11
       5
      13
      12
      12
       8
      13
       6
       9
       8
       9
       8
       9
      12
       8
       8
      11
      11
       4
      11
       7
      11
       6
       7
      11
       8
       6
       7
       7
       6
      12
      13
       8
      17
      11
       6
      11
       7
       8
       8
       5
       7
       7
      11
      11
       6
       6
      11
       6
      10
      16
      10
       8
       6
      10
       3
       3
       9
       8
       8
       4
       9
       5
       5
       7
       7
       4
      11
      10
       8
       5
       8
       3
       6
       8
       3
       6
       7
       4
       5
      12
       4
       4
       6
       6
       8
       6
      12
       5
       5
       6
       7
       7
       8
       7
       9
       9
       6
       4
       7
       6
       8
       9
       4
       5
       9
       5
       8
       9
       4
       5
       3
       8
       4
       7
       3
       7
       4
       5
       5
      13
      10
       4
       3
       5
       1
       7
       9
       8
       4
       4
       8
       5
       9
       6
       8
       5
      10
       7
       4
       3
       6
       6
       5
       1
       5
       4
       5
       5
       7
       6
       8
       3
      10
       2
       6
      10
       6
       2
       5
       5
       2
       1
       2
       6
       6
       4
       6
       5
       3
       8
       4
       4
       6
       4
       4
       5
       9
       7
       4
       2
       4
       5
       4
       6
       7
       3
       7
       6
       7
       9
       6
       8
       9
       7
       5
       2
       5
       6
       1
       1
       4
       7
       4
       5
       4
       4
       4
       1
       3
       4
       6
       2
       6
       7
       5
       1
       3
       3
       5
       3
       4
       7
       4
       4
       1
       3
       3
       7
       6
       1
       3
       1
       6
       7
       3
       5
       3
       5
       6
       2
       9
       4
       3
       2
       5
       3
       4
       3
       4
       1
       2
       1
       4
       5
       1
       3
       2
       3
       1
       2
       4
       4
       4
       2
       7
       4
       6
       3
       2
       7
       4
       0
       4
       1
       4
       6
       7
       5
       2
       4
       5
       7
       5
       4
       2
       7
       5
       3
       5
       6
       8
      13
       9
       6
       6
       7
       5
       7
      13
      15
      19
       9
       5
       4
       4
       1
       6
       4
       2
       3
       4
       3
       5
       6
       3
       0
       2
       3
       1
       3
       0
       2
       3
       6
       3
       3
       4
       6
       1
       3
       6
       2
       2
       1
       4
       3
       3
       2
       0
       3
       3
       4
       3
       7
       1
       1
       7
       2
       4
       5
       2
       2
       3
       5
       2
       2
       0
       3
       0
       2
       5
       4
       0
       0
       2
       2
       3
       3
       2
       2
       3
       3
       1
       2
       3
       2
       4
       2
       2
       4
       4
       3
       2
       3
       1
       7
       3
       0
       5
       1
       1
       1
       0
       3
       3
       3
       3
       2
       1
       8
       2
       6
       3
       7
       5
       3
       0
       4
       2
       0
       1
       0
       1
       1
       2
       4
       1
       4
       3
       4
       7
       4
       1
       1
       1
       1
       2
       2
       1
       0
       4
       1
       1
       1
       3
       2
       1
       5
       1
       5
       3
       3
       3
       5
       3
       3
       1
       0
       1
       0
       2
       2
       2
       1
       3
       4
       2
       2
       1
       1
       4
       3
       4
       5
       4
       6
       2
       1
       1
       2
       1
       2
       2
       3
       1
       1
       1
       2
       2
       2
       0
       2
       5
       0
       2
       2
       1
       0
       0
       2
       2
       1
       1
       1
       1
       1
       3
       0
       0
       0
       2
       1
       0
       2
       2
       0
       0
       1
       0
       1
       1
       1
       1
       1
       0
       3
       0
       0
       0
       1
       1
       1
       2
       1
       3
       2
       1
       2
       0
       1
       0
       0
       2
       0
       0
       1
       0
       0
       2
       1
       1
       1
       1
       0
       0
       0
       3
       1
       2
       1
       1
       1
       0
       1
       1
       1
       2
       0
       3
       1
       0
       2
       2
       0
       0
       1
       1
       0
       1
       0
       0
       0
       1
       0
       0
       1
       1
       1
       1
       0
       0
       0
       1
       1
       2
       1
       0
       1
       0
       0
       2
       1
       1
       0
       2
       2
       1
       2
       1
       1
       1
       3
       1
       1
       0
       1
       0
       2
       1
       0
       0
       0
       0
       0
       0
       1
       1
       1
       2
       0
       0
       1
       0
       0
       1
       2
       1
       1
       0
       0
       1
       0
       1
       0
       2
       0
       1
       1
       2
       2
       1
       0
       1
       2
       0
       1
       1
       1
       1
       1
       1
       1
       0
       0
       0
       1
       1
       0
       0
       0
       1
       1
       0
       1
       0
       0
       1
       1
       1
       2
       1
       0
       1
       0
       0
       0
       0
       1
       0
       2
       1
       1
       0
       2
       0
       1
       0
       1
       0
       0
       3
       2
       0
       1
       0
       0
       0
       2
       1
       1
       0
       2
       2
       0
       1
       1
       0
       0
       1
       0
       0
       0
       1
       3
       2
       0
       2
       1
       0
       1
       3
       1
       0
       0
       1
       0
       1
       0
       1
       0
       0
       0
       1
       0
       0
       1
       0
       1
       1
       0
       3
       1
       0
       0
       0
       0
       0
       1
       0
       0
       0
       0
       1
       0
       1
       0
       0
       2
       0
       2
       0
       0
       1
       2
       0
       1
       3
       0
       1
       0
       2
       2
       0
       1
       0
       1
       2
       1
       1
       2
       0
       2
       1
       0
       1
       1
       1
       1
       2
       1
       1
       1
       1
       1
       0
       1
       1
       0
       1
       1
       0
       3
       1
       0
       0
       0
       0
       1
       1
       1
       0
       0
       0
       0
       0
       1
       1
       1
       0
       0
       0
       0
       0
       1
       0
       2
       2
       1
       2
       0
       1
       1
       0
       0
       0
       1
       1
       1
       0
       3
       1
       0
       0
       0
       1
       0
       1
       0
       1
       0
       1
       2
       1
       0
       0
       0
       0
       0
       0
       0
       0
       0
       0
       0
       0
       0
       0
       0
       1
       0
       1
       0
       0
       0
       2
       3
       1
       1
       1
       0
       0
       0
       1
       0
       0
       1
       0
       1
       1
       0
       1
       0
       0
       0
       1
       0
       0
       1
       2
       0
       0
       0
       0
       0
       0
       1
       2
       2
       0
       0
       0
       0
       1
       1
       0
       0
       0
       0
       1
       1
       0
       0
       0
       0
       0
       0
       0
       0
       0
       0
       0
       0
       0
       0
       0
       0
       0
       0
       0
       0
       0
       0
       0
       0
       0
       0
       0
       0
       0
       0
       0
       0
       0
$ROI:
0
$PRESETS:
Real Time
600
0
$ENER_FIT:
0.009917 0.732083
$MCA_CAL:
3
9.917062E-003 7.320834E-001 0.000000E+000 keV
$SHAPE_CAL:
3
1.996132E+000 0.000000E+000 0.000000E+000
