$SPEC_ID:
No sample description was entered.
$SPEC_REM:
DET# 2
DETDESC# JLAB-20 MCB 129
AP# Maestro Version 7.01
$DATE_MEA:
02/09/2016 16:06:13
$MEAS_TIM:
300 438
$DATA:
0 2047
       0
       0
       0
       1
    7073
  206810
 4400092
 1218895
 1336801
 1231106
 1066002
  916100
  751481
  585842
  435097
  314940
  227472
  164516
  120315
   89127
   67158
   51265
   39338
   30381
   22683
   16422
   11746
    7575
    4698
    2818
    1640
     863
     510
     332
     229
     184
     167
     145
     130
     137
     124
     119
     127
     154
     112
     129
     134
     104
     145
     112
     104
     122
     136
     103
     113
     139
     116
     113
     113
     121
     101
     122
     119
     120
     122
     133
     138
     120
     119
     124
     111
     134
     128
     131
     100
     110
     142
     110
      97
     131
     124
     122
     112
     123
     131
     138
     143
     129
     135
     135
     134
     139
     147
     156
     145
     182
     198
     199
     194
     252
     293
     416
     516
     663
     823
     967
    1102
    1154
    1132
    1129
    1086
     999
     906
     842
     791
     769
     733
     735
     699
     675
     593
     553
     475
     402
     391
     343
     273
     222
     210
     181
     170
     146
     130
     134
     104
     110
      85
     107
      83
      86
      80
      71
      75
      84
      86
      94
      89
      77
      74
      81
      77
      61
     100
      78
      73
      80
      73
      75
      60
      82
      82
      80
      67
      57
      69
      73
      79
      76
      74
      81
      76
      62
      64
      63
      67
      65
      66
      59
      74
      79
      60
      88
      58
      51
      69
      69
      69
      64
      64
      61
      62
      62
      61
      68
      66
      57
      67
      82
      61
      48
      74
      63
      66
      58
      46
      73
      56
      54
      61
      67
      58
      49
      55
      64
      68
      55
      53
      62
      58
      61
      51
      59
      65
      47
      55
      61
      50
      52
      53
      58
      59
      78
      55
      50
      56
      67
      50
      66
      61
      66
      55
      57
      53
      68
      69
      58
      54
      56
      61
      64
      44
      58
      56
      60
      42
      61
      47
      49
      52
      48
      57
      60
      51
      44
      63
      60
      31
      43
      61
      50
      48
      52
      54
      50
      64
      56
      48
      51
      68
      45
      62
      56
      63
      45
      70
      56
      46
      51
      57
      65
      56
      47
      60
      49
      60
      58
      52
      61
      50
      64
      59
      40
      62
      65
      45
      59
      53
      56
      57
      58
      68
      50
      54
      56
      57
      51
      53
      55
      55
      37
      62
      55
      68
      45
      56
      50
      51
      55
      65
      55
      76
      56
      52
      59
      65
      41
      57
      52
      71
      53
      55
      60
      61
      55
      53
      59
      47
      55
      64
      58
      43
      62
      68
      56
      53
      62
      73
      73
      57
      60
      54
      75
      64
      54
      46
      62
      54
      51
      61
      50
      42
      44
      35
      47
      45
      46
      46
      48
      45
      46
      48
      45
      46
      66
      52
      47
      55
      46
      47
      58
      56
      48
      42
      44
      48
      43
      59
      34
      53
      65
      49
      71
      51
      35
      57
      57
      63
      41
      52
      60
      50
      56
      48
      50
      45
      48
      58
      48
      59
      46
      39
      69
      62
      45
      53
      49
      54
      53
      52
      51
      61
      43
      56
      55
      62
      61
      62
      54
      62
      57
      45
      45
      59
      63
      56
      65
      54
      54
      61
      59
      62
      61
      52
      77
      56
      53
      50
      60
      69
      59
      58
      70
      62
      78
      66
      77
      67
      77
      66
      65
      79
      70
      62
      71
      77
      78
      73
      72
      75
      75
      93
      77
      86
      73
      89
      87
      93
      79
     103
      91
      99
      89
      89
      98
      89
     100
      91
      90
     107
     116
     111
     107
     114
     130
     113
     102
     123
     135
     127
     139
     140
     147
     141
     137
     170
     172
     151
     159
     178
     182
     170
     192
     164
     156
     169
     185
     196
     193
     193
     196
     205
     190
     210
     208
     210
     232
     206
     215
     204
     215
     206
     215
     209
     227
     209
     219
     233
     207
     211
     215
     210
     224
     217
     217
     220
     228
     211
     216
     219
     207
     225
     261
     245
     248
     234
     226
     238
     242
     271
     281
     272
     274
     291
     269
     315
     303
     314
     311
     335
     331
     350
     361
     364
     376
     362
     398
     355
     409
     412
     401
     442
     463
     477
     484
     506
     507
     482
     520
     541
     575
     585
     622
     606
     639
     673
     656
     741
     711
     705
     779
     829
     832
     886
     900
     871
     959
    1058
    1027
    1052
    1101
    1112
    1121
    1108
    1245
    1307
    1362
    1373
    1522
    1495
    1584
    1554
    1774
    1825
    1914
    1993
    2055
    2188
    2293
    2339
    2440
    2621
    2751
    2831
    2994
    3221
    3427
    3645
    3707
    4075
    4218
    4538
    4705
    4990
    5193
    5510
    5815
    5962
    6483
    6748
    7117
    7430
    7659
    7940
    8145
    8274
    8530
    8628
    8649
    8583
    8730
    8857
    8606
    8746
    8429
    8416
    8305
    7985
    7895
    7562
    7154
    7035
    6550
    6439
    6128
    5791
    5648
    5463
    5085
    4791
    4680
    4359
    4176
    3907
    3823
    3568
    3444
    3267
    3176
    2918
    2825
    2672
    2527
    2480
    2341
    2275
    2174
    2039
    2007
    1981
    1833
    1746
    1668
    1696
    1508
    1511
    1543
    1470
    1392
    1387
    1319
    1272
    1257
    1163
    1192
    1191
    1104
    1108
    1085
    1052
    1033
    1100
     967
     958
     933
     972
     948
     906
     911
     863
     836
     814
     833
     815
     829
     809
     758
     748
     758
     759
     757
     694
     697
     712
     690
     651
     710
     696
     665
     705
     649
     646
     635
     665
     651
     629
     614
     597
     622
     637
     553
     596
     585
     574
     551
     542
     571
     531
     543
     510
     518
     476
     494
     488
     503
     428
     450
     437
     446
     501
     437
     436
     483
     442
     438
     492
     486
     544
     662
     704
     888
    1083
    1464
    1884
    2368
    3108
    3954
    4463
    5002
    5361
    5436
    5318
    5128
    4568
    4157
    3522
    3179
    2655
    2313
    1976
    1599
    1338
    1072
     847
     603
     470
     330
     223
     161
     122
     107
      69
      65
      54
      29
      26
      34
      24
      18
      20
      16
      22
      19
      14
      20
      23
      10
      12
      20
      15
      22
       9
      16
      16
      16
      13
      15
      22
      20
      24
      12
      14
      13
      18
      26
      19
      15
      17
      14
      22
      20
      15
      25
      16
      17
      17
      17
      18
      16
      24
      20
      16
      23
      18
      29
      17
      15
      22
      21
      11
      15
      25
      23
      14
      26
      13
      27
      16
      19
      17
      26
      23
      24
      20
      23
      21
      25
      22
      27
      29
      34
      35
      45
      44
      24
      36
      30
      29
      26
      32
      25
      29
      22
      29
      25
      20
      22
      21
      24
      32
      23
      31
      25
      32
      15
      24
      29
      26
      35
      36
      30
      21
      20
      33
      36
      29
      24
      18
      29
      35
      32
      42
      33
      31
      31
      30
      40
      29
      32
      34
      28
      32
      36
      36
      42
      37
      28
      32
      31
      43
      39
      32
      33
      42
      50
      41
      43
      43
      41
      45
      53
      46
      49
      53
      56
      74
      82
      95
      88
      89
      68
      77
      87
      71
      85
      87
      65
      64
      65
      66
      68
      65
      67
      65
      57
      63
      54
      46
      56
      58
      57
      62
      73
      77
      74
      96
      87
     125
      99
     117
     125
     125
     108
     119
      95
     127
     109
      79
      80
      63
      76
      54
      62
      50
      46
      58
      41
      44
      34
      43
      41
      40
      41
      43
      39
      35
      44
      36
      30
      53
      37
      37
      24
      37
      31
      38
      35
      31
      31
      39
      32
      44
      43
      26
      33
      32
      35
      34
      34
      19
      30
      35
      29
      15
      31
      30
      35
      33
      27
      22
      30
      33
      35
      24
      20
      30
      29
      34
      27
      29
      24
      23
      42
      32
      24
      24
      27
      19
      30
      25
      37
      22
      29
      27
      29
      34
      25
      28
      25
      28
      38
      27
      27
      31
      29
      29
      28
      25
      26
      27
      20
      29
      28
      23
      31
      39
      23
      31
      33
      36
      32
      35
      25
      23
      32
      26
      31
      31
      27
      40
      38
      25
      33
      35
      40
      42
      38
      44
      52
      51
      53
      49
      42
      57
      43
      57
      53
      43
      51
      44
      44
      52
      49
      45
      47
      38
      27
      31
      36
      42
      38
      30
      32
      26
      31
      34
      31
      35
      22
      29
      29
      27
      30
      28
      37
      35
      38
      36
      41
      40
      35
      45
      41
      29
      35
      25
      35
      33
      31
      27
      22
      30
      21
      26
      31
      23
      35
      28
      32
      21
      28
      23
      29
      22
      25
      29
      28
      24
      23
      30
      40
      32
      26
      25
      26
      29
      24
      32
      32
      25
      25
      26
      28
      27
      14
      23
      26
      29
      17
      22
      25
      21
      19
      27
      30
      26
      31
      31
      26
      16
      20
      26
      34
      33
      28
      28
      27
      23
      27
      33
      26
      25
      24
      22
      25
      31
      20
      26
      31
      32
      28
      23
      27
      23
      29
      17
      32
      34
      25
      26
      26
      27
      36
      26
      21
      32
      27
      27
      18
      21
      23
      25
      30
      20
      28
      25
      28
      26
      29
      33
      29
      25
      35
      26
      29
      34
      28
      27
      23
      26
      35
      25
      36
      24
      29
      30
      19
      34
      34
      18
      26
      37
      27
      24
      35
      31
      28
      17
      22
      30
      19
      33
      23
      26
      33
      20
      21
      28
      20
      31
      40
      31
      27
      24
      24
      28
      24
      24
      36
      25
      33
      24
      21
      23
      26
      24
      25
      22
      23
      32
      20
      19
      29
      27
      24
      22
      20
      16
      22
      22
      22
      20
      18
      21
      26
      20
      22
      22
      20
      30
      23
      26
      24
      21
      19
      29
      29
      20
      26
      17
      26
      24
      25
      21
      19
      30
      23
      25
      26
      29
      26
      31
      27
      26
      27
      31
      15
      25
      16
      13
      24
      22
      17
      16
      27
      20
      16
      23
      21
      24
      23
      20
      26
      30
      26
      25
      17
      30
      19
      19
      23
      30
      17
      27
      25
      23
      27
      22
      13
      17
      26
      22
      21
      17
      25
      14
      13
      17
      21
      25
      22
      27
      23
      24
      13
      18
      25
      21
      18
      29
      28
      19
      16
      14
      19
      21
      17
      15
      16
      22
      24
      15
      23
      25
      27
      28
      23
      12
      19
      21
      15
      14
      25
      23
      29
      14
      26
      17
      14
      19
      21
      17
      21
      17
      22
      19
      17
      19
      19
      16
      24
      25
      17
      14
      16
      24
      18
      18
      18
      15
      22
      28
      21
      18
      20
      25
      26
      19
      25
      24
      30
      15
      17
      21
      18
      21
      19
      18
      26
      22
      23
      11
       9
      13
      23
      19
      19
      22
      27
      23
      19
      14
      20
      21
      28
      18
      20
      25
      18
      20
      19
      18
      24
      15
      17
      15
      26
      14
      21
      19
      26
      16
      28
      20
      24
      14
      24
      22
      15
      12
      25
      20
      26
      16
      19
      21
      15
      19
      21
      17
      24
      18
      26
      17
      20
      14
      24
      19
      24
      21
      29
      28
      15
      18
      21
      20
      17
      18
      11
      12
      20
      20
      13
      22
      23
      35
      23
      18
      14
      18
      24
      23
      12
      14
      18
      27
      22
      24
      14
      19
      12
      17
      19
      18
      27
      19
      20
      15
      23
      17
      25
      32
      23
      22
      15
      16
      19
      16
      19
       8
      13
      16
      20
      12
      19
      17
      19
      10
      13
      25
      17
      14
      24
      17
      21
      17
      13
      24
      12
      23
      19
      25
      21
      23
      19
      22
      18
      24
      24
      21
      17
      25
      24
      22
      19
      26
      25
      21
      23
      29
      14
      24
      12
      19
      26
      15
      26
      24
      25
      21
      15
      20
      21
      26
      24
      18
      24
      30
      22
      22
      34
      28
      26
      25
      32
      32
      31
      26
      31
      31
      30
      26
      26
      21
      28
      19
      23
      19
      26
      18
      17
      16
      15
      22
      19
      15
      21
      22
      19
      21
      21
      22
      13
      15
      24
      10
      29
      26
      14
      17
      14
      21
      23
      20
      27
      17
      19
      18
      29
      23
      20
      22
      21
      21
      14
      23
      12
      19
      17
      12
      13
      16
      13
      11
      17
      22
      15
      21
      19
      11
      13
      21
      13
      11
      17
      23
      17
      17
      16
      22
      27
      10
      20
      23
      17
      17
      12
      13
      13
      18
      16
      29
      15
      21
      22
      16
      22
      16
      17
      15
      17
      28
      19
      21
      22
      17
      21
      20
      20
      19
      17
      19
      20
      24
      14
      16
      23
      25
      23
      25
      24
      21
      16
      23
      18
      20
      30
      18
      19
      18
      10
      25
      21
      17
      29
      25
      16
      18
      21
      17
      24
       9
      24
      17
      24
      19
      24
      23
      11
      20
      16
      26
      22
      12
      15
      26
      18
      23
      21
      17
      22
      21
      15
      16
      21
      14
      22
      18
      20
      30
      22
      24
      27
      18
      19
      19
      18
      25
      16
      21
      15
      15
       9
      18
      21
      20
      26
      22
      18
      15
      22
      21
      19
      17
      31
      23
      15
      17
      18
      35
      27
      22
      20
      19
      19
      17
      17
      11
      23
      15
      21
       9
      24
      19
      26
      24
      23
      14
      24
      28
      29
      22
      18
      18
      13
      17
      22
      24
      20
      13
      20
      26
      15
      15
      15
      21
      23
      20
      22
      18
      20
      27
      24
      16
      25
      19
      18
      23
      16
      29
      25
      15
      18
      22
      28
      24
      20
      20
      22
      20
      20
      21
      19
      21
      24
      21
      24
      18
      20
      22
      19
      17
      23
      20
      27
      25
      11
      22
      22
      28
      29
      13
      27
      23
      24
      33
      25
      28
      18
      29
      26
      35
      29
      29
      43
      36
      31
      28
      28
      28
      28
      28
      27
      20
      19
      21
      20
      21
      29
      21
      19
      14
      15
      11
      16
      20
      18
       0
       0
       0
       0
       0
       0
       0
       0
       0
       0
       0
       0
       0
       0
       0
       0
       0
       0
       0
       0
       0
       0
       0
       0
       0
       0
       0
       0
       0
       0
       0
       0
$ROI:
0
$PRESETS:
Live Time
300
0
$ENER_FIT:
0.000000 1.164009
$MCA_CAL:
3
0.000000E+000 1.164009E+000 0.000000E+000 keV
$SHAPE_CAL:
3
0.000000E+000 0.000000E+000 0.000000E+000
