$SPEC_ID:
No sample description was entered.
$SPEC_REM:
DET# 2
DETDESC# JLAB-20 MCB 129
AP# Maestro Version 7.01
$DATE_MEA:
02/04/2016 16:27:47
$MEAS_TIM:
300 304
$DATA:
0 2047
       0
       0
       0
       0
       0
      26
    1097
     475
     482
     509
     467
     447
     458
     452
     441
     445
     469
     488
     453
     489
     493
     599
     584
     517
     494
     642
     662
     558
     486
     535
     556
     511
     540
     531
     523
     541
     519
     539
     509
     498
     527
     555
     486
     550
     498
     507
     574
     527
     557
     579
     571
     557
     571
     574
     534
     542
     593
     541
     608
     541
     580
     553
     583
     602
     641
     638
     621
     649
     557
     489
     515
     557
     568
     558
     584
     559
     598
     572
     530
     575
     532
     558
     526
     572
     557
     536
     530
     560
     603
     539
     532
     528
     523
     544
     535
     541
     555
     552
     500
     558
     529
     578
     599
     590
     596
     545
     522
     536
     600
     532
     589
     574
     580
     575
     569
     607
     535
     569
     569
     606
     563
     603
     594
     553
     652
     641
     593
     579
     615
     612
     630
     625
     622
     629
     617
     655
     634
     637
     581
     633
     703
     680
     677
     652
     655
     643
     706
     680
     666
     772
     701
     839
    1845
    2950
    1905
     959
    1361
    3986
    4251
    1762
     679
     539
     516
     488
     534
     506
     529
     522
     462
     504
     576
     597
     542
     493
     482
     533
     697
    1181
    1911
    1736
     899
     525
     565
     825
     923
     691
     485
     390
     398
     361
     378
     387
     350
     399
     418
     405
     388
     371
     382
     352
     391
     391
     377
     374
     352
     387
     385
     333
     386
     354
     376
     378
     351
     398
     389
     386
     367
     395
     386
     399
     381
     364
     364
     381
     379
     348
     351
     355
     359
     365
     374
     326
     340
     373
     375
     414
     364
     372
     358
     360
     359
     368
     340
     360
     333
     343
     372
     332
     322
     338
     333
     361
     374
     361
     409
     425
     817
    1196
     766
     418
     358
     323
     283
     350
     370
     327
     342
     317
     316
     315
     326
     300
     300
     299
     311
     317
     301
     341
     340
     288
     289
     337
     340
     317
     319
     318
     347
     410
     372
     331
     334
     334
     289
     299
     270
     288
     286
     291
     301
     268
     304
     315
     311
     308
     295
     290
     273
     314
     275
     284
     302
     301
     311
     301
     255
     294
     307
     305
     275
     298
     276
     275
     257
     292
     264
     296
     311
     291
     314
     255
     273
     304
     317
     246
     309
     282
     302
     296
     265
     263
     283
     263
     276
     277
     269
     293
     262
     268
     257
     249
     297
     252
     252
     259
     247
     297
     278
     279
     252
     254
     267
     256
     263
     272
     258
     250
     251
     266
     290
     261
     268
     256
     271
     254
     259
     235
     277
     259
     273
     260
     246
     237
     243
     259
     243
     246
     226
     271
     272
     245
     256
     246
     248
     286
     274
     256
     253
     227
     228
     252
     236
     236
     259
     278
     243
     246
     234
     259
     254
     252
     236
     223
     244
     271
     246
     234
     237
     227
     233
     228
     244
     240
     239
     210
     218
     258
     245
     213
     199
     226
     212
     225
     220
     212
     240
     231
     231
     234
     195
     227
     199
     230
     218
     204
     207
     219
     224
     231
     236
     211
     218
     246
     215
     195
     226
     210
     217
     219
     221
     205
     212
     225
     213
     226
     226
     194
     182
     200
     191
     194
     233
     218
     225
     206
     210
     185
     195
     217
     218
     199
     201
     203
     194
     220
     206
     202
     180
     186
     180
     172
     212
     211
     192
     183
     205
     183
     199
     192
     189
     184
     198
     216
     207
     198
     204
     210
     230
     190
     211
     198
     191
     185
     168
     182
     176
     191
     188
     203
     198
     204
     200
     169
     187
     186
     173
     210
     183
     200
     182
     173
     159
     177
     188
     156
     192
     184
     175
     178
     179
     158
     213
     186
     169
     170
     158
     176
     183
     180
     165
     190
     168
     213
     183
     188
     175
     175
     171
     176
     167
     199
     197
     178
     181
     164
     180
     164
     196
     188
     189
     161
     190
     161
     158
     176
     202
     144
     174
     193
     181
     177
     168
     154
     175
     188
     160
     146
     172
     169
     170
     188
     187
     180
     155
     154
     164
     168
     184
     175
     182
     161
     175
     165
     167
     170
     169
     170
     172
     179
     160
     137
     160
     180
     177
     163
     153
     176
     169
     156
     166
     162
     177
     192
     183
     159
     175
     155
     160
     177
     167
     187
     164
     189
     173
     171
     141
     156
     154
     175
     204
     171
     149
     132
     142
     162
     155
     165
     148
     161
     154
     178
     171
     161
     179
     155
     151
     145
     170
     140
     174
     144
     168
     163
     138
     148
     157
     149
     145
     159
     159
     154
     145
     143
     154
     156
     161
     155
     143
     148
     146
     148
     152
     164
     166
     133
     157
     166
     165
     132
     132
     141
     170
     132
     157
     168
     163
     144
     141
     151
     152
     135
     145
     160
     148
     159
     167
     169
     151
     157
     143
     136
     129
     131
     160
     141
     158
     152
     164
     135
     113
     148
     138
     137
     127
     143
     140
     134
     155
     125
     142
     144
     128
     164
     144
     140
     128
     148
     152
     164
     153
     137
     139
     166
     159
     127
     139
     142
     148
     126
     168
     192
     208
     177
     155
     139
     145
     146
     158
     121
     134
     135
     129
     144
     142
     132
     116
     140
     119
     136
     146
     143
     124
     148
     102
     134
     131
     149
     123
     123
     155
     138
     115
     138
     160
     121
     132
     117
     138
     126
     129
     140
     122
     135
     109
     129
     111
     156
     128
     104
     155
     150
     131
     123
     111
     127
     154
     110
     124
     137
     150
     147
     127
     136
     110
     134
     132
     118
     136
     119
     122
     114
     118
     131
     115
     122
     126
     149
     121
     136
     115
     117
     111
     119
     116
     108
     122
     119
     106
     120
     148
     122
     160
     108
     109
     118
     100
     122
     141
     120
     114
     126
     125
     102
     136
     111
     100
     121
     124
     118
     119
     112
     104
     128
     119
     121
     107
     106
     102
     113
     115
     103
     105
     100
     110
     107
     120
     119
     106
     105
     101
     131
     113
     111
     130
      82
      99
     125
     105
     123
     113
     109
     105
     103
     104
     106
     128
     106
     116
     124
     115
     127
     105
     116
      86
     112
     105
     119
     108
     102
     104
      91
      94
     119
     111
     108
     108
     113
      99
     126
     111
     112
      99
     112
     126
      92
      99
      99
     105
     104
      99
     113
      90
     113
     113
      73
     104
      97
     107
      91
      99
      85
      98
      86
      91
     102
     105
      93
      99
      91
     100
     108
      97
      94
     108
     101
     103
      99
     114
     117
      92
     102
      83
     111
      90
     108
      78
     100
      81
     102
     107
      86
     101
      96
     102
      63
      86
      99
      98
      91
      81
     109
     105
     106
     105
      82
      80
      94
      82
      89
      99
      97
      83
      86
      87
      93
      87
      86
      99
      96
      88
      90
      88
      88
      81
      77
      97
      84
      98
      81
      77
      96
      90
      96
      83
      91
      90
      74
      88
      88
      84
      88
      72
      85
      78
      85
      89
      81
      82
      84
      80
      97
      84
      69
      74
      77
      81
      85
      89
      75
      60
      74
      92
      68
      97
      96
      87
      80
      71
      81
      74
      78
      62
      79
      76
      70
      64
      97
      67
      76
      70
      92
      76
      76
      85
      79
      68
      65
      88
      76
      86
      77
      71
      84
      78
      95
     118
      95
     100
     123
     105
      71
      89
      74
      72
      80
      88
      90
      74
      78
      67
      57
      72
      69
      56
      70
      47
      75
      66
      85
      73
      69
      73
      71
      67
      72
      68
      69
      63
      62
      60
      63
      85
      62
      62
      66
      82
      64
      80
      73
      88
      76
      78
      77
      74
      61
      62
      61
      62
      71
      67
      65
      65
      63
      57
      68
      65
      54
      81
      74
      53
      65
      53
      70
      72
      69
      60
      61
      70
      74
      55
      69
      62
      60
      72
      83
      56
      67
      70
      60
      64
      50
      64
      59
      53
      50
      54
      58
      51
      70
      53
      56
      66
      61
      64
      56
      63
      59
      51
      73
      62
      66
      77
      51
      68
      60
      52
      63
      67
      68
      53
      54
      54
      47
      58
      50
      61
      65
      59
      66
      53
      55
      63
      43
      73
      57
      55
      46
      64
      55
      56
      57
      69
      50
      49
      55
      59
      69
      43
      70
      54
      60
      48
      47
      52
      61
      47
      57
      42
      61
      67
      47
      66
      59
      55
      61
      51
      56
      55
      58
      37
      54
      44
      50
      48
      50
      51
      49
      45
      51
      46
      51
      52
      71
      53
      52
      44
      61
      54
      44
      64
      67
      40
      52
      54
      55
      42
      49
      57
      38
      51
      54
      43
      58
      50
      49
      50
      55
      55
      48
      52
      51
      60
      54
      55
      68
      53
      53
      53
      44
      45
      39
      46
      51
      30
      53
      44
      47
      56
      50
      49
      40
      41
      45
      50
      47
      47
      40
      49
      49
      38
      44
      38
      44
      41
      54
      42
      42
      50
      46
      45
      35
      36
      46
      42
      47
      51
      44
      56
      48
      37
      40
      45
      54
      43
      34
      35
      33
      39
      49
      47
      42
      48
      35
      38
      40
      27
      40
      44
      47
      50
      40
      37
      45
      47
      33
      33
      44
      30
      45
      34
      41
      41
      39
      38
      45
      35
      44
      37
      42
      41
      41
      38
      45
      31
      42
      33
      44
      36
      30
      31
      48
      41
      43
      32
      37
      47
      43
      47
      41
      25
      34
      53
      58
      95
     194
     274
     189
      96
      72
      46
      41
      37
      52
      34
      33
      41
      34
      29
      30
      42
      33
      32
      47
      30
      25
      45
      33
      32
      41
      40
      27
      27
      36
      41
      27
      33
      37
      41
      34
      44
      35
      24
      35
      37
      29
      32
      33
      37
      21
      28
      44
      27
      34
      32
      31
      30
      40
      30
      44
      37
      32
      39
      34
      39
      25
      30
      26
      33
      38
      49
      31
      34
      35
      32
      40
      31
      41
      36
      31
      30
      34
      37
      32
      29
      35
      38
      35
      33
      33
      25
      33
      32
      24
      33
      37
      39
      22
      32
      27
      29
      37
      36
      35
      29
      25
      30
      22
      30
      40
      25
      22
      23
      26
      24
      30
      25
      28
      25
      28
      28
      29
      23
      24
      30
      34
      25
      23
      35
      36
      33
      28
      26
      27
      33
      26
      32
      31
      23
      22
      36
      16
      29
      36
      28
      31
      38
      24
      30
      26
      25
      33
      28
      33
      29
      27
      28
      31
      33
      30
      27
      27
      19
      23
      21
      28
      30
      28
      34
      26
      38
      24
      30
      23
      28
      26
      33
      29
      25
      24
      24
      33
      19
      27
      24
      38
      31
      29
      18
      26
      23
      21
      30
      21
      29
      23
      33
      33
      29
      23
      18
      35
      17
      22
      36
      22
      24
      23
      27
      27
      27
      25
      25
      25
      21
      19
      26
      25
      29
      28
      18
      19
      21
      24
      34
      20
      21
      27
      23
      24
      23
      22
      21
      28
      23
      17
      28
      30
      29
      26
      21
      23
      19
      24
      17
      22
      27
      23
      22
      17
      20
      20
      21
      27
      24
      22
      27
      21
      21
      29
      26
      28
      18
      21
      15
      22
      20
      27
      18
      19
      15
      28
      28
      23
      21
      23
      18
      22
      21
      21
      19
      23
      21
      15
      21
      20
      15
      20
      16
      24
      14
      22
      22
      17
      20
      26
      22
      17
      20
      22
      20
      24
      24
      16
      16
      28
      22
      26
      21
      14
      21
      23
      25
      22
      26
      22
      30
      20
      14
      16
      16
      19
      14
      26
      24
      26
      20
      26
      17
      16
      27
      13
      19
      28
      22
      24
      24
      16
      19
      16
      15
      21
      13
      20
      12
      20
      17
      13
      10
      12
      26
      14
      15
      18
      14
      12
      18
      16
      15
      17
      24
      18
      22
      10
      18
      15
      20
      15
      20
      12
      17
      17
      13
      21
      16
      20
      18
      24
      19
      20
      19
      21
      10
      19
      16
      17
      14
      26
      18
      17
      15
      14
      14
      17
      21
      12
      14
      14
      11
      17
      21
      13
      23
      18
      17
      11
       6
      20
      14
      17
      16
      20
      12
      17
       9
      16
      11
      17
      20
      15
      17
      23
      24
      17
      13
      18
      28
      14
      15
      11
      13
      11
      16
      19
      22
      17
      14
      17
      24
      19
      11
      19
      15
      19
      12
      16
      17
      12
      19
       7
      21
      13
       9
      20
       9
      14
      14
      27
      13
      15
      16
      13
      12
      14
       8
      10
      10
      15
      15
      15
      25
      20
      11
      12
      17
      16
      14
      11
      14
      22
       9
       9
      18
      12
      11
      15
      18
       7
      17
      15
       9
      14
      11
      19
      12
      14
      11
      15
      19
      14
      16
      10
      20
      18
       6
      12
       7
      17
      11
      17
      18
       9
      11
      12
      12
      10
      13
      13
      12
       7
      15
      11
      11
      13
      19
      20
      13
      15
      13
      13
      18
      21
      20
      15
      17
      16
      10
       9
      17
      13
      14
       7
      13
      10
       9
      13
      12
      13
      12
      11
      13
      17
      12
      10
      10
      15
      11
       7
      10
      14
      12
      13
      10
       5
      11
      15
      19
      13
      10
      18
       8
       9
      15
      13
       8
       8
      11
      19
      14
      13
       8
       9
      14
      13
      11
      13
      15
      11
      10
      11
       9
      12
       5
      11
      10
      10
       8
       8
      13
       8
      13
      11
      10
       4
      14
      16
       9
      13
      20
       9
      10
      10
      10
      13
      17
      10
      18
      15
      15
      17
      11
       6
      13
      15
      11
      10
      13
       7
       0
       0
       0
       0
       0
       0
       0
       0
       0
       0
       0
       0
       0
       0
       0
       0
       0
       0
       0
       0
       0
       0
       0
       0
       0
       0
       0
       0
       0
       0
       0
       0
$ROI:
0
$PRESETS:
Live Time
300
0
$ENER_FIT:
0.000000 0.474026
$MCA_CAL:
3
0.000000E+000 4.740260E-001 0.000000E+000 keV
$SHAPE_CAL:
3
0.000000E+000 0.000000E+000 0.000000E+000
