$SPEC_ID:
No sample description was entered.
$SPEC_REM:
DET# 2
DETDESC# JLAB-20 MCB 129
AP# Maestro Version 7.01
$DATE_MEA:
02/09/2016 16:14:03
$MEAS_TIM:
300 444
$DATA:
0 2047
       0
       0
       0
       0
    6995
  200862
 4404434
 1214696
 1337415
 1227618
 1065120
  915422
  748583
  583638
  434983
  316114
  227054
  164646
  120886
   89257
   67140
   51766
   39602
   30125
   22758
   16818
   11990
    8063
    5378
    3325
    2147
    1465
    1064
     865
     802
     751
     757
     801
     876
    1045
    1360
    1693
    1909
    2219
    2488
    2636
    2688
    2652
    2356
    2247
    1966
    1757
    1553
    1377
    1231
    1075
     887
     845
     793
     654
     590
     569
     581
     598
     618
     686
     693
     720
     753
     731
     647
     629
     584
     487
     423
     433
     355
     359
     327
     294
     288
     254
     201
     169
     199
     171
     187
     183
     163
     174
     161
     163
     167
     179
     159
     174
     152
     181
     162
     175
     137
     162
     154
     174
     138
     155
     173
     177
     163
     133
     138
     145
     142
     148
     157
     139
     170
     145
     141
     147
     126
     168
     137
     134
     128
     167
     180
     163
     183
     199
     242
     238
     249
     257
     252
     225
     238
     209
     207
     187
     205
     195
     199
     198
     161
     171
     148
     176
     167
     160
     138
     151
     196
     150
     190
     170
     186
     217
     231
     244
     307
     306
     361
     409
     482
     544
     639
     785
    1019
    1276
    1681
    2376
    3129
    4193
    5945
    8086
   10478
   12842
   15285
   17063
   18118
   17670
   17244
   15990
   14126
   12332
   10664
    9365
    7929
    6788
    6002
    5070
    4315
    3670
    3228
    3005
    2947
    3092
    3558
    3953
    4438
    4681
    4953
    4704
    4525
    4038
    3611
    3230
    2762
    2380
    2123
    1788
    1551
    1212
    1020
     808
     705
     478
     335
     252
     200
     161
     145
     107
     110
     104
      85
      88
      82
      84
      86
      65
      57
      67
      78
      68
      68
      62
      74
      56
      67
      57
      68
      62
      64
      66
      63
      60
      57
      54
      59
      66
      62
      55
      75
      50
      64
      72
      65
      58
      66
      76
      61
      74
      49
      75
      67
      60
      51
      61
      53
      60
      49
      61
      62
      51
      63
      61
      71
      83
      66
      62
      65
      53
      65
      51
      73
      61
      66
      60
      68
      66
      53
      53
      61
      47
      51
      53
      61
      63
      59
      62
      51
      56
      62
      58
      66
      50
      61
      65
      62
      67
      76
      60
      65
      54
      43
      67
      73
      63
      63
      56
      62
      69
      60
      58
      63
      59
      57
      75
      72
      78
      62
      73
      59
      61
      51
      66
      67
      56
      67
      62
      62
      63
      68
      76
      60
      59
      64
      61
      61
      70
      67
      66
      71
      52
      86
      62
      66
      78
      59
      87
      81
      71
      54
      69
      76
      56
      56
      56
      59
      85
      77
      65
      63
      64
      66
      60
      51
      60
      55
      65
      57
      75
      59
      54
      55
      48
      40
      60
      61
      69
      57
      63
      52
      64
      57
      65
      53
      47
      60
      62
      62
      68
      65
      59
      73
      58
      83
      83
      89
     129
      99
      98
     145
     146
     183
     208
     154
     219
     199
     203
     193
     166
     154
     137
     137
     124
      92
     104
      91
      71
      80
      76
      75
      72
      68
      67
      75
      50
      50
      62
      47
      51
      50
      58
      72
      58
      50
      55
      67
      72
      66
      54
      63
      48
      66
      64
      78
      74
      52
      69
      84
      81
      70
      84
      83
      67
      89
      92
     114
      94
     112
      87
     114
     107
     119
     107
     126
      98
     104
      95
     113
     112
     101
      96
     120
     118
     106
     102
     119
     103
      98
     124
      96
      97
     125
     122
     109
     111
     112
     115
     114
     119
     134
     132
     118
     136
     119
     132
     140
     147
     150
     133
     158
     176
     178
     179
     167
     183
     177
     199
     188
     194
     202
     194
     226
     189
     202
     249
     226
     217
     224
     250
     235
     223
     219
     248
     241
     241
     183
     224
     238
     212
     211
     214
     220
     196
     214
     225
     209
     213
     219
     193
     218
     202
     229
     217
     229
     239
     228
     214
     238
     247
     218
     246
     253
     278
     246
     266
     281
     289
     295
     304
     284
     296
     318
     322
     340
     334
     352
     369
     362
     362
     373
     363
     420
     408
     446
     421
     443
     467
     450
     515
     528
     540
     584
     595
     569
     582
     598
     669
     700
     674
     678
     767
     772
     795
     773
     846
     921
     930
     954
     988
    1011
    1038
    1097
    1097
    1190
    1255
    1216
    1236
    1320
    1362
    1447
    1557
    1591
    1661
    1742
    1774
    1905
    1984
    1909
    2081
    2238
    2382
    2537
    2576
    2691
    2871
    2907
    2957
    3250
    3329
    3696
    3912
    4057
    4352
    4646
    4969
    5219
    5450
    5844
    6366
    6841
    7219
    7689
    8298
    8582
    9162
    9638
   10087
   10466
   10457
   10896
   11179
   11156
   11529
   11289
   11224
   11217
   10960
   10557
   10276
   10201
    9531
    9130
    8992
    8345
    8096
    7616
    7143
    6645
    6190
    5959
    5492
    5339
    4823
    4684
    4314
    4123
    3941
    3690
    3462
    3312
    3097
    2986
    2835
    2761
    2672
    2387
    2364
    2241
    2190
    2198
    2011
    1911
    1929
    1791
    1738
    1685
    1646
    1583
    1567
    1507
    1558
    1429
    1382
    1350
    1271
    1299
    1248
    1171
    1184
    1134
    1143
    1091
    1028
    1063
    1006
     947
     953
     926
     922
     900
     856
     915
     893
     825
     839
     826
     783
     791
     834
     766
     787
     761
     736
     732
     749
     722
     705
     685
     737
     722
     632
     684
     711
     625
     641
     642
     652
     642
     635
     614
     613
     641
     581
     603
     564
     573
     568
     574
     531
     536
     554
     500
     525
     530
     510
     469
     498
     447
     477
     411
     446
     436
     427
     449
     419
     380
     394
     427
     463
     439
     443
     467
     589
     710
     783
     982
    1300
    1753
    2317
    2786
    3571
    3863
    4471
    4796
    4991
    4683
    4575
    4189
    3724
    3201
    2755
    2469
    2109
    1772
    1468
    1244
     992
     763
     564
     420
     291
     232
     218
     148
     115
      77
      70
      74
      58
      74
      62
      54
      62
      39
      56
      63
      53
      42
      43
      54
      43
      44
      33
      40
      40
      51
      42
      41
      34
      50
      30
      37
      36
      35
      30
      31
      31
      41
      29
      34
      35
      42
      33
      28
      26
      41
      30
      26
      23
      40
      35
      40
      33
      30
      33
      30
      30
      33
      23
      23
      24
      25
      35
      37
      31
      26
      29
      24
      27
      17
      27
      19
      20
      20
      35
      36
      22
      29
      31
      33
      37
      25
      40
      39
      40
      49
      43
      37
      37
      45
      33
      49
      38
      44
      29
      39
      22
      33
      30
      27
      40
      28
      23
      27
      32
      28
      22
      34
      37
      34
      31
      30
      35
      31
      25
      26
      31
      30
      30
      32
      40
      32
      50
      38
      39
      40
      21
      31
      51
      44
      35
      34
      27
      31
      30
      35
      32
      40
      45
      43
      33
      44
      45
      34
      35
      39
      41
      38
      43
      42
      50
      50
      45
      50
      48
      62
      68
      63
      65
      70
      79
      95
      92
     101
     109
     103
      94
     103
      90
      71
      94
      77
      67
      51
      74
      64
      60
      65
      69
      64
      55
      46
      52
      62
      55
      55
      65
      78
      89
      93
     106
     107
     125
     122
     129
     118
     104
     102
     105
     112
      87
      78
      95
      57
      74
      62
      56
      46
      54
      43
      41
      52
      49
      49
      39
      43
      37
      45
      36
      34
      39
      38
      43
      38
      41
      44
      32
      35
      39
      42
      45
      23
      39
      36
      33
      27
      36
      37
      35
      33
      30
      26
      32
      33
      42
      26
      38
      30
      26
      41
      30
      44
      30
      35
      28
      33
      35
      26
      33
      21
      30
      36
      35
      28
      42
      27
      31
      35
      29
      33
      26
      30
      32
      24
      19
      25
      31
      34
      26
      28
      28
      25
      29
      25
      37
      33
      34
      36
      25
      35
      23
      22
      24
      34
      29
      30
      37
      24
      24
      33
      32
      29
      30
      35
      38
      35
      30
      24
      30
      28
      36
      27
      22
      39
      34
      26
      32
      38
      45
      39
      35
      39
      49
      67
      44
      43
      51
      67
      55
      53
      45
      57
      53
      51
      60
      38
      43
      53
      46
      45
      51
      42
      28
      38
      24
      31
      33
      22
      30
      34
      32
      35
      32
      29
      27
      27
      44
      47
      29
      47
      34
      48
      46
      34
      36
      31
      31
      45
      47
      34
      40
      31
      36
      31
      39
      34
      32
      18
      30
      25
      22
      35
      32
      31
      25
      25
      37
      24
      28
      21
      23
      23
      38
      16
      35
      26
      32
      36
      15
      28
      16
      23
      19
      27
      23
      19
      27
      27
      25
      38
      23
      16
      29
      29
      30
      22
      24
      23
      19
      29
      23
      26
      22
      21
      25
      26
      25
      33
      25
      38
      26
      27
      39
      23
      31
      26
      23
      24
      33
      22
      35
      36
      35
      25
      28
      50
      27
      21
      28
      27
      28
      20
      31
      31
      23
      25
      31
      20
      26
      21
      30
      26
      31
      33
      21
      29
      24
      26
      22
      29
      24
      22
      28
      26
      24
      36
      26
      16
      26
      36
      27
      27
      35
      34
      20
      33
      26
      26
      26
      20
      35
      35
      28
      21
      26
      38
      42
      36
      31
      23
      28
      43
      34
      39
      35
      24
      30
      29
      27
      26
      35
      29
      32
      29
      27
      36
      25
      33
      22
      28
      22
      27
      33
      26
      22
      32
      33
      24
      23
      21
      22
      19
      25
      24
      20
      35
      20
      25
      26
      10
      21
      19
      20
      22
      28
      24
      23
      30
      17
      24
      29
      20
      25
      21
      32
      17
      21
      16
      15
      26
      23
      20
      21
      20
      27
      20
      23
      23
      20
      29
      31
      23
      22
      30
      26
      30
      26
      36
      31
      21
      28
      17
      27
      27
      24
      24
      17
      32
      28
      20
      16
      25
      24
      23
      21
      14
      14
      23
      26
      25
      24
      23
      17
      28
      26
      22
      22
      20
      21
      26
      25
      20
      23
      20
      23
      28
      20
      21
      28
      22
      25
      22
      20
      19
      27
      11
      28
      20
      22
      24
      26
      25
      19
      23
      18
      25
      14
      21
      23
      20
      18
      25
      17
      16
      22
      16
      23
      21
      20
      15
      21
      18
      30
      24
      15
      22
      22
      27
      28
      14
      24
      22
      23
      16
      16
      17
      20
      16
      23
      20
      18
      18
      23
      19
      25
       9
      21
      18
      18
      36
      17
       7
      20
      15
      21
      19
      13
      18
      18
      16
      13
      24
      19
      17
      22
      19
      17
      14
      18
      25
      19
      19
      19
      14
      25
      21
      16
      25
      18
      17
      15
      16
      12
      20
      26
      19
      19
      19
      22
      20
      21
      18
      26
      21
      18
      23
      15
      22
      23
      13
      19
      23
      20
      23
      13
      24
      20
      21
      26
      26
      15
      19
      15
      16
      22
      22
      13
      17
      16
      22
      20
      23
      15
      26
      16
      18
      24
      15
      18
      18
       8
      19
      24
      14
      16
      25
      14
      14
      21
      24
      31
      18
      14
      15
      19
      16
      21
      20
      13
      15
      14
      25
      14
      21
      18
      16
      20
       8
      22
      30
      14
      21
      24
      28
      23
      23
      26
      20
      19
      23
      16
      17
      25
      19
      19
      19
      23
      15
      27
      25
      26
      21
      15
      19
      22
      18
      23
      14
      19
      18
      20
      24
      20
      28
      23
      21
      25
      26
      15
      18
      24
      21
      22
      25
      13
      25
      17
      16
      23
      23
      19
      13
      19
      27
      28
      16
      30
      18
      32
      27
      22
      17
      16
      19
      22
      34
      12
      12
      21
      21
      16
      24
      25
      21
      24
      29
      12
      16
      21
      24
      20
      23
      27
      34
      35
      33
      42
      24
      29
      29
      36
      31
      40
      18
      24
      24
      16
      27
      31
      19
      22
      28
      22
      32
      21
      23
      19
      13
      13
      20
      24
      21
      28
      19
      22
      21
      21
      13
      17
      27
      10
      17
      25
      38
      14
      21
      24
      20
      21
      23
      21
      23
       9
      15
      25
      23
      13
      20
      25
      28
      19
      19
      21
      24
      24
      18
      20
      22
      20
      15
      19
      14
      24
      26
      29
      21
      20
      14
      29
      23
      19
      19
      21
      22
      24
      20
      18
      18
      20
      22
      21
      23
      12
      21
      14
      23
      19
      18
      16
      21
      14
      23
      20
      14
      17
      20
      20
      19
      16
      16
      17
      20
      23
      20
      25
      18
      21
      18
      28
      16
      18
      19
      15
      27
      20
      22
      30
       9
      19
      13
      26
      17
      21
      19
      20
      25
      27
      15
      18
      24
      22
      21
      24
      28
      19
      24
      19
      18
      29
      15
      26
      25
      19
      14
      21
      24
      25
      20
      27
      16
      22
      23
      20
      14
      16
      26
      24
      24
      16
      22
      21
      22
      20
      21
      17
      27
      26
      18
      18
      23
      19
      22
      20
      23
      24
      30
      19
      16
      19
      13
      27
      19
      22
      18
      15
       9
      21
      24
      18
      19
      16
      10
      16
      20
      18
      22
      26
      18
      26
      19
      20
      23
      19
      20
      24
      14
      21
      23
      18
      21
      18
      17
      20
      22
      18
      23
      22
      20
      19
      28
      18
      22
      21
      25
      29
      18
      23
      20
      22
      18
      25
      22
      21
      28
      25
      22
      14
      21
      24
      19
      15
      22
      21
      20
      20
      30
      22
      27
      26
      25
      33
      21
      20
      25
      17
      20
      18
      27
      22
      24
      20
       9
      20
      20
      25
      29
      24
      31
      20
      20
      23
      27
      20
      16
      27
      29
      18
      26
      37
      22
      25
      29
      22
      22
      26
      24
      30
      29
      41
      26
      21
      23
      23
      24
      37
      27
      25
      27
      30
      20
      20
      13
      28
      16
      26
      23
      12
      19
      22
      20
      33
       0
       0
       0
       0
       0
       0
       0
       0
       0
       0
       0
       0
       0
       0
       0
       0
       0
       0
       0
       0
       0
       0
       0
       0
       0
       0
       0
       0
       0
       0
       0
       0
$ROI:
0
$PRESETS:
Live Time
300
0
$ENER_FIT:
0.000000 1.164009
$MCA_CAL:
3
0.000000E+000 1.164009E+000 0.000000E+000 keV
$SHAPE_CAL:
3
0.000000E+000 0.000000E+000 0.000000E+000
