$SPEC_ID:
No sample description was entered.
$SPEC_REM:
DET# 2
DETDESC# JLAB-20 MCB 129
AP# Maestro Version 7.01
$DATE_MEA:
02/11/2016 15:58:30
$MEAS_TIM:
100 112
$DATA:
0 2047
       0
       0
       0
       0
       0
       0
       0
       0
       0
       0
       0
       0
       0
       0
       0
       0
       0
       0
       0
       0
       0
       0
       0
       0
       0
       0
       0
       0
       0
       0
       0
       0
       0
       0
       0
       0
       0
       0
       0
       0
       0
       0
       0
       0
       0
       0
       0
       0
       7
    1546
   23187
   22034
   19494
   17457
   16016
   14413
   13362
   12067
   11079
    9916
    9382
    8456
    7842
    7182
    6673
    6340
    5646
    5362
    4889
    4602
    4278
    3945
    3618
    3438
    3101
    2832
    2808
    2389
    2385
    2127
    1962
    1714
    1651
    1513
    1393
    1233
    1193
    1009
     884
     758
     706
     571
     534
     480
     392
     320
     256
     272
     197
     162
     138
     130
      89
      81
      63
      43
      32
      29
      30
      23
      20
      25
      11
      10
       8
       7
       9
       8
       3
       5
       6
       3
       2
       5
       1
       8
       2
       0
       8
       2
       4
       5
       8
       3
       2
       5
       6
       3
       6
       4
       6
       8
       3
       3
       4
       4
       7
       4
       6
       4
       4
       2
       6
       2
       4
       3
       3
       4
       3
       1
       5
       6
       3
       3
       6
       5
       6
       3
       7
       4
       5
       3
       3
       5
       3
       2
       1
       5
       2
       3
       3
       2
       2
       4
       3
       3
       3
       1
       5
       5
       8
       4
       3
       4
       2
       2
       8
       2
       1
       3
       5
       2
       3
       2
       3
       5
       4
       3
       5
       3
       2
       3
       3
       1
       5
       5
       2
       2
       3
       6
       4
       1
       2
       6
       1
       2
       3
       1
       3
       1
       0
       2
       2
       2
       4
       3
       1
       3
       3
       3
       2
       4
       0
       2
       7
       1
       3
       2
       2
       3
       4
       2
       3
       5
       6
       1
       1
       2
       3
       3
       5
       6
       2
       1
       1
       5
       3
       4
       2
       5
       4
       4
       2
       3
       2
       2
       1
       3
       3
       3
       2
       2
       0
       2
       1
       3
       4
       2
       1
       5
       2
       2
       2
       3
       4
       8
       3
       2
       6
       4
       4
       1
       2
       1
       3
       1
       1
       5
       4
       2
       3
       2
       1
       2
       2
       1
       4
       3
       2
       3
       4
       0
       3
       1
       3
       7
       3
       0
       1
       2
       2
       4
       5
       6
       2
       2
       2
       5
       3
       5
       3
       4
       2
       4
       5
       2
       1
       4
       3
       3
       3
       5
       3
       1
       2
       3
       0
       2
       3
       4
       1
       1
       1
       7
       2
       4
       1
       2
       2
       3
       3
       5
       3
       2
       2
       2
       3
       1
       1
       9
       3
       3
       3
       0
       3
       0
       4
       2
       2
       5
       5
       2
       2
       2
       4
       2
       3
       4
       2
       2
       0
       4
       2
       6
       1
       6
       1
       2
       0
       5
       2
       0
       2
       0
       2
       2
       1
       1
       2
       0
       4
       4
       1
       2
       4
       3
       4
       3
       2
       3
       5
       1
       8
       2
       3
       2
       4
       2
       3
       3
       1
       3
       0
       2
       1
       3
       3
       1
       1
       1
       3
       1
       0
       4
       3
       7
       1
       3
       3
       2
       4
       2
       1
       3
       3
       5
       1
       1
       3
       0
       2
       3
       1
       3
       3
       1
       5
       4
       1
       1
       1
       1
       2
       0
       3
       1
       3
       3
       3
       3
       3
       3
       3
       1
       3
       5
       3
       5
       2
       1
       1
       7
       7
       2
       6
       3
       1
       3
       7
       1
       4
       3
       6
       6
       7
       2
       5
       5
       5
       7
       4
       2
       6
       5
       5
       3
       6
       5
       3
       5
       4
       4
       5
       4
       7
       3
       6
       2
       4
       1
       5
       3
       7
       7
       1
       1
       2
       7
       3
       2
       6
       2
       8
       3
       4
       1
       1
       3
       4
       2
       2
       3
       3
       1
       3
       2
       4
       2
       3
       2
       2
       3
       1
       5
       0
       3
       4
       2
       2
       2
       1
       4
       2
       4
       0
       2
       3
       0
       3
       2
       0
       1
       3
       3
       2
       4
       0
       3
       1
       5
       5
       1
       3
       4
       2
       6
       4
       3
       3
       2
       2
       0
       3
       2
       3
       2
       0
       4
       3
       2
       3
       4
       1
       3
       2
       4
       5
       2
       4
       2
       2
       3
       3
       4
       3
       6
       5
       1
       5
       5
       5
       1
       1
       5
       1
       3
       3
       6
       4
       5
       1
       4
       4
       3
       1
       2
       5
       2
       4
       2
       3
       3
       5
       0
       4
       2
       5
       6
       4
       1
       1
       3
       3
       2
       0
       3
       5
       3
       6
       1
       3
       0
       3
       3
       3
       2
       0
       2
       2
       5
       2
       4
       1
       1
       3
       1
       2
       3
       2
       2
       1
       3
       2
       1
       5
       2
       3
       4
       1
       2
       2
       1
       1
       0
       0
       0
       1
       2
       3
       2
       1
       3
       0
       1
       1
       1
       1
       1
       1
       2
       1
       0
       5
       3
       0
       1
       3
       1
       3
       2
       2
       1
       1
       2
       1
       0
       4
       2
       0
       0
       3
       0
       3
       2
       3
       2
       1
       1
       1
       2
       2
       1
       4
       0
       1
       1
       0
       0
       3
       0
       1
       1
       0
       3
       1
       2
       0
       2
       1
       1
       5
       1
       3
       1
       3
       2
       2
       0
       4
       2
       1
       3
       1
       3
       2
       1
       3
       0
       5
       0
       1
       1
       3
       1
       2
       2
       2
       3
       0
       0
       1
       0
       0
       4
       0
       2
       1
       3
       1
       1
       2
       1
       3
       2
       4
       2
       1
       2
       2
       0
       1
       0
       2
       1
       0
       1
       0
       1
       2
       3
       1
       1
       4
       1
       2
       2
       1
       2
       1
       0
       3
       3
       0
       6
       2
       1
       1
       1
       2
       2
       1
       0
       0
       2
       1
       0
       2
       1
       0
       0
       5
       1
       2
       0
       2
       1
       4
       2
       3
       3
       4
       3
       6
       3
       0
       5
       4
       3
       3
       4
       3
       3
       3
       6
       1
       0
       7
       5
       4
       3
       3
       6
       7
      11
       8
       8
      10
       9
      11
      10
      14
      14
      18
      14
      23
      18
      29
      36
      31
      27
      35
      27
      38
      29
      32
      30
      34
      52
      38
      50
      48
      50
      46
      50
      58
      43
      59
      52
      54
      36
      46
      48
      40
      38
      44
      42
      49
      27
      37
      43
      38
      39
      33
      38
      28
      33
      28
      31
      28
      21
      21
      17
      19
      16
      20
      24
      22
      18
      14
      10
      11
      14
      18
      13
       9
      11
       9
       8
       5
       9
       7
       6
       2
       3
       7
       3
       5
       2
       0
       2
       2
       5
       6
       3
       2
       4
       6
       1
       5
       1
       2
       5
       4
       0
       4
       2
       6
       4
       4
       0
       4
       6
       5
       6
      10
       8
       4
       8
       3
      12
      10
       5
       9
      10
       9
      11
       6
      13
      10
      10
      20
      22
      10
       8
      21
      21
      16
      27
      20
      26
      20
      32
      32
      34
      32
      28
      48
      29
      39
      35
      43
      43
      36
      55
      50
      42
      49
      35
      42
      45
      49
      39
      40
      54
      42
      45
      46
      42
      40
      44
      45
      37
      32
      43
      35
      50
      22
      35
      28
      40
      25
      31
      20
      29
      22
      31
      27
      14
      19
      16
      12
      17
      14
      16
      17
      15
       5
       8
       9
       9
       9
       4
      12
       6
       6
       7
       8
       6
       4
       6
       5
       8
       3
       1
       5
       2
       0
       3
       3
       2
       2
       3
       2
       2
       3
       2
       0
       0
       1
       2
       1
       1
       4
       1
       1
       1
       3
       2
       0
       1
       2
       1
       3
       2
       1
       3
       1
       0
       0
       4
       3
       0
       1
       0
       2
       1
       1
       0
       1
       0
       2
       1
       1
       3
       2
       2
       2
       2
       1
       0
       2
       0
       0
       1
       0
       1
       1
       3
       1
       2
       0
       1
       2
       1
       2
       0
       1
       0
       0
       2
       0
       3
       2
       0
       1
       1
       1
       3
       1
       3
       0
       0
       3
       4
       1
       1
       2
       2
       0
       0
       3
       0
       0
       0
       1
       2
       0
       1
       0
       1
       1
       2
       1
       1
       3
       2
       0
       0
       2
       0
       1
       0
       3
       2
       2
       1
       1
       3
       2
       2
       3
       1
       0
       0
       1
       1
       2
       1
       0
       1
       2
       2
       0
       1
       3
       3
       1
       0
       1
       1
       0
       2
       0
       1
       1
       1
       0
       2
       1
       1
       0
       0
       2
       2
       0
       3
       0
       1
       0
       0
       3
       1
       1
       1
       1
       1
       0
       1
       1
       1
       0
       2
       1
       3
       1
       0
       2
       1
       3
       1
       1
       1
       2
       2
       1
       0
       0
       1
       0
       2
       0
       1
       1
       0
       2
       2
       0
       1
       3
       2
       1
       0
       1
       1
       2
       1
       2
       2
       2
       0
       0
       1
       3
       3
       0
       0
       1
       0
       1
       4
       0
       4
       0
       0
       0
       1
       1
       1
       1
       0
       1
       1
       1
       1
       0
       1
       1
       4
       2
       1
       3
       0
       3
       3
       0
       1
       0
       1
       2
       1
       1
       5
       2
       3
       1
       3
       4
       2
       0
       2
       3
       2
       1
       1
       1
       0
       5
       0
       2
       2
       1
       0
       1
       1
       1
       1
       0
       0
       1
       1
       1
       0
       1
       4
       0
       0
       0
       2
       1
       0
       1
       4
       1
       2
       1
       3
       1
       2
       0
       1
       3
       1
       1
       0
       1
       3
       1
       0
       0
       3
       2
       3
       1
       2
       2
       2
       2
       0
       1
       2
       2
       2
       1
       1
       1
       2
       2
       1
       2
       0
       0
       1
       1
       2
       0
       2
       1
       0
       0
       5
       0
       1
       0
       0
       0
       0
       1
       1
       0
       5
       0
       2
       0
       0
       0
       2
       0
       1
       0
       1
       0
       1
       3
       0
       4
       1
       0
       0
       2
       3
       0
       1
       4
       1
       1
       0
       2
       4
       2
       1
       2
       1
       2
       2
       2
       0
       1
       1
       1
       0
       2
       1
       2
       0
       1
       2
       2
       0
       1
       3
       1
       2
       3
       5
       2
       4
       0
       0
       1
       1
       2
       1
       1
       0
       4
       0
       1
       4
       1
       2
       3
       2
       0
       1
       4
       1
       1
       1
       2
       4
       4
       1
       1
       2
       2
       3
       1
       0
       2
       0
       2
       0
       0
       0
       2
       1
       3
       1
       3
       0
       2
       1
       1
       1
       3
       2
       1
       3
       3
       1
       1
       2
       3
       1
       0
       3
       2
       3
       5
       2
       0
       1
       2
       0
       1
       2
       0
       0
       0
       4
       1
       1
       0
       1
       0
       3
       1
       3
       1
       1
       2
       5
       2
       4
       1
       1
       1
       0
       4
       5
       1
       3
       5
       3
       2
       0
       1
       5
       2
       1
       0
       4
       2
       1
       3
       1
       4
       3
       4
       5
       3
       1
       4
       2
       4
       1
       2
       1
       4
       2
       5
       2
       1
       2
       4
       3
       3
       2
       6
       1
       1
       2
       4
       5
       5
       4
       2
       3
       2
       2
       4
       3
       5
       2
       4
       1
       1
       0
       1
       3
       2
       0
       4
       4
       2
       6
       1
       0
       1
       3
       2
       2
       4
       4
       1
       2
       2
       3
       4
       3
       3
       3
       4
       3
       2
       4
       2
       0
       1
       3
       2
       2
       2
       0
       2
       2
       2
       3
       4
       3
       4
       2
       3
       3
       0
       4
       1
       2
       4
       4
       1
       4
       2
       3
       2
       2
       1
       1
       5
       4
       3
       0
       2
       1
       3
       5
       1
       4
       0
       2
       3
       5
       1
       1
       2
       3
       2
       4
       4
       0
       1
       5
       0
       4
       4
       1
       2
       2
       9
       2
       1
       1
       6
       0
       3
       2
       4
       2
       1
       0
       4
       1
       1
       4
       6
       5
       2
       4
       3
       4
       1
       6
       1
       7
       2
       2
       0
       4
       0
       0
       5
       2
       4
       4
       5
       2
       4
       1
       1
       2
       5
       3
       4
       2
       2
       2
       5
       3
       4
       5
       7
       4
       6
       4
       2
       3
       2
       0
       8
       6
       3
       9
       6
       2
       6
       4
       1
       3
       9
       5
       5
       3
       2
       4
       4
       5
       7
       8
       0
       4
       7
       7
       7
       4
       3
       4
       5
       4
       7
       4
       4
       4
       9
       9
       9
       7
       5
       2
      11
       6
       7
       5
       7
       4
       8
       6
       4
       6
       5
       8
      10
      10
       7
       7
       4
       6
       2
       8
      10
       2
       5
       6
       9
       8
       4
       5
       5
      10
       5
       5
       8
      12
       5
      11
       8
       9
      11
       7
       3
       4
       8
       9
       5
       5
       7
       7
       6
       4
       8
       8
       9
       5
      12
       7
       5
      14
      14
      10
      12
       7
       6
      14
      10
       8
      10
       5
      12
       8
      11
      15
       9
      14
      12
       3
       8
      12
      10
      11
      10
       9
      10
      12
       9
      12
      14
      12
       9
      18
      10
      11
       9
      18
      14
       7
      10
      13
      10
      18
       6
      15
      16
      12
      20
      10
      13
      17
      15
      13
      11
      11
      14
      13
      15
      15
      16
      17
      19
      13
      17
      12
      21
      27
      19
      21
      12
      16
      16
      15
      13
      21
      15
      18
      24
      21
      22
      22
      24
      15
      27
      24
      23
      22
      23
      23
      22
      31
       0
       0
       0
       0
       0
       0
       0
       0
       0
       0
       0
       0
       0
       0
       0
       0
       0
       0
       0
       0
       0
       0
       0
       0
       0
       0
       0
       0
       0
       0
       0
       0
$ROI:
1
27 2032
$PRESETS:
Live Time
100
0
$ENER_FIT:
0.000000 0.024067
$MCA_CAL:
3
0.000000E+000 2.406711E-002 0.000000E+000 keV
$SHAPE_CAL:
3
0.000000E+000 0.000000E+000 0.000000E+000
