$SPEC_ID:
No sample description was entered.
$SPEC_REM:
DET# 2
DETDESC# JLAB-20 MCB 129
AP# Maestro Version 7.01
$DATE_MEA:
02/11/2016 15:27:55
$MEAS_TIM:
100 113
$DATA:
0 2047
       0
       0
       0
       0
       0
       0
       0
       0
       0
       0
       0
       0
       0
       0
       0
       0
       0
       0
       0
       0
       0
       0
       0
       0
       0
       0
       0
       0
       0
       0
       0
       0
       0
       0
       0
       0
       0
       0
       0
       0
       0
       0
       0
       0
       0
       0
       0
       0
       4
    1430
   23110
   21598
   19199
   17624
   15543
   14346
   12911
   11658
   10604
    9714
    8838
    8372
    7384
    6777
    6232
    5773
    5275
    4902
    4604
    4161
    3832
    3561
    3313
    3106
    2886
    2556
    2396
    2247
    2059
    1865
    1774
    1627
    1482
    1355
    1203
    1052
     963
     846
     733
     659
     600
     493
     454
     356
     282
     264
     192
     196
     143
     115
      84
      87
      79
      72
      58
      54
      39
      28
      24
      19
      22
      29
      27
      14
      13
      15
      15
      21
      15
      12
      12
      20
      11
      15
       6
      14
      15
       5
       7
      14
      17
      23
      15
      16
      15
      13
      16
      10
      12
      13
      19
      15
      18
      13
      14
      10
      12
       8
      10
      10
      13
       6
       7
      10
      12
      17
       8
      13
       9
       9
      16
       9
       9
      18
      15
       9
      11
      10
       9
       7
      12
       9
      15
       6
       6
      11
      14
       7
       9
      11
       7
      18
       9
       4
       8
       9
       4
       7
       8
      11
       8
       8
      13
       9
      11
       9
      10
      10
       9
       6
      10
       7
      12
      13
       7
      12
       2
      14
       6
       8
       5
      10
      13
       7
       5
       4
       7
       8
      11
       5
      10
       7
       9
      14
       4
       8
       8
       5
       5
       8
      13
      11
      11
       3
       8
      10
       5
       7
      13
       9
       6
       9
       5
       6
       7
       7
       6
       4
       8
       8
       7
       9
       8
       8
      10
       9
       9
      12
      10
       6
       7
       3
       4
       7
       5
       8
       8
       6
       2
       6
       8
       8
       7
       6
       2
       7
       7
       6
       5
       8
       9
       7
       7
       8
       2
       6
       5
       5
       4
       4
      11
       3
       4
       4
       7
       2
       3
       7
       6
       5
       7
       0
       6
       5
       4
       8
       5
       5
       6
       5
       5
       8
       9
       8
      14
       2
       8
      10
       5
       8
       1
       9
       7
       5
       6
       6
      10
       2
       3
       5
       5
       3
       4
       8
       9
       6
      10
       5
       5
       7
       7
       6
       3
       6
       7
       2
       7
       5
       6
       5
       2
       7
       5
       9
       5
       4
       5
       5
       7
       7
       6
       7
       5
       7
       6
      11
       4
       5
       5
       3
       2
       7
       5
       6
       8
       7
       7
       3
       6
       1
       7
       6
       6
       4
       4
       3
       5
      10
       6
       8
       7
       8
       0
       1
       7
       8
       8
       2
       8
       9
       2
       8
       5
       8
       4
       5
       4
       5
       8
       8
       2
       5
       6
       5
       5
       5
       5
       4
       7
       6
       9
       8
       4
       5
       4
       8
      11
       6
       2
       2
       4
       7
      10
       5
       7
       6
       7
       3
       7
      12
      10
      12
      10
       5
       8
      13
      11
      13
       7
       9
      13
       9
      19
      12
      16
      20
       8
      17
      17
      14
      18
      16
      14
      20
      16
       9
      25
      18
      17
      17
      18
      22
      19
      28
      15
      13
      27
      20
      22
      21
      23
      18
      19
      16
      23
      19
      26
      22
      26
      23
      36
      24
      24
      20
      38
      27
      36
      42
      47
      34
      39
      49
      45
      40
      52
      46
      43
      56
      56
      54
      57
      59
      65
      69
      75
      60
      64
      82
      70
      52
      69
      66
      61
      79
      61
      59
      58
      60
      53
      54
      52
      40
      53
      42
      37
      34
      36
      41
      33
      31
      42
      33
      38
      22
      24
      39
      14
      19
      19
      22
      16
      25
      14
      12
      13
      10
      13
      19
      11
      16
      12
      11
       9
       9
      15
      11
       9
       7
       9
      10
       5
       6
       7
      13
       7
       8
       7
       8
       9
       9
       4
      11
       7
       7
      14
      10
       6
      11
       8
      13
      11
      15
       9
       9
       7
       8
       5
      13
      13
      11
       5
      11
      11
      11
       7
      17
       8
      11
       8
      12
       8
      11
       8
      18
      16
      11
      17
      15
       9
      13
      16
      20
      22
      18
      20
      16
      19
      25
      22
      24
      17
      25
      24
      24
      15
      30
      22
      23
      22
      21
      21
      21
      29
      27
      17
      22
      28
      31
      22
      26
      24
      23
      17
      25
      14
      15
      27
       8
      14
      13
      18
      12
      17
      16
      13
       9
      14
       9
      10
      14
       8
       5
      10
       9
       6
       9
       6
       8
       5
       7
       7
       9
      12
       4
       7
       7
       8
       7
       4
       5
       4
       5
       9
       1
       2
       3
       4
       4
       3
       6
       5
       6
       5
       3
       2
       0
       5
       3
       3
       5
       4
       7
       5
       2
       4
       3
       4
       6
       1
       4
       4
       3
       1
       3
       1
       3
       3
       3
       3
       0
       4
       2
       1
       4
       7
       2
       4
       1
       5
       6
       1
       2
       2
       2
       5
       1
       5
       1
       3
       6
       3
       7
       3
       3
       1
       7
       3
       5
       3
       4
      10
       3
       4
       4
       5
       6
       4
       5
       4
       6
       3
       3
       2
       1
       5
       7
       3
       2
       4
       4
       7
       1
       0
       2
       4
       4
       6
       5
       3
       6
       2
       3
       3
      10
       7
       3
       4
       5
       2
       2
       4
       5
       3
       3
       3
       7
       3
       3
       5
       2
       3
       4
       5
       5
       8
       2
       4
       6
       7
       5
       4
      10
       6
       5
       6
       9
       4
       5
       8
       5
       9
       6
       7
       4
       3
       5
       9
       8
       7
      15
       9
       4
       8
       6
       6
       8
       8
       9
       8
      11
       9
       6
       8
       7
       9
       9
       8
      12
       7
       6
       7
      12
      12
      10
       7
      14
      11
      19
      20
      11
      17
      22
      19
      19
      17
      29
      14
      31
      26
      14
      22
      32
      32
      20
      39
      42
      39
      30
      44
      43
      51
      54
      53
      64
      54
      62
      63
      96
      81
     114
     112
     123
     137
     138
     167
     184
     187
     200
     222
     248
     306
     306
     352
     357
     406
     413
     472
     504
     542
     617
     587
     726
     662
     745
     701
     783
     770
     818
     903
     872
     945
     992
     957
     946
     959
    1034
    1006
    1024
     996
     981
     942
     922
     917
     966
     882
     856
     885
     800
     771
     721
     692
     645
     700
     655
     615
     636
     532
     524
     491
     484
     472
     403
     431
     378
     382
     320
     302
     271
     277
     237
     251
     237
     222
     202
     179
     158
     134
     135
     118
     109
     101
      91
      63
      56
      73
      55
      64
      51
      49
      44
      37
      32
      35
      24
      34
      36
      28
      23
      27
      35
      31
      21
      29
      24
      22
      32
      23
      28
      18
      20
      26
      21
      34
      34
      38
      32
      37
      30
      44
      42
      44
      42
      68
      68
      68
      62
      69
      91
      87
      93
     118
     151
     135
     134
     154
     154
     168
     179
     201
     221
     225
     257
     266
     294
     271
     320
     301
     328
     312
     363
     387
     390
     369
     390
     420
     394
     423
     383
     399
     394
     384
     424
     374
     408
     378
     367
     380
     380
     346
     334
     321
     334
     292
     321
     289
     250
     252
     235
     267
     220
     216
     205
     221
     177
     173
     234
     188
     162
     170
     151
     132
     127
     126
     109
     110
      85
      90
      93
      80
      61
      68
      60
      60
      44
      40
      43
      35
      37
      31
      43
      28
      27
      26
      22
      24
      27
      17
      16
      17
      11
       7
      16
      12
      11
       8
      14
       9
       5
       0
       3
       5
       6
       5
       2
       2
       3
       1
       4
       3
       4
       5
       6
       3
       6
       5
       3
       1
       4
       2
       1
       3
       5
       4
       2
       1
       2
       1
       2
       5
       3
       2
       0
       2
       3
       3
       1
       0
       5
       0
       2
       2
       1
       1
       1
       0
       2
       0
       2
       0
       2
       2
       3
       2
       0
       3
       3
       1
       3
       2
       1
       3
       0
       2
       4
       0
       1
       1
       2
       1
       3
       1
       0
       2
       2
       1
       1
       3
       1
       1
       3
       2
       4
       3
       2
       4
       1
       1
       0
       1
       0
       1
       1
       4
       4
       1
       1
       2
       2
       1
       2
       0
       1
       2
       0
       2
       2
       1
       5
       0
       2
       2
       1
       0
       1
       0
       2
       1
       3
       2
       2
       2
       4
       1
       2
       0
       1
       1
       1
       0
       5
       1
       1
       2
       0
       1
       3
       0
       2
       2
       1
       2
       2
       3
       2
       1
       2
       2
       1
       1
       1
       5
       2
       3
       2
       4
       3
       0
       3
       0
       1
       0
       4
       0
       0
       4
       2
       3
       3
       2
       2
       4
       2
       1
       2
       1
       0
       0
       1
       2
       2
       3
       1
       3
       5
       1
       1
       2
       2
       2
       3
       2
       4
       1
       1
       4
       1
       2
       2
       4
       6
       1
       1
       2
       2
       4
       3
       0
       0
       1
       0
       1
       0
       3
       3
       2
       3
       1
       3
       1
       0
       1
       1
       3
       3
       1
       5
       0
       3
       2
       2
       0
       1
       0
       2
       3
       5
       4
       1
       4
       2
       1
       2
       0
       1
       1
       2
       2
       3
       2
       0
       0
       0
       0
       0
       3
       1
       1
       1
       1
       0
       0
       3
       0
       0
       2
       1
       5
       1
       3
       3
       2
       1
       0
       1
       2
       0
       1
       4
       4
       0
       2
       2
       3
       0
       5
       2
       1
       1
       2
       1
       1
       3
       0
       4
       3
       2
       4
       3
       6
       1
       0
       2
       1
       4
       2
       1
       1
       2
       3
       2
       5
       2
       1
       1
       1
       1
       1
       2
       1
       3
       2
       0
       1
       3
       0
       1
       1
       3
       2
       5
       0
       1
       2
       3
       4
       2
       3
       2
       2
       0
       2
       3
       2
       1
       2
       4
       4
       1
       3
       0
       3
       1
       0
       3
       1
       1
       4
       1
       1
       3
       0
       3
       2
       3
       1
       3
       2
       5
       2
       2
       1
       4
       3
       3
       2
       1
       1
       2
       0
       0
       2
       1
       2
       2
       1
       2
       1
       4
       3
       1
       2
       2
       0
       2
       1
       1
       3
       2
       2
       3
       1
       2
       1
       1
       2
       0
       0
       3
       1
       3
       4
       2
       1
       1
       2
       4
       5
       2
       4
       0
       7
       3
       5
       2
       2
       1
       2
       2
       2
       2
       1
       2
       0
       2
       3
       4
       5
       1
       3
       1
       3
       3
       4
       2
       1
       1
       2
       0
       2
       1
       3
       4
       2
       2
       1
       2
       4
       4
       0
       0
       4
       4
       2
       2
       1
       2
       4
       4
       0
       3
       1
       1
       3
       1
       5
       3
       2
       2
       4
       2
       1
       3
       3
       3
       2
       3
       3
       4
       3
       2
       1
       7
       5
       3
       1
       1
       4
       4
       6
       5
       3
       2
       2
       7
       2
       1
       2
       5
       4
       2
       7
       0
       0
       3
       3
       4
       5
       2
       3
       1
       2
       4
       2
       6
       3
       6
       2
       2
       1
       1
       2
       3
       0
       2
       2
       5
       6
       1
       1
       4
       3
       3
       7
       5
       2
       0
       6
       2
       4
       5
       2
       2
       2
       1
       2
       4
       5
       1
       1
       4
       3
       2
       2
       7
       4
       2
       4
       5
       5
       3
       5
       5
       3
       5
       5
       3
       3
       1
       4
       4
       2
       5
       7
       7
       4
       1
       1
       4
       5
       1
       4
       2
       2
       6
       1
       6
       6
       2
       5
       2
       4
       5
       1
       3
       8
       3
       4
       1
       1
       5
       4
       4
       4
       3
       4
       5
       3
       4
       6
       4
       4
       0
       2
       1
       3
       4
       3
       3
       2
       5
       4
       4
       6
       6
       7
       6
       2
       4
       1
       4
       3
       3
       3
       9
       4
       3
       1
       2
       2
       3
       7
       5
       5
       2
       2
       7
       7
       6
       2
       3
       6
       2
       0
       6
       4
       6
       6
       3
       5
       3
       2
       3
       4
       4
       5
       3
       7
      11
       8
       2
       2
       5
       1
       2
       6
       3
       3
       8
       3
       1
       2
       2
       4
       7
       2
       5
       5
      14
       7
       7
      10
       7
       7
       5
       9
       7
       7
       6
       5
      10
      11
       8
       8
       7
       7
       8
       8
       7
      11
       7
       6
       9
       8
       6
       5
      10
       6
      10
       6
       7
      16
       8
       5
       7
       4
       7
       8
       7
       5
       8
      10
       9
       9
       7
       6
       9
      12
       7
      10
       4
      10
      10
       9
      10
       7
       5
      11
       4
       5
      11
       9
       8
       4
       6
      12
       8
       7
       9
       7
      13
      11
       9
      13
      12
      11
       9
      16
       8
      16
       9
      12
      10
       8
      13
       8
      12
      13
      12
       9
      11
       8
      16
       8
      16
      14
      14
      13
       3
      11
      13
       9
      15
      14
      12
      15
      11
      10
      17
      16
      14
      15
      17
      13
      15
      10
      10
      15
      17
      10
      17
      17
      15
      19
      13
      23
      14
      18
      14
      14
      13
      16
      18
      17
      26
      13
      18
      19
      23
      20
      25
      23
      18
      17
      28
      17
      17
      16
      22
      21
      19
      15
      15
      23
      28
      25
      25
      27
      25
      16
      27
      22
      19
      26
      22
      25
      27
      32
      32
      23
      29
      32
      30
      22
      23
      37
      27
      34
      40
      32
      31
      20
      37
      30
      42
      33
      28
       0
       0
       0
       0
       0
       0
       0
       0
       0
       0
       0
       0
       0
       0
       0
       0
       0
       0
       0
       0
       0
       0
       0
       0
       0
       0
       0
       0
       0
       0
       0
       0
$ROI:
0
$PRESETS:
Live Time
100
0
$ENER_FIT:
0.000000 0.024067
$MCA_CAL:
3
0.000000E+000 2.406711E-002 0.000000E+000 keV
$SHAPE_CAL:
3
0.000000E+000 0.000000E+000 0.000000E+000
