$SPEC_ID:
No sample description was entered.
$SPEC_REM:
DET# 2
DETDESC# JLAB-20 MCB 129
AP# Maestro Version 7.01
$DATE_MEA:
02/11/2016 16:36:56
$MEAS_TIM:
100 112
$DATA:
0 2047
       0
       0
       0
       0
       0
       0
       0
       0
       0
       0
       0
       0
       0
       0
       0
       0
       0
       0
       0
       0
       0
       0
       0
       0
       0
       0
       0
       0
       0
       0
       0
       0
       0
       0
       0
       0
       0
       0
       0
       0
       0
       0
       0
       0
       0
       0
       0
       0
       8
    1683
   22602
   21021
   18844
   16853
   15304
   13695
   12272
   11423
   10087
    9583
    8588
    7886
    7103
    6505
    6023
    5527
    5100
    4785
    4326
    4082
    3763
    3554
    3179
    3052
    2750
    2612
    2362
    2180
    2016
    1857
    1681
    1542
    1439
    1291
    1128
    1035
     896
     819
     709
     677
     549
     433
     389
     378
     258
     225
     185
     164
     138
     103
      93
      81
      61
      43
      36
      29
      22
      23
      18
      17
      17
      12
      15
      12
       7
      11
       7
       5
      14
      12
       6
       8
       3
       8
       8
       8
       8
      11
       7
      11
       6
       7
      10
      13
       8
       2
       5
       6
       3
       3
       9
       5
       8
       3
      10
       8
      10
       2
       6
      10
       5
       8
       8
       3
       8
       7
       8
      12
       6
       4
       8
       5
       5
       5
       2
      10
       7
       4
       7
       7
       7
       4
      10
       9
       3
       9
       4
       4
       8
       7
      15
       3
       3
       1
       4
       4
       6
       5
       7
       4
       6
       6
       6
       6
       6
       3
       3
       3
       3
       7
       8
       0
       6
       3
       4
       7
       3
       2
       5
       4
       3
       7
       5
       4
       4
       6
       5
       5
       5
       3
       3
       8
       3
       7
       2
       3
       9
       3
       5
       6
       2
       6
       2
       4
       8
       4
       4
       5
       3
       8
       4
       3
       6
       7
      10
       2
       3
       2
       2
       2
       3
       4
       4
       5
       5
       6
       1
       0
       7
       6
       3
       5
       1
       2
       2
       2
       7
       2
       4
       8
       2
       4
       8
       6
       6
       3
       9
       8
       4
       9
       2
       2
       4
       3
       2
       1
       1
       5
       3
       4
       4
       6
       5
       5
       4
       8
       2
       2
       5
       4
      12
       3
       5
       4
       5
       6
       2
       2
       8
       6
       6
       3
       4
       5
       4
       5
       3
       0
       2
       1
       5
       2
       2
       6
       2
       2
       1
       4
       3
       4
       4
       3
       3
       4
       4
       3
       5
       3
       5
       2
       4
       5
       0
       7
       4
       4
       5
       5
       4
       4
       2
       6
       2
       2
       2
       2
       7
       2
       2
       4
       5
       4
       3
       2
       3
       0
       8
       2
       1
       4
       3
       5
       2
       2
       3
       2
       3
       4
       2
       4
       4
       5
       5
       5
       6
       6
       2
       2
       3
       6
       3
       7
       4
       3
       3
       3
       7
       7
       3
       2
       5
       3
       1
       3
       5
       5
       1
       6
       5
       5
       2
       1
       5
       6
       2
       5
       3
       4
       8
       4
       2
       2
       3
       8
       4
       1
       3
       5
       7
       2
       5
       3
       7
       1
       6
       3
       5
       4
       5
       4
       6
       6
       6
       3
       2
       4
       2
       7
       8
       5
       5
       4
       8
       5
       7
       4
       8
       4
      13
       4
       8
       9
      14
      10
       7
      11
       7
       2
      10
      11
       5
       7
      14
      13
      10
       8
      11
       7
      14
      10
       9
       8
       5
       6
      11
      12
      11
       9
       7
       8
      11
      22
      14
      10
      14
      22
      18
      11
      16
      15
      19
      24
      26
      24
      20
      23
      32
      25
      28
      30
      24
      23
      30
      28
      30
      22
      27
      17
      39
      34
      36
      32
      28
      27
      25
      28
      21
      27
      20
      25
      28
      22
      20
      22
      17
      16
      20
      17
      15
      13
      16
      18
      25
       9
       8
      12
      14
       6
       7
      12
       7
      14
      10
      14
      11
       7
       6
       4
       4
       8
       8
       4
       4
       4
       8
       3
       5
       1
       1
       4
       3
       2
       6
       3
       1
       4
       5
       4
       3
       2
       4
       5
       5
       6
       3
       3
       2
       8
       7
       3
       6
       6
       3
       5
       2
       4
       1
       6
       5
       6
       7
       5
       9
       3
       7
       2
       7
       4
       7
      12
       4
       5
       6
      10
       7
       8
       3
      13
       6
       9
       6
      12
       9
      11
      11
       6
       8
       5
      16
      12
      12
      11
      11
      12
      17
      17
      13
      19
       9
      15
       8
      11
      11
      17
      13
      11
      14
      11
      17
       6
      13
       7
       8
      10
       9
      12
      10
      12
       8
       5
       8
       5
       9
       8
       3
       8
      10
       6
       8
       5
       7
       2
       8
       7
       2
       4
       5
       1
       3
       5
       6
       0
       5
       1
       3
       2
       1
       5
       4
       7
       2
       1
       3
       2
       2
       3
       2
       2
       0
       1
       4
       1
       6
       2
       2
       2
       1
       1
       1
       2
       2
       1
       1
       3
       1
       1
       6
       3
       3
       3
       2
       3
       2
       6
       1
       5
       1
       2
       2
       0
       2
       3
       2
       3
       1
       1
       0
       1
       1
       2
       3
       1
       2
       2
       1
       0
       1
       2
       0
       1
       3
       0
       2
       1
       2
       1
       3
       3
       3
       3
       1
       0
       1
       1
       2
       2
       1
       1
       2
       1
       2
       2
       2
       0
       4
       0
       3
       4
       3
       3
       2
       4
       2
       1
       4
       3
       2
       0
       0
       3
       5
       3
       0
       2
       2
       0
       2
       7
       1
       2
       1
       2
       0
       3
       2
       1
       3
       2
       1
       1
       3
       1
       0
       1
       3
       1
       1
       5
       1
       4
       5
       6
       2
       4
       6
       2
       2
       4
       2
       4
       4
       2
       4
       2
       7
       3
       2
       0
       4
       4
       2
       6
       7
       5
       3
       2
       3
       3
       4
       2
       2
       4
       3
       7
       5
       5
       4
       6
       5
       7
       7
       4
       3
       5
       7
       6
       7
       6
       7
       6
       7
       7
       4
       8
       7
      20
       6
       8
      11
      16
      13
       7
      11
       6
      16
      14
      17
      19
      23
      17
      14
      20
      20
      27
      29
      26
      29
      35
      41
      44
      37
      48
      53
      59
      66
      87
     102
      95
     111
     108
     142
     156
     127
     149
     195
     178
     171
     206
     240
     247
     230
     259
     330
     303
     313
     363
     316
     408
     344
     398
     417
     360
     368
     395
     389
     419
     403
     434
     378
     395
     350
     343
     377
     324
     353
     357
     350
     330
     332
     298
     329
     279
     285
     264
     292
     221
     224
     214
     200
     200
     191
     155
     161
     163
     153
     133
     140
     128
     109
      89
      94
      98
      77
      70
      65
      72
      73
      52
      55
      42
      42
      25
      36
      37
      33
      28
      22
      24
      23
      18
      21
      24
       9
      14
      11
      16
      10
      19
      12
      12
      10
      15
      16
       6
       8
      10
      11
      10
      15
      16
       9
      14
      17
      16
       9
      22
      30
      25
      27
      28
      21
      20
      35
      37
      26
      39
      34
      40
      45
      58
      56
      64
      71
      74
      87
      87
     101
     105
      90
     118
     144
     138
     145
     161
     126
     159
     189
     186
     175
     191
     205
     186
     223
     202
     211
     198
     216
     203
     202
     216
     214
     211
     236
     218
     227
     188
     198
     178
     201
     183
     174
     189
     154
     150
     153
     170
     137
     139
     157
     139
     125
     108
     116
     112
     107
      90
      86
      83
      84
      77
      67
      60
      63
      52
      50
      57
      47
      42
      55
      35
      34
      32
      28
      24
      23
      17
      22
      20
      25
      11
      13
      16
      16
      13
      13
      13
      12
       2
      13
      13
       6
       9
       5
       5
       3
       3
       3
       2
       4
       5
       4
       6
       4
       2
       2
       0
       5
       3
       2
       1
       2
       2
       3
       2
       2
       3
       0
       2
       3
       1
       2
       1
       1
       0
       1
       0
       1
       1
       2
       0
       0
       0
       3
       1
       1
       3
       0
       1
       1
       1
       1
       0
       0
       3
       4
       0
       3
       3
       1
       1
       2
       3
       2
       4
       2
       1
       1
       2
       0
       0
       0
       1
       1
       1
       2
       3
       1
       1
       0
       3
       0
       1
       3
       0
       4
       2
       2
       3
       1
       2
       1
       4
       1
       2
       2
       1
       1
       2
       3
       0
       2
       1
       2
       1
       0
       1
       3
       0
       2
       0
       0
       2
       2
       1
       1
       2
       2
       1
       2
       0
       2
       1
       0
       0
       0
       3
       1
       3
       1
       1
       1
       1
       2
       1
       1
       3
       3
       2
       2
       0
       3
       2
       0
       2
       3
       2
       1
       3
       3
       3
       1
       2
       2
       3
       0
       0
       2
       0
       2
       3
       5
       1
       1
       1
       0
       2
       1
       0
       4
       1
       1
       2
       2
       2
       1
       1
       1
       1
       2
       0
       1
       1
       1
       4
       0
       3
       1
       0
       4
       0
       2
       0
       1
       1
       1
       0
       3
       1
       1
       1
       1
       2
       3
       1
       2
       3
       0
       1
       0
       1
       0
       1
       1
       0
       1
       3
       4
       2
       2
       1
       2
       1
       1
       1
       3
       2
       1
       0
       2
       1
       5
       4
       3
       1
       0
       2
       1
       1
       1
       0
       3
       1
       1
       0
       3
       1
       1
       1
       2
       1
       1
       3
       3
       1
       3
       3
       1
       1
       1
       0
       0
       0
       1
       0
       2
       5
       1
       2
       2
       1
       1
       3
       3
       1
       1
       1
       1
       1
       2
       0
       1
       2
       0
       0
       1
       1
       2
       0
       0
       2
       4
       0
       2
       3
       0
       1
       1
       2
       3
       1
       1
       2
       1
       1
       1
       5
       0
       2
       1
       1
       1
       1
       3
       2
       1
       3
       0
       1
       0
       1
       3
       1
       0
       3
       1
       0
       4
       1
       1
       1
       0
       1
       3
       1
       0
       3
       2
       1
       0
       4
       2
       2
       4
       1
       1
       1
       0
       2
       2
       3
       0
       1
       1
       4
       0
       2
       3
       2
       1
       1
       3
       0
       2
       0
       2
       2
       1
       0
       0
       1
       2
       1
       1
       1
       3
       2
       0
       2
       1
       5
       1
       1
       3
       2
       2
       4
       2
       1
       2
       2
       2
       3
       0
       1
       0
       3
       1
       3
       2
       1
       2
       3
       3
       0
       2
       1
       2
       2
       1
       4
       0
       1
       2
       3
       5
       1
       3
       0
       2
       2
       3
       2
       1
       4
       0
       2
       1
       2
       4
       3
       2
       4
       2
       3
       2
       1
       1
       2
       4
       1
       1
       2
       1
       1
       2
       2
       4
       0
       4
       1
       1
       2
       0
       1
       3
       2
       4
       1
       1
       3
       1
       2
       6
       1
       3
       2
       5
       2
       2
       2
       2
       4
       3
       2
       7
       2
       4
       2
       3
       4
       2
       2
       2
       4
       3
       0
       1
       2
       4
       2
       2
       3
       6
       4
       1
       1
       5
       1
       3
       2
       4
       0
       2
       3
       0
       1
       4
       2
       2
       6
       1
       0
       2
       1
       4
       7
       1
       4
       3
       1
       2
       6
       5
       1
       4
       1
       3
       7
       2
       2
       4
       9
       2
       3
       1
       1
       4
       1
       5
       6
       3
       3
       4
       4
       2
       3
       4
       2
       3
       6
       4
       3
       2
       4
       3
       4
       3
       5
       2
       2
       4
       2
       0
       1
       4
       3
       2
       3
       3
       2
       4
       5
       4
       2
       0
       5
       5
       0
       3
       2
       2
       4
       5
       2
       4
       0
       1
       0
       1
       3
       2
       1
       2
       1
       3
       1
       3
       2
       2
       3
       2
       5
       1
       4
       2
       4
       5
       1
       3
       1
       3
       2
       3
       4
       4
       1
       2
       3
       3
       2
       1
       1
       1
       3
       3
       1
       1
       5
       3
       7
       6
       3
       3
       3
       3
       2
       1
       3
       4
       1
       2
       5
       6
       5
       3
       0
       4
       2
       1
       2
       2
       2
       2
       7
       2
       8
       2
       3
       7
       5
       6
       3
       5
       1
       7
       5
       7
       6
       8
       4
       3
       6
       7
       4
       6
       3
       8
       2
       6
       8
       5
       4
       1
       4
       5
       8
       5
       5
       4
       7
       5
       3
      12
       2
       5
       1
       4
       2
       3
       5
       8
       2
       6
       4
       5
       3
       2
      10
       2
       1
       5
       3
       5
       5
       8
       5
       6
       6
       4
       2
      10
       6
       5
       3
      10
       4
       2
       8
       5
       8
       8
       4
       6
       6
       8
       6
       6
       5
      10
       7
      12
       4
       9
       8
      10
       7
       6
       6
       8
      10
       6
      10
      13
       3
       7
       9
      13
       8
       9
      13
       8
       4
       7
       8
       7
       8
      11
      11
       9
       9
       5
      14
       6
       6
       8
       5
      11
       2
      21
      16
       5
      11
       4
       9
       8
      12
      12
      11
      10
      15
       9
      11
       7
      12
       6
       6
      15
      13
      11
      11
      15
      10
      11
      10
       4
      16
      11
      10
      16
      13
      14
      12
      14
      14
      19
      11
      12
      12
       9
      11
      12
      10
      14
      17
       9
      15
      19
      13
      19
      11
       8
      11
      17
       9
      15
      16
      17
      30
      20
      19
      21
      18
      18
      14
      15
      23
      22
      20
      20
      15
      18
      24
      12
      18
      21
      19
      22
      21
      21
      18
      21
      27
      17
      26
      26
      21
      15
      28
      25
      26
      12
      24
      23
      19
      15
      31
      30
      22
      22
      35
      23
      21
      25
      25
      29
      29
      34
      38
      27
      30
      24
      28
      22
      22
      24
      29
       0
       0
       0
       0
       0
       0
       0
       0
       0
       0
       0
       0
       0
       0
       0
       0
       0
       0
       0
       0
       0
       0
       0
       0
       0
       0
       0
       0
       0
       0
       0
       0
$ROI:
1
27 2032
$PRESETS:
Live Time
100
0
$ENER_FIT:
0.000000 0.024067
$MCA_CAL:
3
0.000000E+000 2.406711E-002 0.000000E+000 keV
$SHAPE_CAL:
3
0.000000E+000 0.000000E+000 0.000000E+000
