$SPEC_ID:
No sample description was entered.
$SPEC_REM:
DET# 2
DETDESC# JLAB-20 MCB 129
AP# Maestro Version 7.01
$DATE_MEA:
02/11/2016 16:31:01
$MEAS_TIM:
100 112
$DATA:
0 2047
       0
       0
       0
       0
       0
       0
       0
       0
       0
       0
       0
       0
       0
       0
       0
       0
       0
       0
       0
       0
       0
       0
       0
       0
       0
       0
       0
       0
       0
       0
       0
       0
       0
       0
       0
       0
       0
       0
       0
       0
       0
       0
       0
       0
       0
       0
       0
       0
       8
    1733
   22592
   20829
   18446
   16869
   15462
   13785
   12451
   11322
   10427
    9397
    8653
    7758
    7325
    6535
    6028
    5544
    5068
    4731
    4477
    4010
    3612
    3501
    3317
    2967
    2712
    2505
    2315
    2205
    1986
    1888
    1758
    1509
    1429
    1287
    1155
    1052
     912
     752
     709
     642
     557
     470
     408
     358
     302
     275
     198
     197
     122
      99
      88
      70
      57
      53
      37
      39
      40
      27
      21
      23
      14
      13
      11
      11
      14
       7
      13
      11
      14
      12
      14
      10
      10
       9
      12
      12
       7
       7
      13
      15
      12
      11
      13
      16
      10
      14
       7
       7
      13
       4
      11
       9
       8
       6
       6
       6
       8
       8
       2
       9
      15
      11
      12
       8
       8
       8
      10
       8
       8
       3
       7
       8
       5
       7
       9
       4
       8
       7
      17
       4
       9
       3
       3
       7
       8
       9
      10
       9
       4
       7
       1
       5
       7
       7
       8
       5
       9
       5
       8
       4
      12
      10
       6
      10
       8
       5
       6
       7
       8
       3
       7
       6
       6
       6
       7
       6
       5
       4
       4
       4
       6
       5
       4
       6
       0
       6
      11
       5
       5
       4
       6
       5
       4
       5
       6
       6
       5
       6
      10
      10
       3
       5
       5
       9
       3
       9
       5
       8
       6
       2
       4
       3
       7
       7
       1
      10
       6
       2
       5
       8
      10
       5
       6
       4
       4
       4
       6
       4
       4
       6
       9
       4
       1
       7
      12
       3
       6
       5
       7
       3
       5
       2
       5
       4
       2
       1
       9
       4
       4
       4
       4
       4
       5
       8
       6
       5
       3
       2
       4
       4
       3
       8
       3
       8
       8
       6
       7
       6
       7
       5
       2
       3
       2
       7
       3
       2
       3
       4
       1
       0
       3
       3
       6
       2
       2
       8
       3
      10
       2
       5
       5
       5
       4
       8
       5
       7
       3
       9
       5
       3
       4
       5
       3
       6
       5
       5
       6
       6
       3
       7
       6
       4
       4
       2
       1
       1
       2
       2
       3
       5
       5
       6
       1
       4
       5
       6
       5
       3
       3
       4
       6
       7
       4
       4
       5
       4
       1
       3
       6
       7
       4
       5
       4
       6
       3
       3
       4
       3
       2
       4
       1
       5
       7
       3
       6
       1
       3
       5
       4
       2
       6
       0
       6
       4
       4
       6
       2
       5
       3
       2
       4
       1
       4
       2
       5
       2
       7
       5
       3
       4
       5
       1
       7
       9
       5
       4
       3
       6
       7
       2
       5
       5
       3
       5
       3
       4
       2
       4
       6
       3
       3
       3
       3
       7
       6
       8
       6
       5
       3
       1
       3
       3
       3
       8
       4
       7
      10
       6
       6
       8
      10
      14
       9
      10
       7
       6
       4
       5
       6
       8
       8
       5
      11
      11
      15
      15
      11
      15
      15
      14
       8
      20
      10
       7
      13
      12
      13
      12
      17
      10
      15
      13
      16
      10
      13
      13
      11
      10
      16
      18
      18
      18
      13
      21
      30
      21
      17
      17
      28
      28
      29
      31
      32
      40
      32
      31
      27
      26
      41
      55
      38
      33
      35
      49
      40
      39
      28
      28
      51
      41
      41
      29
      36
      49
      32
      44
      36
      34
      45
      30
      31
      29
      21
      33
      28
      30
      25
      21
      18
      22
      19
      23
      21
      21
      23
      16
      10
      17
      18
      21
      20
       8
      13
       5
       6
      12
      13
       9
       8
       5
       8
       8
      10
       8
       6
       8
       3
       5
       6
       6
       4
       5
       7
       1
       7
       1
       8
       6
       1
       6
       6
       6
       6
       8
       2
       5
       3
       6
       7
       3
       9
       4
       6
       5
      10
       6
       5
       8
       1
       6
       5
       7
       5
       7
       8
      12
       6
       9
       8
       7
       8
      11
       8
       5
       9
      14
       9
      14
      12
      10
      11
      13
      15
      13
       6
      18
      11
      12
      20
      25
      14
      15
      15
      17
      22
      26
      17
      17
      19
      17
      14
      20
      14
      15
      13
      12
      18
      14
       8
      16
       9
      15
       9
      14
       9
      26
      16
      12
       6
      14
       9
      16
      11
       7
       7
      10
       9
       6
       8
       7
      10
       4
       6
       5
       8
       5
       7
       7
       5
       7
       4
       8
       6
       8
       4
       2
       3
       1
       4
       3
       2
       7
       2
       4
       1
       5
       6
       3
       6
       4
       9
       3
       3
       2
       2
       4
       5
       5
       3
       5
       0
       4
       1
       2
       6
       3
       6
       2
       1
       3
       3
       4
       5
       4
       2
       2
       1
       1
       1
       2
       4
       4
       1
       1
       3
       4
       1
       2
       3
       1
       5
       3
       3
       3
       6
       2
       3
       3
       0
       3
       1
       2
       3
       3
       4
       4
       0
       3
       1
       3
       0
       2
       3
       2
       1
       2
       2
       3
       0
       3
       3
       6
       2
       3
       2
       3
       0
       5
       1
       4
       3
       1
       6
       5
       0
       4
       4
       3
       3
       3
       3
       1
       2
       2
       2
       2
       5
       2
       2
       3
       8
       3
       1
       2
       5
       2
       5
       4
       2
       2
       2
       2
       6
       2
       5
       2
       5
       6
       2
       2
       4
       3
       5
       5
       2
       6
       5
       5
       6
       6
       2
       5
       4
       5
       2
       6
       6
       2
       5
       3
       4
       5
       4
       5
       5
       3
       7
       6
       4
       5
       2
       4
       4
       7
       4
       5
       6
       5
       8
       4
       5
       5
       5
       8
      12
       8
      13
       6
       6
       5
       8
      12
       7
      14
      12
      10
      15
       9
      21
      16
      18
      14
      21
      17
      21
      19
      26
      15
      25
      29
      27
      36
      26
      48
      32
      45
      42
      59
      57
      77
      73
      74
      84
      84
      77
     112
     125
     129
     138
     184
     162
     182
     201
     213
     241
     229
     282
     278
     356
     318
     346
     374
     385
     435
     459
     459
     464
     526
     549
     548
     548
     544
     575
     586
     596
     603
     561
     591
     571
     546
     550
     538
     583
     503
     521
     518
     483
     469
     457
     435
     405
     445
     363
     405
     370
     335
     325
     293
     287
     304
     264
     256
     245
     221
     232
     207
     194
     178
     147
     140
     122
     131
     131
     111
      91
      81
      87
      96
      71
      59
      70
      55
      56
      39
      40
      30
      28
      22
      29
      25
      18
      38
      21
      19
      17
      16
      18
      11
      20
      24
      13
      12
      15
      24
      14
      11
      22
      18
      20
      18
      15
      17
      19
      15
      23
      22
      25
      21
      25
      32
      44
      43
      40
      55
      58
      50
      63
      58
      60
      82
      80
      76
      93
      83
     113
     115
     127
     125
     151
     160
     176
     170
     191
     186
     240
     191
     241
     209
     228
     245
     258
     253
     271
     298
     275
     272
     304
     262
     283
     293
     272
     297
     277
     263
     270
     277
     245
     264
     208
     261
     215
     227
     225
     223
     209
     193
     188
     195
     159
     148
     167
     158
     144
     139
     133
     119
     103
      95
     108
      89
      85
      87
      86
      71
      83
      58
      54
      56
      48
      44
      44
      44
      36
      30
      36
      35
      22
      24
      28
      10
      17
      11
      16
      16
      14
      10
      17
       9
      12
       9
       5
       5
       9
       9
       5
       6
       3
       7
       3
       4
       6
       7
       2
       6
       4
       5
       3
       1
       2
       5
       0
       1
       3
       3
       4
       3
       2
       2
       2
       2
       0
       1
       2
       0
       2
       3
       1
       2
       1
       1
       0
       3
       3
       0
       3
       0
       2
       2
       0
       0
       2
       2
       2
       1
       2
       3
       2
       2
       3
       1
       1
       1
       2
       0
       5
       1
       1
       2
       1
       0
       3
       2
       2
       1
       1
       2
       3
       1
       1
       0
       1
       2
       2
       2
       1
       3
       0
       1
       3
       0
       2
       3
       1
       1
       2
       2
       0
       0
       3
       4
       1
       1
       1
       1
       2
       1
       0
       0
       1
       1
       1
       4
       4
       0
       0
       3
       1
       6
       1
       2
       1
       0
       0
       0
       1
       2
       1
       4
       1
       2
       1
       2
       0
       0
       1
       1
       1
       2
       1
       0
       2
       0
       3
       0
       1
       2
       0
       0
       3
       0
       0
       1
       2
       1
       3
       3
       1
       2
       1
       2
       0
       2
       1
       1
       1
       1
       0
       1
       2
       1
       1
       3
       0
       0
       2
       0
       1
       0
       1
       3
       2
       0
       1
       0
       2
       2
       2
       1
       2
       2
       1
       3
       3
       2
       3
       0
       1
       1
       1
       1
       1
       2
       1
       4
       2
       2
       1
       3
       1
       3
       1
       2
       1
       1
       3
       1
       1
       0
       3
       2
       0
       2
       3
       4
       4
       1
       3
       0
       0
       1
       2
       3
       1
       4
       1
       2
       2
       2
       1
       1
       3
       0
       0
       4
       2
       1
       4
       0
       0
       0
       2
       0
       0
       4
       4
       4
       2
       1
       2
       5
       2
       3
       1
       1
       4
       3
       1
       6
       1
       0
       3
       1
       1
       0
       2
       1
       1
       2
       3
       3
       0
       0
       1
       2
       1
       3
       1
       2
       1
       1
       0
       3
       5
       1
       1
       2
       1
       1
       0
       1
       0
       1
       1
       3
       2
       0
       1
       2
       0
       2
       1
       2
       1
       1
       0
       1
       2
       3
       1
       3
       5
       2
       2
       1
       1
       1
       2
       2
       0
       4
       0
       2
       5
       0
       1
       5
       1
       0
       1
       4
       1
       5
       0
       1
       0
       0
       0
       1
       2
       2
       2
       3
       4
       1
       2
       2
       3
       2
       0
       1
       0
       0
       1
       1
       1
       1
       3
       0
       1
       2
       3
       4
       2
       1
       2
       1
       1
       2
       3
       3
       3
       1
       2
       0
       3
       3
       2
       2
       1
       3
       3
       2
       4
       1
       2
       1
       1
       0
       1
       1
       1
       2
       2
       2
       1
       0
       2
       1
       2
       2
       3
       3
       3
       4
       1
       2
       2
       3
       6
       5
       2
       3
       2
       2
       4
       2
       2
       3
       1
       2
       3
       2
       4
       0
       1
       1
       7
       0
       2
       4
       3
       1
       2
       0
       2
       2
       1
       1
       3
       2
       2
       1
       2
       3
       1
       1
       3
       2
       2
       0
       4
       0
       4
       1
       3
       2
       2
       1
       1
       2
       0
       1
       1
       1
       5
       4
       0
       3
       3
       4
       3
       3
       2
       2
       1
       2
       3
       2
       1
       1
       2
       4
       3
       2
       2
       0
       1
       4
       4
       0
       4
       4
       1
       4
       2
       3
       5
       1
       5
       3
       2
       3
       3
       2
       1
       3
       0
       3
       3
       1
       3
       1
       3
       2
       1
       2
       4
       4
       5
       2
       2
       0
       2
       6
       1
       2
       1
       1
       2
       1
       3
       3
       4
       3
       5
       4
       2
       2
       2
       2
       3
       3
       6
       4
       1
       2
       5
       4
       4
       0
       2
       3
       0
       2
       3
       4
       0
       6
       3
       5
       1
       4
       1
       1
       2
       4
       4
       0
       1
       5
       2
       2
       1
       4
       2
       4
       2
       4
       3
       3
       5
       5
       6
       1
       1
       4
       3
       1
       2
       2
       5
       6
       3
       4
       2
       7
       3
       4
       2
       4
       1
       2
       4
       1
       2
       4
       3
       3
       2
       3
       1
       5
       1
       1
       1
       6
       3
       3
       4
       3
       1
       8
       3
       5
       1
       3
       2
       4
       1
       5
       3
       2
       3
       3
       1
       5
       4
       1
       6
       3
       4
       5
       5
       4
       2
       3
       2
       2
       4
       7
       4
       5
       2
       7
       6
       4
       2
       7
       2
       5
       2
       5
       2
       4
       4
       5
       5
       4
       2
       6
       2
       7
       3
       5
       5
       4
       5
       7
       2
       7
       5
       3
       8
       5
       8
       5
       4
       8
       5
       7
       3
       4
       8
       6
       8
       4
       5
       7
       5
       4
       4
       5
       3
       9
       8
       8
       4
       6
       1
       4
      12
       7
       7
       8
       7
       8
       4
       6
       9
       6
       3
       8
       6
       5
       6
       7
       7
      13
       3
       7
       8
       7
      11
       5
      10
       8
       7
       9
      10
       6
       6
      12
       6
      10
      10
       9
      12
       7
      10
       7
       7
       4
       9
       6
       7
       9
       9
       7
       6
      10
       8
       7
      12
      10
      11
       8
      11
      12
       8
      16
      10
      14
      11
      13
      12
       8
      10
       6
      10
      14
       9
       8
      12
       3
      12
      12
       9
      11
      15
       7
      10
      10
      17
      16
      13
      13
       7
      17
      10
       8
      14
      12
       9
      16
      15
      11
      10
      18
       9
      15
      20
      13
      19
      18
      18
       9
      17
      13
      16
      16
      14
      25
      13
      15
      21
      21
      14
      11
      16
      10
      17
      27
      16
      11
      18
      20
      17
      18
      21
       9
      31
      16
      25
      20
      18
      24
      25
      23
      18
      25
      19
      24
      28
      15
      19
      21
      15
      19
      24
      29
      24
      17
      28
      23
      30
      30
      25
      29
      32
      32
      29
      29
      31
      24
      28
      29
      27
      29
      25
      28
      31
      35
      32
      45
      19
      37
       0
       0
       0
       0
       0
       0
       0
       0
       0
       0
       0
       0
       0
       0
       0
       0
       0
       0
       0
       0
       0
       0
       0
       0
       0
       0
       0
       0
       0
       0
       0
       0
$ROI:
1
27 2032
$PRESETS:
Live Time
100
0
$ENER_FIT:
0.000000 0.024067
$MCA_CAL:
3
0.000000E+000 2.406711E-002 0.000000E+000 keV
$SHAPE_CAL:
3
0.000000E+000 0.000000E+000 0.000000E+000
