$SPEC_ID:
No sample description was entered.
$SPEC_REM:
DET# 2
DETDESC# JLAB-20 MCB 129
AP# Maestro Version 7.01
$DATE_MEA:
02/18/2016 16:38:56
$MEAS_TIM:
100 108
$DATA:
0 2047
       0
       0
       0
       0
       0
       0
       0
       0
       0
       0
       0
       0
       0
       0
       0
       0
       0
       0
       0
       0
       0
       0
       0
       0
       0
       0
       0
       0
       0
       0
       0
       0
       0
       0
       0
       0
       0
       0
       0
       0
       0
       0
       0
       0
       0
       0
       0
       0
       1
       6
      94
     124
     100
     115
      95
      99
     101
      92
     102
      94
     103
      79
      92
      90
     106
      79
      81
     105
      82
      71
      95
      85
      86
      87
      86
      88
      97
      98
      85
      84
      80
      93
      74
      83
      89
      92
      80
      80
      83
      98
      83
      69
      86
      87
      77
      91
      85
     105
     104
      88
      98
      78
      89
      76
      71
      97
      80
      92
     102
      89
      75
      73
      82
      63
      73
      83
      90
      76
      71
      72
      74
      73
      73
      75
      72
      71
      71
      77
      63
      68
      71
      62
      81
      60
      56
      61
      78
      64
      69
      56
      66
      57
      59
      60
      66
      54
      58
      68
      55
      55
      50
      48
      49
      44
      60
      45
      51
      51
      55
      51
      67
      59
      54
      47
      44
      45
      58
      52
      47
      47
      50
      54
      57
      63
      51
      35
      54
      41
      49
      45
      51
      47
      35
      60
      52
      47
      46
      45
      40
      36
      36
      49
      30
      41
      45
      44
      66
      41
      47
      38
      35
      37
      43
      35
      36
      35
      39
      41
      48
      39
      40
      44
      41
      49
      40
      34
      44
      44
      31
      50
      33
      37
      34
      57
      45
      35
      25
      44
      31
      35
      41
      43
      30
      44
      27
      44
      42
      38
      33
      41
      44
      29
      34
      32
      30
      31
      32
      33
      33
      48
      48
      37
      42
      28
      42
      36
      33
      31
      29
      49
      31
      30
      31
      25
      38
      34
      30
      37
      34
      28
      45
      35
      35
      39
      37
      44
      46
      45
      36
      34
      41
      35
      21
      41
      44
      39
      27
      42
      34
      36
      29
      38
      35
      35
      31
      41
      37
      31
      40
      25
      36
      27
      35
      34
      34
      33
      18
      22
      26
      29
      23
      24
      28
      32
      28
      29
      38
      29
      38
      33
      26
      32
      32
      34
      30
      33
      27
      26
      31
      37
      29
      21
      28
      27
      31
      31
      33
      38
      35
      34
      26
      26
      34
      19
      24
      22
      32
      28
      19
      30
      32
      27
      21
      39
      26
      34
      33
      28
      15
      22
      29
      25
      25
      30
      30
      36
      30
      24
      29
      29
      24
      38
      25
      26
      30
      20
      17
      23
      26
      39
      31
      23
      30
      23
      27
      41
      35
      37
      24
      30
      13
      44
      34
      28
      25
      29
      34
      32
      34
      28
      38
      28
      26
      32
      31
      32
      28
      29
      28
      28
      36
      20
      33
      24
      21
      26
      18
      26
      26
      27
      20
      31
      31
      35
      34
      20
      28
      36
      26
      22
      23
      30
      26
      33
      28
      32
      19
      19
      37
      26
      29
      31
      26
      29
      28
      36
      22
      30
      31
      26
      29
      29
      34
      24
      38
      40
      25
      25
      23
      22
      25
      27
      29
      20
      31
      33
      39
      31
      31
      22
      36
      31
      31
      34
      28
      20
      27
      28
      30
      27
      29
      26
      18
      21
      26
      29
      29
      36
      22
      23
      26
      28
      24
      40
      29
      26
      29
      21
      30
      22
      34
      26
      31
      34
      32
      33
      34
      23
      30
      27
      22
      20
      25
      22
      28
      29
      29
      30
      34
      37
      40
      27
      27
      31
      30
      26
      29
      20
      26
      41
      26
      19
      23
      34
      31
      26
      34
      35
      27
      19
      30
      34
      36
      32
      24
      32
      37
      41
      31
      34
      20
      42
      32
      28
      31
      31
      44
      39
      46
      50
      51
      54
      48
      34
      40
      36
      34
      50
      40
      46
      37
      65
      61
      55
      54
      56
      52
      54
      64
      61
      69
      74
      75
      67
      59
      88
      67
      97
     101
      93
     121
     114
     134
     150
     137
     137
     154
     149
     149
     170
     153
     163
     174
     195
     192
     202
     180
     188
     216
     175
     203
     194
     201
     185
     182
     183
     170
     142
     146
     144
     138
     122
     109
     109
      84
     101
      83
      62
      71
      62
      61
      64
      69
      56
      55
      50
      56
      71
      62
      54
      60
      59
      55
      59
      57
      57
      65
      60
      76
      61
      62
      58
      68
      63
      64
      54
      70
      68
      63
      74
      73
      87
      87
      81
     100
      72
      91
      83
      99
      79
      88
     101
     122
     102
     114
     110
     109
     122
     113
     138
     115
     108
     114
     115
     122
     131
     123
     114
     133
     129
     141
     138
     139
     157
     120
     139
     136
     129
     136
     131
     158
     168
     114
     152
     172
     156
     175
     189
     162
     171
     187
     196
     195
     191
     183
     206
     212
     201
     224
     219
     234
     207
     223
     214
     221
     243
     226
     243
     254
     263
     274
     237
     280
     239
     293
     278
     263
     277
     318
     318
     332
     334
     343
     370
     391
     368
     424
     428
     457
     454
     502
     590
     614
     682
     723
     813
     917
    1070
    1209
    1443
    1663
    1923
    2397
    2818
    3354
    3791
    4423
    5072
    5686
    6383
    6955
    7722
    8298
    8646
    9076
    9570
    9755
   10511
   10946
   11504
   12151
   12752
   12886
   13693
   13842
   14034
   13771
   13319
   12498
   12208
   11248
   10274
    9343
    8360
    7610
    6738
    6009
    5379
    4664
    4066
    3485
    2992
    2494
    2084
    1697
    1394
    1205
    1021
     789
     667
     545
     486
     368
     304
     315
     265
     273
     228
     217
     172
     193
     214
     186
     167
     183
     189
     190
     199
     201
     196
     174
     185
     175
     195
     202
     209
     218
     204
     274
     247
     244
     246
     221
     242
     277
     283
     252
     315
     317
     323
     319
     355
     354
     409
     351
     348
     431
     384
     476
     447
     496
     502
     515
     519
     534
     545
     531
     612
     631
     661
     675
     797
     853
     873
     914
    1074
    1228
    1346
    1574
    1764
    2027
    2302
    2624
    2972
    3372
    3636
    3883
    4110
    4409
    4334
    4432
    4330
    4303
    4142
    3773
    3668
    3448
    3116
    2885
    2598
    2383
    2167
    2009
    1765
    1723
    1564
    1526
    1464
    1474
    1406
    1415
    1432
    1372
    1418
    1326
    1392
    1308
    1233
    1149
    1065
     949
     888
     853
     711
     658
     557
     525
     475
     459
     333
     282
     236
     236
     186
     158
     115
     112
      91
      88
      80
      63
      52
      57
      53
      52
      45
      44
      48
      37
      44
      35
      36
      29
      37
      37
      42
      47
      27
      42
      43
      41
      26
      39
      45
      28
      31
      40
      30
      31
      43
      35
      28
      47
      37
      32
      29
      33
      39
      34
      40
      36
      38
      36
      28
      33
      34
      31
      38
      36
      41
      27
      40
      35
      34
      29
      45
      35
      39
      44
      47
      36
      43
      29
      29
      34
      41
      33
      36
      28
      36
      31
      29
      32
      25
      37
      27
      23
      30
      38
      36
      27
      37
      28
      35
      40
      26
      26
      39
      24
      30
      34
      32
      44
      48
      46
      47
      53
      66
      49
      78
      85
     107
     122
     130
     187
     179
     208
     238
     282
     303
     312
     316
     353
     354
     323
     353
     299
     276
     235
     227
     205
     211
     176
     135
     140
     115
      93
      88
      72
      49
      53
      35
      37
      27
      24
      32
      23
      20
      17
       5
       8
      13
      12
       3
      17
       5
       8
      14
      11
      14
      15
      12
      13
      19
      13
      13
       8
      15
      11
      11
      16
      14
      16
      18
      12
      15
      12
      12
      12
       7
      14
      12
      15
      18
       9
      11
       7
      14
      20
      13
      18
      17
       9
       9
      14
      11
      15
      11
      14
      11
      14
      14
      13
      13
       8
      11
      10
      12
      15
      11
      10
      10
       9
      17
      12
       9
      21
      18
       7
      14
       5
      17
      12
      18
      15
      10
      16
      17
      17
      12
      11
      19
      20
      23
      19
      13
      18
      20
       8
      18
       8
       8
      15
      15
      14
      17
       8
      17
      16
      21
      11
      18
      16
      15
      15
      20
      14
      17
      20
      23
      19
      18
      23
      23
      15
       9
      12
      14
      17
      25
      21
      18
      19
      13
      19
      16
      22
      18
      15
      18
      11
      22
      22
      18
      20
      18
      18
      28
      16
      15
      25
      18
      16
      18
      19
      16
      14
      18
      11
      19
      25
      21
      20
      11
      25
      22
      13
      18
      16
      17
      18
      18
      21
      21
      16
      24
      24
      26
      15
      21
      17
      24
      19
      17
      20
      23
      22
      13
      16
      19
      18
      26
      13
      15
      25
      20
      31
      17
      18
      29
      20
      13
      11
      14
      19
      23
      21
      20
      22
      19
      21
      29
      23
      25
      24
      19
      24
      31
      36
      17
      28
      25
      28
      37
      24
      20
      25
      28
      15
      24
      33
      27
      21
      18
      22
      18
      20
      19
      23
      19
      26
      19
      27
      22
      21
      28
      28
      22
      13
      28
      26
      33
      26
      15
      34
      30
      23
      24
      33
      21
      19
      30
      18
      19
      23
      17
      11
      26
      14
      26
      27
      26
      22
      30
      25
      28
      15
      10
      15
      24
       9
      29
      23
      21
      26
      21
      28
      13
      23
      22
      17
      25
      25
      28
      22
      24
      14
      14
      16
      17
      13
      20
      28
      23
      22
      13
      19
      20
      24
      20
      32
      17
      18
      19
      16
      27
      25
      20
      11
      15
      18
      17
      34
      19
      22
      15
      16
      15
      26
      21
      17
      20
      31
      16
      15
      23
      18
      18
      23
      21
      27
      24
      24
      17
      18
      27
      24
      20
      19
      14
      21
      22
      20
      21
      20
      23
      18
      24
      23
      17
      18
      19
      23
      28
      20
      24
      18
      17
      22
      13
      16
      18
      20
      22
      25
      10
      29
      17
      15
      26
      22
      18
      21
      17
      25
      24
      22
      23
      21
      27
      18
      18
      24
      22
      19
      23
      24
      19
      20
      28
      20
      30
      14
      34
      14
      29
      21
      25
      25
      23
      21
      16
      18
      21
      18
      26
      30
      27
      34
      18
      25
      30
      20
      24
      30
      23
      32
      32
      32
      28
      20
      35
      33
      35
      35
      27
      30
      23
      25
      32
      28
      25
      24
      26
      25
      32
      29
      37
      26
      29
      28
      32
      23
      33
      27
      23
      34
      26
      34
      26
      30
      26
      24
      32
      31
      35
      34
      27
      34
      31
      26
      38
      30
      40
      34
      29
      26
      39
      19
      32
      42
      35
      34
      40
      32
      42
      32
      35
      41
      32
      39
      35
      37
      32
      39
      31
      32
      28
      22
      24
      35
      33
      35
      39
      26
      29
      21
      24
      24
      15
      22
      19
      16
      21
      20
      13
       9
      12
      14
      14
      16
      12
      17
      12
      15
      14
      13
      13
      19
      15
      12
      13
      14
      11
      14
      13
       9
      18
      13
      15
       8
      19
      15
      13
      18
      18
      17
      13
      13
      17
      17
      14
      15
      18
      12
      16
      10
      21
      17
      16
      13
      15
      13
      11
      16
      16
      13
      11
      14
      21
      24
      21
      13
      18
      20
      24
      20
      14
      23
      21
      19
      17
      14
      10
      19
      16
      10
      27
      14
      16
      18
      15
      22
      28
      19
      15
      18
      19
      18
      18
      28
      24
      18
      19
      20
      17
      24
      26
      12
      19
      19
      11
      17
      19
       7
      15
      13
      13
      11
      10
       8
      13
       2
       9
       5
      13
       9
       9
       7
       7
       5
       5
       6
       9
       9
       7
       9
       9
       7
       5
       7
       3
       8
       8
       9
       7
       8
       8
       3
       4
       4
       5
       7
       6
       3
       2
       5
       1
       3
       3
       4
       6
       5
       6
       9
       4
       4
       7
       2
       3
      13
       2
       3
       7
       5
       5
       1
       4
       3
       7
       9
       2
       2
       9
       8
       4
       5
       7
       3
       7
       4
       3
       4
       7
       6
       5
       8
       3
       6
       6
       4
       8
       7
       9
       9
       8
       8
       5
       2
       6
       3
       7
       5
       6
       5
       5
       4
       6
       6
       9
       3
       6
       8
      12
       0
       3
       3
       3
       6
       7
       8
       4
      12
       3
       3
       3
       4
       5
       5
       5
       3
       1
       7
       5
       2
       6
       5
       2
       1
      10
       8
       8
       6
       2
       4
       5
       4
       7
       3
       4
       4
       6
       3
       4
       5
       3
       2
       3
       4
       5
       7
       3
       5
       3
       2
       4
       6
       4
       8
       0
       3
       3
       3
       4
       1
       3
       7
       2
       3
       1
       5
       1
       5
       5
       1
      10
       3
       6
       0
       3
       2
       4
       4
       1
       4
       4
       3
       4
       3
       1
       5
       6
       4
       4
       1
       1
       4
       5
       5
       3
       3
       1
       3
       4
       4
       6
       1
       1
       2
       4
       4
       3
       0
       2
       3
       3
       3
       2
       5
       3
       1
       5
       1
       4
       0
       1
       3
       2
       1
       3
       1
       5
       4
       2
       4
       6
       1
       4
       1
       4
       2
       0
       0
       3
       4
       3
       1
       7
       4
       1
       4
       2
       4
       4
       2
       6
       7
       3
       6
       5
       3
       2
       1
       4
       3
       4
       5
       2
       2
       1
       4
       5
       2
       2
       2
       2
       3
       1
       1
       1
       5
       3
       3
       3
       3
       0
       4
       2
       3
       3
       2
       2
       3
       3
       0
       4
       1
       1
       5
       3
       2
       2
       2
       7
       3
       3
       2
       2
       9
       2
       4
       0
       4
       6
       3
       1
       1
       4
       5
       1
       2
       2
       1
       5
       3
       2
       0
       0
       0
       0
       0
       0
       0
       0
       0
       0
       0
       0
       0
       0
       0
       0
       0
       0
       0
       0
       0
       0
       0
       0
       0
       0
       0
       0
       0
       0
       0
       0
$ROI:
1
11 2032
$PRESETS:
Live Time
100
0
$ENER_FIT:
0.000000 0.024067
$MCA_CAL:
3
0.000000E+000 2.406711E-002 0.000000E+000 keV
$SHAPE_CAL:
3
0.000000E+000 0.000000E+000 0.000000E+000
