$SPEC_ID:
No sample description was entered.
$SPEC_REM:
DET# 2
DETDESC# JLAB-20 MCB 129
AP# Maestro Version 7.01
$DATE_MEA:
02/18/2016 16:48:21
$MEAS_TIM:
100 104
$DATA:
0 2047
       0
       0
       0
       0
       0
       0
       0
       0
       0
       0
       0
       0
       0
       0
       0
       0
       0
       0
       0
       0
       0
       0
       0
       0
       0
       0
       0
       0
       0
       0
       0
       0
       0
       0
       0
       0
       0
       0
       0
       0
       0
       0
       0
       0
       0
       0
       0
       0
       1
       3
      70
      54
      47
      62
      52
      48
      42
      64
      45
      54
      49
      49
      42
      57
      39
      55
      54
      37
      60
      34
      28
      44
      44
      42
      50
      46
      41
      61
      43
      55
      32
      40
      51
      39
      56
      47
      56
      39
      48
      46
      47
      46
      50
      45
      35
      51
      39
      37
      41
      39
      32
      40
      33
      29
      50
      41
      30
      43
      34
      38
      29
      41
      42
      38
      59
      41
      40
      29
      48
      49
      45
      34
      47
      31
      43
      39
      34
      38
      47
      35
      35
      37
      26
      35
      39
      34
      34
      30
      34
      26
      36
      36
      31
      36
      22
      25
      27
      26
      25
      24
      21
      22
      29
      31
      25
      28
      26
      34
      29
      23
      19
      22
      32
      28
      25
      23
      19
      30
      24
      24
      28
      34
      29
      19
      17
      24
      26
      23
      21
      29
      28
      25
      22
      22
      21
      25
      15
      20
      20
      27
      30
      24
      25
      27
      25
      30
      21
      29
      28
      16
      20
      24
      19
      20
      17
      23
      20
      25
      23
      22
      26
      13
      22
      17
      25
      19
      23
      23
      20
      21
      23
      25
      28
      22
      21
      19
      20
      16
      15
      24
      28
      20
      16
      15
      23
      16
      18
      17
      21
      22
      11
      14
      17
      21
      23
      18
      14
      14
      22
      24
      20
      24
      20
      18
      19
      18
      16
      11
      30
      16
      20
      20
      22
      27
      13
      15
      21
      21
      19
      19
      17
      17
      13
      15
      19
      10
      16
      20
      19
      20
      19
      13
      22
      19
      20
      12
      14
      18
      17
      14
      11
      20
      16
      16
      20
      19
       9
      16
      18
      17
      16
      22
      14
      15
      16
      11
      17
      17
      16
      13
      23
      13
      18
      21
      13
      18
      15
      17
      15
      11
      13
      23
      18
      17
      14
      17
      16
      25
      19
      12
      13
      13
      17
       9
      21
      20
      14
       8
      15
      16
      23
      10
      17
      14
      16
      13
      18
      11
      16
      11
       8
      15
      13
      12
      20
      14
      17
      14
      18
      17
      18
      21
      11
      13
      12
      11
      18
      13
      21
      18
      12
      10
      17
      15
      20
      17
      15
      17
      15
      19
      12
      13
      13
       8
      22
      22
      14
      16
      11
      16
      23
      18
      19
      19
      15
      17
      14
      15
      10
      15
      21
      14
      15
      16
       9
      14
      15
      15
      10
      15
      18
      10
      13
      15
      14
      10
      17
      15
      15
      11
      11
      21
      14
      15
      13
      15
      11
      15
      18
      17
      15
      20
      19
       9
      12
      20
       9
      11
      16
      13
      12
      17
      16
      13
      23
      10
      11
      18
      11
      10
      14
      10
      12
      12
      18
      13
      10
      19
      14
      13
      13
      15
      13
      13
       8
      15
      15
      10
      16
      14
      17
      18
      19
      13
      12
      14
      14
      11
      13
      15
      12
      12
      10
      14
      12
      12
      12
      16
      17
       7
      16
      14
      18
      15
      11
      16
       8
      15
      15
      15
      12
      10
      12
      11
      13
      16
      18
      11
      12
      11
       6
      13
      10
       9
      11
      17
       9
      20
      13
      17
       9
      15
       9
      12
       8
      19
      14
      12
      10
      14
      12
       9
      12
      13
      16
      12
      25
      16
      15
      17
      10
      18
      21
      18
      16
      12
      16
      12
      20
      18
      20
      14
      13
      22
       9
      14
      22
      16
      22
      14
      20
      15
      31
      21
      35
      28
      14
      13
      24
      23
      29
      30
      26
      20
      21
      19
      30
      26
      29
      31
      30
      39
      35
      39
      44
      32
      30
      33
      54
      46
      45
      56
      59
      65
      66
      69
      66
      58
      76
      76
      78
      78
      72
      70
      92
      90
      93
      97
     102
      88
     101
      79
      97
      88
      71
      88
      68
      83
      82
      70
      73
      44
      65
      48
      45
      38
      39
      40
      38
      29
      30
      36
      31
      23
      27
      28
      32
      35
      17
      29
      31
      30
      28
      35
      27
      25
      39
      22
      29
      27
      23
      27
      41
      23
      26
      26
      36
      28
      33
      29
      35
      51
      29
      40
      33
      54
      28
      41
      42
      39
      39
      56
      52
      47
      44
      40
      50
      50
      52
      54
      33
      57
      47
      59
      61
      53
      76
      68
      62
      57
      55
      55
      54
      63
      62
      62
      64
      62
      64
      69
      88
      75
      63
      71
      72
      71
      67
      82
      88
     106
      87
     105
     107
     114
      92
     101
     106
     101
     114
     104
     106
     109
     108
     137
      93
     112
     113
     120
     101
     110
     125
     113
     123
     133
     140
     143
     156
     156
     136
     132
     167
     162
     154
     169
     161
     207
     181
     211
     195
     235
     280
     258
     290
     309
     330
     386
     411
     491
     551
     661
     746
     933
    1115
    1275
    1533
    1776
    2080
    2336
    2740
    2980
    3402
    3451
    3892
    3961
    4156
    4419
    4513
    4742
    5094
    5395
    5688
    5844
    6283
    6400
    6573
    6632
    6599
    6340
    6135
    5564
    5213
    4878
    4312
    3851
    3583
    3087
    2742
    2412
    2157
    1844
    1590
    1374
    1178
     963
     860
     660
     532
     438
     344
     287
     271
     198
     185
     163
     134
     135
     140
     127
     107
     106
     109
     109
     109
      99
      94
     121
      89
     103
     102
     103
      94
     111
     103
      95
     117
     113
     106
     110
     132
     137
     142
     147
     134
     157
     145
     164
     178
     172
     188
     180
     203
     201
     197
     218
     238
     246
     235
     242
     239
     270
     265
     282
     306
     307
     350
     365
     346
     359
     371
     361
     418
     439
     498
     470
     557
     577
     653
     695
     866
    1002
    1110
    1275
    1473
    1758
    1941
    2151
    2255
    2434
    2535
    2471
    2602
    2538
    2464
    2302
    2113
    2073
    1869
    1751
    1596
    1421
    1381
    1213
    1033
    1016
     927
     907
     861
     796
     855
     851
     816
     812
     814
     801
     728
     793
     732
     687
     689
     618
     544
     503
     439
     422
     380
     322
     315
     252
     217
     214
     155
     145
     118
      99
      83
      88
      61
      54
      37
      39
      28
      39
      34
      30
      30
      31
      26
      31
      35
      22
      29
      23
      30
      33
      26
      27
      31
      25
      25
      22
      21
      19
      20
      24
      30
      21
      19
      19
      30
      19
      20
      36
      32
      19
      24
      27
      22
      29
      32
      29
      30
      21
      35
      20
      25
      29
      18
      25
      32
      22
      31
      30
      24
      37
      23
      34
      31
      34
      33
      27
      30
      27
      30
      27
      26
      27
      24
      33
      32
      42
      30
      25
      21
      25
      27
      40
      32
      28
      39
      31
      30
      34
      33
      25
      26
      34
      23
      29
      26
      25
      39
      20
      23
      29
      32
      27
      47
      37
      50
      39
      56
      64
      83
      90
     111
     118
     181
     157
     192
     198
     220
     210
     216
     251
     245
     180
     190
     187
     154
     162
     130
     134
     120
     102
      72
      76
      63
      44
      39
      36
      29
      43
      21
      15
      16
      15
       2
       8
       6
       9
      11
       8
       7
       3
       3
       1
       2
       5
       4
       4
       1
       4
       1
       7
       4
       3
       6
       2
       6
       9
      11
       6
       2
       2
       3
       5
       1
       5
       1
       5
       3
       5
       4
       4
       5
       6
       2
       2
       6
       5
       2
       7
       9
       6
       7
       2
       3
       3
       4
       3
       4
       6
       4
       1
       5
       4
       6
       5
       6
      10
       7
       1
       3
       2
       5
       3
       7
       2
       5
       6
       5
       4
       4
       7
       4
       7
       7
       4
       6
       5
       2
       4
       8
       6
       4
       2
       5
       5
       7
       9
       0
       4
       3
      10
       7
       6
       5
       5
       8
       5
       8
       5
       8
       6
       8
      10
       7
       5
      10
       6
       3
      11
       6
       5
       5
       8
       2
       2
       4
       6
       6
       5
       6
       3
       3
       4
       6
       4
      11
       8
       4
       9
       5
       3
      10
       6
       8
       5
       6
       7
       6
       7
       4
       5
       7
       5
       6
       7
       4
       3
       6
       2
       6
       5
       6
       4
       3
       6
       5
       5
       5
       9
       4
       4
       9
       6
       6
       7
       6
       1
       4
       6
       2
       3
       7
       7
       6
       8
       5
       5
      11
       7
       6
       5
      11
       8
      12
       5
      10
       8
       6
       9
       3
      11
       4
      11
      14
       8
       5
       8
       9
       4
      10
      10
       5
       9
      13
       9
      10
      15
      14
      12
      13
       6
      13
      12
       9
       9
       4
      12
       5
       9
       3
       6
       9
       7
      11
       6
       4
       4
       5
       7
       5
      11
       6
      11
       3
       9
      10
      12
      12
      23
      14
      13
      15
      12
      21
      11
      14
      15
      10
      12
       4
       6
      12
      11
      16
      11
       6
      11
       6
       7
       7
      10
       8
       7
       7
       8
       8
       8
       2
       9
       7
       8
       8
       6
       5
       9
       8
       3
       6
       9
      10
       5
       5
      11
      11
       9
      12
       3
       4
       6
       4
       8
       9
       4
      10
       9
      11
       2
       8
       5
      10
       8
       7
      10
       7
       5
      11
       4
       6
       4
       8
      10
       8
       3
       9
       7
       8
       7
       8
       4
       7
       6
      10
       4
       4
       6
       5
       6
       7
       6
       7
       5
       6
      18
       4
       3
       9
       4
       3
       8
       7
       2
       5
       4
      15
       7
       8
       2
       4
      10
      13
       5
       4
       8
       7
       3
       7
      10
       9
       8
      10
      13
       6
       7
       6
       5
       6
      10
       2
       2
       9
       1
       1
       6
       9
       2
       8
       5
       8
       4
       5
       6
      12
       2
       5
       8
       6
       2
       9
       5
      12
       7
       2
       6
       4
       6
       9
       9
       7
       3
       7
       4
       9
       7
       7
       8
       9
      14
       9
       9
      12
      10
       5
       5
      10
       4
      13
       9
      10
       8
       9
       6
      19
       3
      17
      13
       6
       7
       8
       6
       7
       8
      12
       6
       6
       7
      10
      10
       7
       6
      12
      11
       7
       9
       7
       9
       5
       6
       7
       5
       4
      11
      11
       8
      12
       5
       6
      10
       6
       6
       2
      13
       9
      12
      11
      17
       9
       8
       9
       9
       9
      10
      14
      11
      11
       7
       8
      11
      11
      10
      15
       8
      12
      12
      10
       4
      14
       8
      10
      14
      12
      11
       5
       9
      13
       8
       6
       5
       5
      10
       7
       3
       3
       5
       2
       6
       6
      10
       4
       7
       3
       6
       5
       4
      10
       9
       7
       4
       5
      10
       3
       4
       2
       5
       8
       4
       6
      10
      10
       6
       7
       1
       5
       6
       3
       1
       4
       5
       6
       6
       8
       6
       8
       5
      11
       9
       3
       2
       3
       6
       8
       5
      10
       2
       4
       8
       5
       8
       7
       7
       5
       4
       8
       8
       7
       6
       6
       7
      13
       7
       7
       5
       6
      13
      11
      13
       5
       6
       5
       3
       9
      10
       7
       4
      10
       8
       8
       5
       5
       4
       3
       4
       6
       4
      17
       5
       5
       8
       4
       8
      10
       4
       9
       4
       1
       6
       5
       2
       5
       2
       5
       5
       0
       7
       4
       3
       3
       4
       3
       3
       2
       6
       3
       2
       4
       3
       4
       3
       2
       6
       2
       4
       0
       6
       2
       3
       3
       4
       5
       3
       7
       5
       1
       1
       7
       7
       4
       1
       2
       2
       7
       4
       5
       1
       6
       5
       5
       2
       1
       2
       6
       1
       7
       1
       2
       3
       2
       6
       3
       5
       4
       0
       2
       6
       3
       5
       3
       4
       6
       2
       6
       4
       4
       2
       4
       3
       2
       2
       5
       5
       4
       5
       5
       3
       4
       3
       4
       3
       0
       3
       5
       1
       6
       2
       1
       2
       4
       3
       5
       3
       5
       1
       3
       1
       5
       3
       1
       1
       2
       2
       4
       4
       4
       2
       4
       7
       2
       4
       3
       3
       2
       1
       1
       3
       3
       1
       2
       5
       7
       2
       3
       1
       2
       2
       3
       1
       3
       4
       2
       1
       4
       3
       2
       2
       0
       3
       2
       2
       3
       0
       4
       2
       0
       2
       2
       3
       5
       2
       7
       3
       5
       4
       2
       1
       3
       2
       4
       1
       1
       3
       2
       3
       1
       4
       2
       1
       1
       3
       4
       0
       1
       5
       3
       1
       1
       6
       0
       1
       2
       1
       2
       1
       3
       3
       3
       3
       0
       2
       2
       2
       3
       2
       3
       1
       1
       0
       2
       3
       3
       2
       2
       3
       2
       0
       4
       4
       3
       1
       2
       4
       2
       3
       2
       0
       3
       4
       4
       3
       2
       5
       4
       4
       5
       2
       7
       1
       3
       5
       4
       2
       7
       3
       1
       4
       2
       3
       1
       2
       2
       1
       4
       2
       1
       3
       7
       2
       2
       3
       2
       2
       1
       0
       1
       1
       0
       1
       1
       2
       2
       0
       2
       2
       4
       3
       4
       2
       1
       1
       2
       4
       3
       4
       1
       3
       3
       2
       3
       1
       3
       3
       4
       4
       4
       3
       3
       2
       1
       4
       6
       3
       4
       5
       1
       0
       1
       3
       4
       3
       3
       0
       2
       4
       6
       1
       5
       1
       5
       1
       2
       2
       5
       3
       1
       2
       0
       0
       0
       0
       0
       0
       0
       0
       0
       0
       0
       0
       0
       0
       0
       0
       0
       0
       0
       0
       0
       0
       0
       0
       0
       0
       0
       0
       0
       0
       0
       0
$ROI:
1
11 2032
$PRESETS:
Live Time
100
0
$ENER_FIT:
0.000000 0.024067
$MCA_CAL:
3
0.000000E+000 2.406711E-002 0.000000E+000 keV
$SHAPE_CAL:
3
0.000000E+000 0.000000E+000 0.000000E+000
