$SPEC_ID:
No sample description was entered.
$SPEC_REM:
DET# 2
DETDESC# JLAB-20 MCB 129
AP# Maestro Version 7.01
$DATE_MEA:
02/18/2016 16:50:44
$MEAS_TIM:
100 103
$DATA:
0 2047
       0
       0
       0
       0
       0
       0
       0
       0
       0
       0
       0
       0
       0
       0
       0
       0
       0
       0
       0
       0
       0
       0
       0
       0
       0
       0
       0
       0
       0
       0
       0
       0
       0
       0
       0
       0
       0
       0
       0
       0
       0
       0
       0
       0
       0
       0
       0
       0
       0
       0
      42
      42
      49
      37
      48
      35
      43
      45
      42
      36
      28
      40
      43
      48
      44
      30
      43
      45
      43
      24
      53
      36
      51
      39
      36
      36
      34
      41
      35
      29
      32
      37
      46
      40
      41
      26
      34
      45
      34
      43
      30
      29
      36
      21
      33
      29
      33
      49
      32
      30
      36
      44
      42
      30
      45
      45
      33
      38
      35
      33
      31
      24
      22
      32
      32
      42
      38
      37
      27
      32
      31
      27
      32
      32
      23
      34
      19
      29
      25
      26
      29
      26
      33
      28
      15
      18
      28
      25
      26
      21
      24
      34
      25
      32
      26
      24
      22
      24
      33
      19
      25
      30
      18
      21
      18
      21
      25
      26
      15
      18
      19
      14
      28
      24
      26
      24
      17
      19
      23
      26
      13
      17
      16
      14
      29
      20
      15
      11
      18
      18
      23
      23
      19
      24
      20
      18
      22
      18
      21
      24
      19
      21
      16
      19
      20
      18
      20
      16
      19
      18
      19
      23
      25
      17
      13
      15
      11
      18
      25
      19
      10
      18
      10
      17
      14
      15
       9
      16
      23
      22
      15
      22
      15
      16
      15
      15
      15
      17
      16
      16
      14
      14
      13
      17
      14
      13
      16
       6
      18
      23
       9
      19
      12
      19
      15
      13
      14
      12
      21
      19
      25
      20
      16
      11
      16
      16
      16
      18
      17
      12
      12
      15
      14
      20
      15
      18
      18
      12
      15
      18
      14
      16
      18
      11
      15
      14
      11
      16
      17
      10
      19
      13
      13
      10
      16
      18
       9
      15
      14
      19
      13
      15
      21
       8
      20
      18
      14
      22
      12
      12
      22
      14
      18
      11
      13
      16
      14
      16
      18
      14
      21
      14
      14
      21
      11
      13
      10
      13
       9
      14
      19
      10
      19
       9
      14
      16
      18
      10
      15
      13
       8
      12
       7
      12
      12
      11
      16
      15
      11
      11
      22
      11
      11
      12
      13
      13
      11
      14
       8
      13
       7
      12
      12
      11
      14
      15
       8
      18
      10
      18
      19
      10
      14
      12
      13
      11
      11
      14
      13
      16
      10
      16
      13
       9
      11
       6
      13
       6
      19
      14
       7
      10
      12
      10
       9
      13
       9
      21
      14
      18
      11
      12
      10
      12
       9
      18
      14
      21
       8
      10
      11
      12
      21
      16
      16
       9
      17
      17
      10
       9
       8
      11
       6
      16
       8
      13
      15
      14
       9
       9
       4
       5
      12
      12
      12
      12
      11
       6
       7
      11
      13
       9
      12
       8
       8
      10
      15
       9
       3
      12
      13
      11
       7
      11
       9
      13
      13
      11
      18
      17
       7
      16
      19
      12
      18
      13
      11
      16
      12
      11
      13
       9
      11
      13
      17
       8
      16
       8
       8
      20
      23
       8
      11
      12
       7
      14
      10
      12
      12
      16
      11
       7
      14
       7
       8
       8
      13
       6
      11
       5
       6
      13
       8
      13
      14
      11
      12
      10
       7
      11
      11
       8
      10
      13
       8
      10
       8
      10
      11
       5
       6
       7
       7
      14
       7
      10
      10
      14
      15
      11
      10
      10
      11
       6
      11
      15
      13
       7
      11
       8
       8
      12
      16
      14
      11
      15
      15
      17
       9
       5
      10
      14
       7
      14
      20
      21
       6
      15
      16
      11
      23
      20
       8
      16
      15
      10
      13
      12
      17
      16
      22
      16
      20
      16
      21
      15
      13
      12
      26
      16
      18
      12
      22
      16
      19
      24
      22
      33
      31
      21
      32
      27
      22
      23
      42
      32
      30
      33
      47
      51
      36
      42
      46
      58
      61
      59
      51
      61
      62
      60
      64
      65
      57
      81
      73
      68
      64
      58
      80
      76
      70
      69
      63
      74
      62
      72
      65
      49
      58
      42
      53
      36
      37
      39
      40
      38
      28
      26
      28
      23
      23
      15
      26
      23
      22
      22
      21
      29
      31
      17
      22
      24
      25
      27
      23
      20
      20
      24
      24
      23
      20
      18
      29
      25
      36
      28
      28
      19
      31
      30
      28
      22
      29
      19
      25
      32
      28
      28
      41
      29
      29
      40
      31
      31
      53
      24
      31
      30
      43
      41
      42
      38
      51
      51
      35
      41
      45
      58
      45
      39
      51
      38
      56
      38
      53
      50
      57
      40
      59
      55
      52
      56
      60
      56
      64
      65
      71
      75
      70
      72
      77
      57
      84
      81
      83
      81
      93
      92
      93
      86
      86
      83
      91
      77
     106
     105
      92
      98
      87
      92
     102
     108
     110
      94
     120
     103
     111
     120
     115
     128
     125
     124
     129
     136
     151
     146
     175
     162
     162
     153
     187
     192
     229
     223
     277
     280
     342
     397
     441
     490
     612
     728
     830
     971
    1179
    1372
    1561
    1878
    2155
    2347
    2566
    2740
    2938
    3080
    3307
    3441
    3478
    3679
    3853
    4107
    4465
    4725
    4864
    5058
    5202
    5188
    5016
    5002
    4762
    4549
    4079
    3702
    3346
    2981
    2695
    2361
    2102
    1901
    1605
    1406
    1172
    1051
     877
     773
     596
     532
     402
     320
     270
     229
     196
     164
     163
     130
     119
     100
      97
     101
      85
      77
     103
      72
      79
      85
      85
      79
      69
      85
      94
      86
      96
      93
      96
      84
     118
     100
      93
     105
      86
     102
     129
      94
     118
     126
     134
     148
     136
     137
     126
     159
     176
     155
     178
     168
     196
     175
     189
     215
     222
     210
     227
     247
     249
     261
     257
     270
     288
     301
     333
     330
     320
     326
     366
     413
     463
     449
     552
     610
     720
     855
     944
    1078
    1292
    1363
    1543
    1761
    1911
    2042
    2053
    2105
    2145
    2064
    2036
    1970
    1815
    1726
    1502
    1380
    1337
    1182
    1087
    1010
     876
     868
     748
     749
     701
     667
     705
     704
     720
     697
     690
     665
     633
     660
     621
     616
     552
     495
     497
     452
     391
     347
     324
     239
     258
     208
     186
     140
     135
     109
     110
      91
      69
      72
      55
      48
      38
      35
      39
      48
      29
      24
      28
      26
      25
      28
      29
      17
      28
      23
      22
      26
      22
      25
      27
      29
      28
      22
      32
      17
      22
      22
      26
      30
      21
      14
      17
      18
      24
      17
      16
      27
      23
      17
      14
      31
      20
      24
      23
      28
      17
      25
      17
      28
      30
      27
      25
      28
      33
      31
      25
      24
      27
      26
      30
      31
      35
      29
      34
      33
      27
      33
      30
      36
      26
      31
      19
      31
      28
      27
      21
      23
      25
      26
      28
      24
      29
      19
      22
      21
      23
      21
      27
      23
      27
      27
      22
      20
      23
      21
      29
      39
      26
      41
      28
      40
      56
      38
      60
      58
      79
      65
     108
      93
     141
     149
     180
     160
     194
     193
     211
     198
     182
     197
     177
     158
     142
     133
     123
     123
      89
      75
      80
      66
      47
      43
      48
      39
      32
      25
      17
      21
       4
      10
       7
       7
       2
       8
       7
       9
       2
       7
       7
       5
       1
       1
       1
       1
       4
       2
       4
       5
       0
       3
       4
       3
       4
       9
       2
       2
       3
       6
       4
       4
       4
       4
       2
       2
       3
       6
       4
       5
       0
       4
       4
       7
       4
       4
       5
       7
       4
       3
       3
       0
       3
       5
       3
       9
       2
       4
       3
       4
       1
       6
       7
       3
       3
       9
       3
       7
       2
       4
       3
       6
       3
       4
       4
       3
       4
       3
       1
       4
       4
       6
       5
       6
       2
       2
       6
       3
       4
       6
       4
       4
       4
       5
       3
       3
       5
       6
       4
       1
       4
       4
       6
       5
       2
       5
       2
       8
       4
       4
       4
       7
       6
       4
       5
       3
       5
      10
       5
       5
       6
       5
       4
       6
       2
       3
       0
       4
       6
       2
       4
       3
       4
       5
       5
       8
       3
       2
       1
       6
       3
       3
       5
       7
       5
       6
       8
       7
       5
       9
       5
       5
       4
       3
       8
       3
       4
       4
       9
       6
       6
       3
       3
       8
       3
       7
       6
       5
       6
       3
      10
       4
       4
       3
       4
       3
       4
       7
       2
       9
       1
       4
       5
       6
       7
       2
       6
       6
       5
       8
       1
       4
       6
       9
       7
       5
       9
       6
       6
       4
       2
       8
       3
       6
       2
       7
       5
       6
       5
      12
      12
       7
       7
      17
       5
      12
      14
       6
      10
      10
       5
       8
       7
       5
       5
       5
       3
       7
       9
       5
       6
       4
       6
       5
       9
       3
       5
       7
      12
       6
       8
       7
       6
       8
       6
      14
      11
       8
      16
      19
      17
      12
      14
      16
      12
      16
      16
      11
      18
      10
      16
       6
       8
      10
       8
      10
       7
       8
       7
       7
       2
       8
       4
       6
       3
       5
       5
       3
       5
       3
       3
       3
       6
       8
       4
       6
       5
      11
       4
       1
       7
       7
       6
       7
       5
       5
       3
       6
       3
       5
       6
       7
       6
       4
       8
       6
       6
       3
       8
       3
       7
       5
       2
      12
       2
       7
       8
       4
       8
       3
       4
       7
       4
       4
       7
       5
       4
       4
       1
       2
       4
       7
       3
       4
       1
       4
       2
       7
       5
       4
       0
       3
       3
       3
       4
       4
       4
       6
       5
       2
       4
       4
       4
       6
       9
       2
       6
       6
       6
       7
       3
       2
       4
       3
       7
       4
       5
       8
       6
       5
       5
       6
       1
       2
       5
       6
       3
       3
       4
       3
       3
       4
      10
       5
       3
       6
       6
       2
       2
       3
       5
       6
       7
       7
       5
       4
       8
       8
       6
       2
       5
       5
       3
      10
       1
       3
       8
       9
       3
       3
       6
       6
      12
       8
       7
       9
       9
       8
       7
       6
       7
       5
       8
       7
       9
       7
       7
      10
      11
       5
       9
       9
      13
      13
      10
       7
       8
       4
       4
       7
       5
       7
       5
      11
       4
       3
       8
      11
       5
       4
       7
       6
       9
       9
       3
       4
       4
       5
       3
       7
       5
       8
       9
       9
       6
      11
       7
      11
       5
      12
       7
      11
       6
      13
       7
       7
       7
       5
       7
       5
       9
      12
      10
       2
       7
       5
       9
      16
       4
       7
       9
       8
       9
       9
       3
       5
       5
       8
       9
       4
       6
       3
       4
       4
       4
       6
       3
       1
       3
       7
       4
       2
       2
       3
       1
       4
       4
       5
       2
       1
       4
       6
       1
       4
       3
       7
       3
       4
       1
       5
       6
       4
       5
       7
       1
       6
       4
       4
       3
       2
       2
       4
       3
       3
       5
       7
       1
       3
       3
       7
       3
       4
       1
       3
       2
       5
       1
       5
       4
       8
       2
       6
       6
       5
       5
       3
       5
       4
       5
       3
       0
       3
       4
       9
       5
       1
       7
       7
       2
       6
       3
       3
       7
       5
       2
       1
       8
       7
       4
       8
       2
       2
       0
       5
       2
       6
       3
       5
       9
       7
       4
       5
       2
       4
       5
       4
       4
       6
       3
       3
       3
       5
       5
       2
       5
       2
       3
       5
       3
       4
       2
       1
       2
       3
       5
       3
       3
       4
       2
       0
       0
       0
       4
       0
       6
       0
       2
       3
       1
       6
       2
       3
       4
       1
       2
       0
       3
       4
       3
       3
       4
       4
       2
       3
       2
       4
       4
       1
       0
       4
       2
       2
       5
       3
       3
       3
       3
       4
       1
       1
       3
       4
       2
       4
       4
       4
       0
       3
       2
       5
       1
       2
       4
       3
       7
       3
       1
       5
       7
       0
       2
       2
       6
       4
       6
       1
       2
       2
       3
       3
       2
       1
       4
       5
       4
       1
       3
       5
       2
       4
       2
       2
       5
       3
       2
       3
       2
       4
       3
       4
       3
       2
       3
       1
       1
       3
       3
       6
       3
       5
       0
       5
       2
       3
       3
       5
       3
       3
       4
       4
       4
       4
       3
       1
       0
       1
       3
       4
       6
       8
       3
       7
       2
       3
       4
       3
       6
       5
       3
       7
       3
       3
       2
       3
       2
       3
       1
       2
       5
       1
       3
       1
       1
       5
       2
       2
       5
       6
       1
       3
       2
       3
       2
       5
       3
       1
       1
       3
       3
       1
       4
       3
       3
       1
       0
       0
       3
       3
       4
       3
       2
       2
       1
       1
       5
       2
       2
       2
       2
       4
       2
       4
       1
       0
       2
       0
       4
       3
       3
       2
       2
       5
       2
       2
       1
       1
       1
       4
       3
       2
       0
       2
       1
       2
       0
       3
       4
       1
       1
       2
       5
       2
       1
       1
       4
       2
       5
       3
       2
       1
       1
       1
       2
       3
       2
       1
       2
       2
       4
       1
       4
       3
       2
       7
       0
      10
       0
       1
       2
       1
       2
       2
       1
       3
       4
       3
       4
       3
       2
       3
       2
       3
       3
       3
       0
       2
       5
       1
       2
       3
       3
       1
       2
       2
       3
       4
       2
       3
       3
       4
       3
       2
       2
       2
       2
       4
       1
       1
       2
       4
       4
       0
       2
       4
       4
       2
       2
       2
       1
       5
       3
       2
       1
       3
       3
       1
       2
       2
       3
       2
       3
       1
       5
       2
       4
       1
       3
       2
       2
       1
       2
       1
       0
       0
       0
       0
       0
       0
       0
       0
       0
       0
       0
       0
       0
       0
       0
       0
       0
       0
       0
       0
       0
       0
       0
       0
       0
       0
       0
       0
       0
       0
       0
       0
$ROI:
1
11 2032
$PRESETS:
Live Time
100
0
$ENER_FIT:
0.000000 0.024067
$MCA_CAL:
3
0.000000E+000 2.406711E-002 0.000000E+000 keV
$SHAPE_CAL:
3
0.000000E+000 0.000000E+000 0.000000E+000
