$SPEC_ID:
No sample description was entered.
$SPEC_REM:
DET# 2
DETDESC# JLAB-20 MCB 129
AP# Maestro Version 7.01
$DATE_MEA:
02/18/2016 16:53:13
$MEAS_TIM:
100 102
$DATA:
0 2047
       0
       0
       0
       0
       0
       0
       0
       0
       0
       0
       0
       0
       0
       0
       0
       0
       0
       0
       0
       0
       0
       0
       0
       0
       0
       0
       0
       0
       0
       0
       0
       0
       0
       0
       0
       0
       0
       0
       0
       0
       0
       0
       0
       0
       0
       0
       0
       0
       0
       1
      42
      34
      38
      26
      36
      38
      43
      34
      30
      32
      30
      31
      28
      25
      38
      35
      18
      27
      27
      32
      23
      23
      22
      36
      25
      32
      31
      25
      36
      18
      39
      29
      30
      25
      22
      25
      23
      27
      43
      24
      21
      33
      25
      29
      20
      27
      27
      31
      27
      32
      21
      28
      22
      27
      25
      30
      19
      29
      27
      34
      36
      23
      33
      21
      23
      35
      23
      33
      16
      27
      33
      24
      22
      26
      19
      29
      30
      19
      20
      23
      27
      22
      20
      26
      23
      28
      32
      27
      21
      14
      26
      20
      19
      23
      28
      17
      14
      17
      15
      18
      18
      14
      23
      16
      21
      24
      21
      21
      13
      17
      23
       6
      16
      24
      14
      14
      22
      14
      16
      18
      13
      17
      14
      13
      10
      17
      19
      13
      11
      17
      12
      14
      10
      21
      14
      19
      16
      12
      13
      17
      12
      20
      16
      13
      19
      11
       9
      20
       9
      10
      14
      16
      19
      15
      11
      18
      18
      10
      17
      15
      15
      16
      10
      20
      15
      19
      12
      12
      15
      17
      15
      16
      16
      11
      13
      17
      18
      10
      13
      15
      14
       9
      12
      17
      10
      15
      14
      13
      13
      14
       7
      14
      10
      14
      13
      10
      10
      10
      19
      13
      11
      11
       5
      14
      15
      11
       8
      11
      16
      10
      17
      10
      12
      10
      12
      10
      10
      13
       4
       9
      12
       8
      17
       9
      13
      10
      12
      12
      11
       7
      14
      24
      13
      11
      18
      18
      12
      15
      10
      11
      16
      13
      14
      18
       8
      16
       9
       7
       7
      20
      14
      11
       9
       9
      23
       8
      16
      10
      16
      10
       9
      10
      16
       8
       8
      20
      11
      15
       9
      20
      21
      15
      16
      16
       9
      10
       9
      14
      19
      11
       9
      14
       9
      15
       5
       6
      10
      11
      12
      14
      12
       7
      13
      12
       8
       7
       7
      14
       8
      18
      18
       6
       7
       8
      13
      10
       9
       8
       1
      14
      12
       5
       5
       7
      12
       6
       9
       8
      10
      12
       9
       6
       4
      10
       9
       7
      12
       9
      12
       5
       6
      13
      15
      11
      10
      14
       9
      12
       5
      10
      11
      12
      13
       4
      11
       7
       8
       6
      11
       9
       7
      16
       3
      12
       8
       9
      10
       9
       7
      15
      13
      14
       6
       9
       8
      16
      11
       7
      14
       6
      13
       9
      10
      10
       8
      13
       7
      11
       4
      13
       8
       9
      15
       3
       4
       8
       9
       3
      14
      10
      11
      11
      10
      10
      10
      13
      10
      10
      10
       9
       5
       8
       6
       5
      11
       8
       8
       7
       7
      11
       3
       9
       5
       7
      11
      10
       9
      13
       7
      16
      14
       8
       9
       7
       9
      13
      11
       9
       9
      10
       6
      11
       6
      11
       6
      13
      11
       8
       8
       7
       4
      14
       5
       7
       7
       9
       9
       8
       7
      10
      10
       9
       8
      13
       4
      11
       8
       7
      12
       8
      14
       8
       6
       6
      10
       8
       9
       7
      15
       6
       9
      12
      12
       9
       9
       5
      10
       9
       7
      12
       6
       9
       6
       9
      10
      10
       8
       7
       6
      13
       9
       8
       8
       6
      11
       4
      14
      11
       9
       5
      13
       9
      14
      12
       8
      10
      13
      17
      11
       9
      20
      13
      11
       9
      11
      13
      12
       8
      14
      15
      16
      18
      17
      14
      15
      14
      22
      29
      25
      23
      15
      15
      33
      18
      29
      19
      12
      21
      19
      28
      36
      45
      27
      39
      45
      47
      42
      45
      41
      46
      45
      50
      49
      55
      50
      66
      50
      48
      73
      73
      71
      60
      62
      57
      46
      43
      43
      36
      41
      34
      31
      36
      24
      34
      29
      20
      31
      25
      19
      16
      21
      13
      21
      23
      26
      15
      17
      26
      18
      12
      10
      22
      15
      22
      19
      19
      17
      13
      15
      14
      10
      25
      23
      19
      25
      20
      17
      16
      14
      22
      24
      21
      32
      24
      23
      24
      26
      24
      28
      23
      35
      24
      24
      30
      26
      38
      25
      29
      32
      28
      29
      26
      30
      31
      29
      33
      41
      24
      31
      36
      35
      42
      35
      39
      43
      38
      50
      34
      50
      34
      37
      45
      34
      36
      49
      46
      57
      53
      57
      59
      56
      62
      48
      54
      65
      66
      79
      68
      65
      55
      75
      75
      59
      89
      84
      58
      70
      79
      83
      87
      65
      76
      99
      70
      86
      98
      76
     100
      93
      96
     106
      99
     118
     100
     113
     106
     141
     141
     134
     161
     138
     163
     177
     189
     221
     210
     273
     321
     361
     367
     475
     527
     612
     744
     873
    1083
    1226
    1392
    1609
    1778
    2032
    2131
    2363
    2354
    2462
    2653
    2754
    2937
    3174
    3297
    3361
    3660
    3755
    3904
    3915
    4101
    3962
    3777
    3707
    3434
    3161
    2885
    2613
    2214
    2044
    1908
    1618
    1365
    1284
    1137
     937
     836
     723
     607
     489
     401
     303
     302
     239
     216
     158
     142
     120
      98
      89
      91
      81
      80
      76
      66
      80
      74
      69
      66
      62
      77
      58
      66
      66
      65
      77
      68
      67
      70
      85
      74
      68
     100
      79
      88
     100
     108
     118
     110
     109
      96
     102
     108
     125
     116
     148
     133
     151
     137
     152
     144
     164
     171
     176
     203
     188
     214
     199
     215
     201
     234
     220
     250
     276
     259
     281
     274
     334
     311
     375
     363
     442
     526
     615
     700
     768
     884
    1021
    1132
    1313
    1494
    1549
    1637
    1700
    1801
    1737
    1744
    1650
    1578
    1464
    1389
    1254
    1175
    1040
     954
     946
     819
     776
     725
     634
     608
     612
     584
     557
     560
     570
     557
     574
     541
     524
     558
     542
     515
     435
     428
     408
     347
     322
     299
     228
     226
     196
     173
     172
     147
     121
     110
      99
      70
      68
      57
      41
      39
      44
      33
      21
      25
      27
      25
      17
      23
      22
      18
      15
      17
      14
      24
      16
      18
      26
      17
      14
      21
      22
      24
      17
      19
      26
      20
      15
      20
      22
      24
      28
      19
      21
      23
      14
      15
      19
      17
      25
      20
      20
      26
      34
      25
      27
      19
      23
      30
      19
      30
      22
      32
      13
      23
      24
      23
      25
      22
      32
      20
      28
      29
      23
      30
      27
      31
      21
      26
      22
      36
      22
      23
      18
      35
      31
      23
      20
      21
      31
      17
      25
      21
      22
      18
      21
      32
      23
      21
      21
      25
      27
      18
      22
      20
      19
      23
      27
      23
      29
      32
      38
      41
      39
      50
      55
      70
      97
     109
     117
     132
     140
     170
     173
     164
     196
     185
     173
     135
     141
     138
     123
     107
     113
     107
      89
      71
      74
      58
      51
      38
      39
      26
      35
      23
      22
      14
      10
      10
       9
      10
       8
       9
       5
       8
       4
       1
       3
       0
       0
       6
       1
       0
       0
       4
       5
       3
       2
       2
       3
       0
       1
       3
       2
       3
       0
       2
       3
       1
       5
       2
       2
       2
       1
       4
       3
       2
       1
       2
       2
       1
       2
       3
       1
       1
       2
       3
       1
       2
       4
       3
       3
       3
       2
       4
       1
       5
       0
       6
       4
       1
       4
       2
       3
       1
       5
       2
       1
       4
       2
       1
       2
       5
       4
       4
       1
       4
       2
       5
       4
       3
       3
       1
       5
       4
       4
       3
       2
       7
       5
       2
       5
       4
       3
       4
       4
       3
       4
       3
       7
       1
       2
       1
       4
       6
       5
       2
       2
       0
       3
       4
       3
       3
       4
       4
       3
       0
       5
       3
       4
       6
       3
       3
       8
       4
       4
       3
       4
       5
       7
       3
       4
       1
       4
       2
       9
       6
       5
       5
       7
       2
       0
       1
       2
       5
       5
       7
       3
       2
       4
       4
       3
       2
       3
       6
       7
       3
       1
       4
       5
       5
       2
       4
       6
       4
       2
       5
       1
       4
       4
       3
       2
       6
       3
       6
       5
       5
       5
       5
       0
       4
       4
       4
       5
       3
       3
       7
       5
       1
       7
       2
       5
       1
       7
       4
       7
       6
       6
       9
       9
      10
       7
       2
      13
      10
       6
      12
      18
       3
       9
       5
      10
      11
       6
       6
      11
       9
      10
       8
       7
       7
       6
       8
       7
       4
       3
       9
       6
       6
       5
       6
       7
       7
       4
       8
       2
       6
       3
       4
       7
      10
       4
      13
       3
      10
      12
      18
       9
      13
      14
      19
       7
      17
      11
      10
       4
      14
      10
      12
       8
       4
       3
       3
       9
       7
       0
       5
      11
       5
       4
       6
      10
       3
       4
       5
       4
       4
       7
       5
       3
       3
       1
       4
       9
       5
       1
       5
       5
       5
       2
       4
       5
       3
       2
       5
       5
       9
       3
       1
       3
       4
       4
       5
       4
       5
       1
       5
       0
       4
       4
       3
       6
       5
       1
       4
       3
       7
       5
       4
       6
       2
       1
       7
       2
       1
       2
       2
       7
       5
       5
       4
       5
       3
       5
       6
       7
       5
       5
       0
       5
       4
       6
       6
       3
       2
       1
       8
       2
       4
       3
       4
       1
       9
       5
       4
       4
       8
       6
       2
       3
       6
       4
       5
       5
       4
       4
       3
       2
       4
       6
       2
       2
       4
       3
       3
       0
       6
       6
       3
       5
       3
       6
       1
       1
       1
       6
       3
       6
       7
       4
       7
       6
       6
       3
      10
       3
       4
       7
       2
       3
       9
       3
       4
       5
       8
       2
       2
       4
       4
       7
       4
       8
       6
       8
       7
       6
      13
       7
       7
       5
       8
       8
       8
       4
       4
      12
       7
       7
       8
       2
       8
       4
       5
       5
       6
       6
       7
       5
       9
       4
       0
       8
       4
       9
       3
       4
       4
       4
       2
       3
       6
       1
       5
       8
      11
       9
      13
       4
       4
       1
       5
       9
       6
       5
       4
       9
       6
       7
       4
       6
       4
       8
       7
       3
       6
       5
       6
       4
       6
       2
       5
       6
       8
       2
       2
       3
       9
       3
       2
       5
       5
       9
       4
       3
       4
       7
       5
       7
       3
       8
       2
       2
       2
       3
       3
       7
       3
       0
       3
       6
       3
       4
       5
       6
       2
       3
       4
       4
       5
       5
       3
       1
       8
       3
       3
       3
       3
       1
       3
       5
       5
       4
       3
       4
       3
       5
       1
       8
       1
       6
       2
       4
       5
       7
       5
       5
       1
       0
       4
       3
       4
       5
       1
       7
       4
       5
       4
       5
       8
       3
       5
       5
       2
       5
       5
       5
       6
       6
       2
       2
       2
       9
       5
       2
       4
       1
      11
       4
       4
       5
       4
       5
       3
       1
       3
       4
       7
       3
       2
       5
       1
       9
       3
       5
       6
       5
       2
       4
       3
       4
       4
       6
       1
       2
       4
       1
       4
       3
       2
       3
       6
       3
       2
       4
       8
       2
       1
       3
       2
       1
       2
       3
       3
       4
       0
       5
       4
       3
       2
       3
       2
       2
       4
       1
       2
       0
       2
       2
       2
       1
       1
       0
       2
       2
       3
       2
       4
       4
       3
       0
       3
       2
       3
       1
       1
       2
       1
       2
       5
       2
       2
       3
       4
       2
       2
       1
       0
       2
       4
       5
       1
       4
       5
       1
       3
       4
       1
       2
       3
       2
       2
       4
       2
       4
       3
       3
       3
       5
       3
       3
       2
       3
       4
       5
       3
       2
       2
       3
       3
       1
       1
       4
       1
       1
       3
       3
       1
       2
       0
       1
       3
       1
       2
       2
       2
       2
       2
       1
       1
       5
       4
       3
       3
       3
       1
       3
       7
       5
       1
       3
       4
       3
       2
       3
       5
       7
       3
       2
       3
       5
       2
       2
       3
       5
       5
       3
       2
       1
       4
       3
       5
       1
       6
       1
       4
       3
       3
       7
       0
       4
       2
       6
       4
       1
       0
       5
       1
       4
       1
       2
       3
       3
       1
       2
       1
       3
       6
       4
       1
       1
       3
       2
       5
       2
       3
       2
       4
       4
       3
       2
       2
       0
       2
       1
       3
       0
       3
       1
       1
       0
       3
       3
       4
       2
       3
       1
       2
       5
       2
       2
       1
       4
       4
       4
       3
       1
       5
       2
       4
       4
       3
       1
       0
       2
       3
       4
       1
       1
       2
       2
       3
       0
       2
       4
       4
       4
       3
       1
       2
       2
       2
       2
       4
       3
       1
       0
       2
       2
       3
       0
       3
       3
       3
       3
       1
       2
       0
       2
       3
       3
       4
       0
       2
       2
       2
       3
       3
       4
       2
       2
       3
       6
       1
       2
       4
       5
       1
       3
       2
       4
       1
       4
       1
       3
       2
       4
       1
       0
       2
       1
       2
       2
       0
       6
       1
       1
       4
       0
       1
       2
       3
       3
       6
       1
       7
       1
       1
       3
       0
       3
       0
       7
       3
       2
       4
       1
       3
       1
       1
       1
       3
       4
       1
       1
       5
       0
       3
       2
       5
       2
       4
       1
       1
       0
       4
       2
       3
       4
       0
       0
       0
       0
       0
       0
       0
       0
       0
       0
       0
       0
       0
       0
       0
       0
       0
       0
       0
       0
       0
       0
       0
       0
       0
       0
       0
       0
       0
       0
       0
       0
       0
$ROI:
1
11 2032
$PRESETS:
Live Time
100
0
$ENER_FIT:
0.000000 0.024067
$MCA_CAL:
3
0.000000E+000 2.406711E-002 0.000000E+000 keV
$SHAPE_CAL:
3
0.000000E+000 0.000000E+000 0.000000E+000
