$SPEC_ID:
No sample description was entered.
$SPEC_REM:
DET# 2
DETDESC# JLAB-20 MCB 129
AP# Maestro Version 7.01
$DATE_MEA:
02/18/2016 15:25:07
$MEAS_TIM:
100 106
$DATA:
0 2047
       0
       0
       0
       0
       0
       0
       0
       0
       0
       0
       0
       0
       0
       0
       0
       0
       0
       0
       0
       0
       0
       0
       0
       0
       0
       0
       0
       0
       0
       0
       0
       0
       0
       0
       0
       0
       0
       0
       0
       0
       0
       0
       0
       0
       0
       0
       0
       0
       0
       3
      70
      72
      75
      80
      67
      71
      76
      68
      83
      74
      68
      71
      71
      68
      84
      65
      83
      82
      66
      83
      68
      63
      74
      59
      65
      69
      71
      84
      70
      61
      65
      71
      74
      80
      50
      72
      75
      69
      76
      80
      66
      72
      77
      70
      73
      70
      60
      64
      54
      68
      62
      63
      58
      64
      50
      70
      70
      72
      65
      72
      58
      63
      66
      71
      64
      69
      54
      62
      60
      52
      58
      55
      48
      56
      56
      47
      60
      61
      58
      54
      52
      48
      52
      48
      57
      41
      43
      48
      39
      53
      32
      47
      47
      48
      53
      55
      40
      42
      47
      46
      62
      48
      50
      42
      31
      38
      44
      39
      46
      43
      62
      40
      40
      34
      27
      37
      33
      47
      41
      48
      44
      43
      44
      36
      36
      33
      34
      27
      33
      37
      39
      36
      39
      39
      37
      45
      36
      35
      39
      43
      46
      25
      37
      34
      47
      24
      33
      40
      33
      30
      24
      35
      31
      28
      30
      28
      37
      45
      45
      35
      29
      38
      43
      28
      28
      42
      40
      32
      28
      34
      34
      33
      34
      35
      31
      28
      29
      35
      41
      31
      28
      39
      42
      33
      32
      19
      39
      25
      32
      28
      27
      20
      34
      26
      32
      28
      21
      25
      27
      23
      26
      41
      26
      28
      28
      25
      31
      22
      30
      32
      22
      26
      31
      17
      30
      25
      30
      30
      22
      22
      24
      40
      23
      21
      25
      27
      30
      27
      31
      32
      24
      21
      23
      29
      24
      27
      26
      28
      23
      26
      29
      27
      23
      29
      23
      26
      23
      27
      30
      19
      28
      31
      16
      28
      20
      20
      22
      29
      31
      20
      22
      19
      22
      33
      21
      26
      22
      26
      32
      17
      30
      25
      21
      17
      25
      28
      19
      17
      29
      34
      22
      24
      27
      22
      20
      32
      23
      21
      18
      22
      16
      25
      24
      26
      25
      29
      25
      27
      24
      28
      20
      25
      28
      20
      26
      23
      19
      30
      26
      20
      20
      19
      15
      25
      31
      20
      26
      20
      24
      20
      14
      23
      18
      37
      25
      20
      24
      26
      22
      21
      28
      28
      23
      22
      31
      22
      21
      26
      28
      26
      22
      24
      25
      23
      29
      27
      24
      21
      26
      33
      19
      23
      25
      23
      17
      24
      19
      23
      20
      24
      20
      27
      19
      20
      16
      22
      18
      19
      18
      23
      27
      22
      21
      26
      19
      24
      17
      22
      16
      27
      22
      21
      24
      20
      20
      26
      17
      18
      28
      19
      20
      18
      25
      30
      21
      26
      15
      21
      25
      28
      21
      29
      17
      25
      21
      27
      18
      24
      26
      32
      18
      26
      18
      16
      24
      10
      27
      27
      16
      21
      26
      21
      22
      20
      11
      20
      13
      19
      13
      30
      26
      24
      11
      21
      17
      21
      19
      25
      17
      14
      16
      27
      20
      30
      14
      22
      23
      22
      13
      24
      19
      30
      19
      18
      11
      18
      17
      24
      22
      23
      19
      27
      26
      23
      22
      21
      24
      22
      23
      25
      21
      31
      22
      18
      18
      28
      19
      25
      25
      27
      29
      19
      21
      18
      31
      23
      20
      27
      27
      20
      19
      20
      24
      16
      28
      20
      33
      23
      31
      25
      27
      29
      33
      39
      29
      28
      24
      30
      42
      34
      21
      17
      34
      33
      18
      29
      41
      31
      33
      37
      41
      29
      41
      37
      40
      56
      37
      53
      45
      54
      67
      51
      41
      61
      50
      59
      63
      62
      80
      80
      97
      74
      93
     104
      94
      81
      98
     126
     144
     130
     110
     134
     137
     120
     160
     129
     140
     157
     153
     143
     145
     131
     143
     138
     180
     140
     122
     121
      96
      99
      85
      77
      80
      73
      71
      63
      74
      51
      64
      67
      50
      50
      50
      40
      44
      46
      41
      39
      39
      49
      38
      51
      43
      42
      42
      50
      49
      51
      49
      46
      57
      57
      58
      54
      59
      56
      42
      47
      60
      59
      61
      61
      71
      76
      61
      84
      77
      74
      73
      69
      72
      81
      81
      82
      76
      86
      91
      90
      93
      82
      77
      76
      91
     100
     104
      80
      88
      89
      97
     111
     103
     111
     103
      87
     100
     116
      94
     114
     121
     128
     152
     120
     108
     118
     131
     125
     117
     111
     147
     149
     168
     149
     135
     153
     151
     150
     152
     170
     194
     155
     160
     175
     175
     165
     178
     190
     183
     191
     210
     161
     215
     212
     209
     222
     198
     230
     232
     222
     235
     269
     226
     268
     286
     278
     285
     294
     334
     343
     371
     346
     363
     427
     456
     506
     555
     643
     684
     805
     911
    1055
    1188
    1500
    1690
    2071
    2399
    2887
    3287
    3650
    4355
    4781
    5238
    5563
    6149
    6485
    6751
    7141
    7379
    7686
    8192
    8638
    9137
    9606
    9780
   10284
   10400
   10684
   10674
   10288
    9935
    9157
    8703
    7959
    7162
    6485
    5905
    5291
    4743
    4023
    3744
    3149
    2767
    2415
    1983
    1666
    1440
    1239
     948
     804
     691
     549
     427
     349
     307
     274
     243
     209
     215
     205
     190
     174
     163
     142
     126
     141
     146
     139
     119
     136
     130
     143
     157
     148
     158
     172
     182
     157
     201
     181
     167
     191
     190
     194
     215
     222
     205
     219
     238
     234
     236
     274
     296
     281
     305
     301
     298
     324
     305
     363
     349
     377
     384
     404
     414
     429
     478
     428
     482
     502
     517
     572
     589
     566
     603
     695
     701
     804
     917
     994
    1190
    1330
    1600
    1817
    2116
    2327
    2584
    2860
    3134
    3305
    3466
    3580
    3571
    3529
    3380
    3294
    3129
    2922
    2708
    2523
    2213
    2076
    1866
    1766
    1580
    1519
    1402
    1278
    1254
    1203
    1175
    1183
    1113
    1192
    1105
    1151
    1102
    1157
    1063
     973
     954
     935
     850
     714
     690
     638
     534
     460
     457
     371
     340
     294
     267
     227
     193
     153
     144
      89
      81
      73
      79
      49
      62
      51
      46
      43
      36
      37
      51
      26
      35
      34
      32
      38
      43
      34
      32
      31
      28
      30
      40
      36
      39
      36
      29
      25
      34
      35
      28
      36
      38
      30
      21
      35
      34
      31
      28
      35
      24
      35
      34
      27
      36
      41
      39
      36
      37
      37
      27
      52
      36
      34
      42
      32
      42
      42
      40
      32
      35
      38
      45
      30
      37
      34
      29
      39
      31
      28
      40
      29
      39
      29
      37
      29
      32
      36
      30
      36
      27
      30
      37
      28
      43
      31
      33
      23
      32
      34
      31
      24
      31
      37
      25
      25
      43
      34
      39
      39
      43
      50
      48
      67
      88
      93
      91
     120
     138
     155
     172
     179
     212
     237
     257
     314
     322
     313
     310
     281
     280
     225
     226
     205
     178
     183
     127
     138
     124
     108
     101
      76
      48
      48
      49
      39
      33
      23
      16
      20
      11
      13
      13
       8
      15
       8
      11
      10
       7
       5
       6
       5
       7
      10
       7
      12
       6
       7
       6
      15
       6
       7
      11
      12
      14
       8
       7
       6
      10
       7
       8
       7
       8
      14
       3
       7
       9
       9
      11
       6
       7
       7
       8
       8
       9
       7
       8
       9
       8
       8
       6
      11
      10
       7
      13
       5
      11
      11
      12
       9
      11
       2
      12
       9
       7
       8
       6
      10
      11
       9
       9
       5
       4
       4
       8
       8
       8
      11
      11
      10
       8
      10
       7
       7
      16
      10
       6
       6
      10
      16
       9
      13
       7
       4
       9
       8
       9
       5
      10
      12
       7
      14
       9
      10
      10
      11
      13
      13
       9
      10
      11
       7
       9
      15
       9
      10
       8
      16
      13
      13
       6
      13
      15
      22
      10
      11
      13
      13
      15
      12
      10
       7
      10
       5
      15
      12
      11
       6
       9
      14
      16
      12
      11
      11
       8
      13
      11
      15
      12
      15
      17
       4
      11
       9
      15
      23
      19
      11
      10
      12
      10
       9
      13
      11
      13
      18
      12
       6
      13
      16
      20
      10
       8
       9
      15
       8
      11
      10
      14
      15
      10
      15
       7
      10
       8
      14
      13
      16
       9
      10
      17
       8
      16
      11
       9
      15
      17
      16
      14
       9
      14
      20
      19
      11
      20
      12
      15
      14
      22
      21
      18
      21
      14
      12
      14
      17
      17
      11
      19
      12
      10
      20
      17
       9
       8
       6
      24
      22
      11
      12
       8
      15
      12
      11
      16
      14
      14
      18
      22
      14
      11
      16
      17
      24
      19
      16
      20
      22
      21
      27
      13
      21
      22
      18
      15
      22
      15
      21
      16
      30
      17
      24
      15
      13
      18
      12
      13
      15
       9
      13
      14
      10
      14
      14
      12
      18
      15
      10
      19
      15
      16
       9
      12
      14
      13
      16
      14
      15
      10
      11
       8
      11
      19
       6
      12
       8
      13
      17
      17
      18
      15
      17
      11
      14
      13
      13
      14
      13
      14
      14
      12
      14
      14
      10
      14
      15
      13
      15
      15
      12
      11
       9
      16
       5
      12
       9
      16
       4
       9
      12
      12
      14
       6
       8
      11
      19
      10
      10
      15
       6
      19
       7
      10
      15
      15
      11
      10
      16
       4
      10
       5
      20
      10
      17
      10
      13
       9
      17
      15
      11
      11
      11
      11
      18
       9
      17
       6
      15
      11
      10
      11
      13
      14
      13
      18
      11
      13
      13
      11
       6
      18
       6
      12
      12
      10
      15
      17
      14
      10
      17
      12
      18
      14
      18
      14
      22
      11
      14
      16
      22
      14
      12
      11
      13
      16
      18
      19
      17
      16
      11
      16
      13
      14
      21
      16
      10
      15
      26
      15
      16
      12
      30
      15
      27
      28
      18
      20
      18
      16
      17
      11
      27
      20
      24
      19
      21
      13
      18
      12
      13
      17
      18
      16
      17
      15
      27
      17
      21
      23
      15
      19
      22
      20
      18
      17
      19
      16
      23
      17
      20
      20
      20
      24
      24
      18
      26
      27
      22
      24
      26
      28
      19
      21
      25
      21
      23
      20
      22
      17
      25
      21
      19
      19
      24
      22
      19
      31
      18
      19
      17
      26
      14
      23
      21
      25
      21
      13
      19
      17
      28
      17
      11
      20
      15
      11
       9
      13
      19
      10
      10
      14
      13
      14
      10
      16
       7
      13
       8
       6
       9
       6
       7
       6
       8
      10
       8
       9
      11
      10
      14
      11
       7
       9
      12
       5
      11
      12
      16
      11
      11
      11
       8
      12
       8
      12
      12
      13
       7
      12
       6
       8
       3
      14
      15
       7
      12
      12
      18
       8
      10
      11
       7
      12
      14
       6
      14
       8
      16
       5
       9
      10
      11
      14
      11
      16
       6
      17
      13
      18
      11
       3
      16
      16
      10
      13
      12
      14
      22
      21
      16
      12
      18
       9
      14
      15
      11
      16
      16
      10
      17
      15
      16
      10
      16
       5
       6
      10
       9
      14
       9
       4
      10
       3
       9
       5
      13
       7
       4
       6
       6
       9
       9
       6
       6
       5
       5
       8
       5
       6
       5
       7
       3
       2
       6
       4
       4
      10
       1
       3
       4
       7
       4
       3
       4
       2
       1
       2
       3
       3
       4
       3
       2
       6
       2
       4
       5
       6
       3
       8
       4
       6
       7
       4
       7
       2
       3
       5
       6
       3
       5
       1
       3
       6
       3
      10
       4
       4
       4
       5
       3
      11
       5
       0
       4
       4
       5
       7
       3
       4
       6
       9
       3
       2
       3
       7
       2
       6
       6
       6
       5
       4
       7
      11
       4
       5
       1
       4
       3
      11
       5
       2
       1
       1
       4
       5
       2
       2
       4
       7
       5
       3
       3
       2
       5
       1
       4
       5
       2
       4
       0
       3
       4
       3
       8
       5
       5
       2
       2
       6
       5
       2
       2
       3
       4
       6
       3
       2
       2
       0
       6
       3
       5
       4
       2
       4
       4
       5
       2
       5
       4
       3
       2
       1
       5
       3
       4
       1
       1
       1
       5
       0
       2
       4
       6
       2
       2
       4
       2
       6
       1
       3
       3
       4
       0
       3
       3
       2
       4
       4
       2
       6
       2
       4
       4
       4
       5
       2
       5
       0
       5
       1
       8
       0
       3
       3
       5
       0
       3
       4
       2
       3
       3
       1
       4
       2
       2
       4
       4
       2
       1
       1
       2
       5
       1
       3
       3
       3
       4
       2
       3
       4
       2
       2
       1
       1
       3
       1
       1
       4
       4
       4
       1
       0
       0
       2
       5
       5
       1
       0
       2
       5
       1
       1
       4
       4
       3
       1
       4
       4
       2
       4
       0
       2
       4
       1
       3
       1
       0
       4
       0
       1
       3
       2
       4
       0
       4
       6
       5
       2
       3
       5
       4
       0
       2
       3
       2
       2
       2
       7
       2
       2
       1
       3
       0
       1
       2
       2
       4
       4
       0
       2
       2
       5
       1
       2
       2
       2
       1
       3
       0
       4
       4
       4
       2
       2
       4
       1
       5
       2
       2
       1
       4
       2
       2
       1
       1
       2
       5
       1
       1
       3
       2
       1
       2
       2
       4
       2
       1
       2
       2
       0
       0
       0
       0
       0
       0
       0
       0
       0
       0
       0
       0
       0
       0
       0
       0
       0
       0
       0
       0
       0
       0
       0
       0
       0
       0
       0
       0
       0
       0
       0
       0
$ROI:
1
11 2032
$PRESETS:
Live Time
100
0
$ENER_FIT:
0.000000 0.024067
$MCA_CAL:
3
0.000000E+000 2.406711E-002 0.000000E+000 keV
$SHAPE_CAL:
3
0.000000E+000 0.000000E+000 0.000000E+000
