$SPEC_ID:
No sample description was entered.
$SPEC_REM:
DET# 2
DETDESC# JLAB-20 MCB 129
AP# Maestro Version 7.01
$DATE_MEA:
02/18/2016 16:10:57
$MEAS_TIM:
100 107
$DATA:
0 2047
       0
       0
       0
       0
       0
       0
       0
       0
       0
       0
       0
       0
       0
       0
       0
       0
       0
       0
       0
       0
       0
       0
       0
       0
       0
       0
       0
       0
       0
       0
       0
       0
       0
       0
       0
       0
       0
       0
       0
       0
       0
       0
       0
       0
       0
       0
       0
       0
       0
       3
      95
      97
      88
      92
      98
      87
     100
     108
      79
      72
      94
      88
      92
      90
      89
      91
      91
      94
      90
      78
      78
      85
      80
      76
      73
      70
      74
      84
      82
      77
      88
      96
      82
      97
      91
      82
      85
      88
      93
      80
      93
      78
      74
      86
      84
      62
      80
      76
      75
      82
      80
      77
      99
      58
      79
      67
      71
      72
      69
      74
      81
      92
      63
      91
      72
      76
      85
      75
      80
      71
      62
      71
      62
      73
      62
      60
      64
      61
      59
      70
      74
      70
      61
      58
      63
      66
      65
      52
      68
      72
      78
      54
      56
      52
      63
      52
      50
      58
      62
      59
      42
      73
      62
      57
      44
      43
      56
      59
      47
      50
      55
      48
      51
      31
      35
      58
      55
      55
      56
      39
      43
      41
      31
      45
      44
      44
      48
      40
      47
      31
      32
      42
      40
      47
      41
      45
      40
      32
      46
      38
      43
      33
      43
      34
      29
      40
      50
      52
      38
      40
      36
      42
      46
      39
      45
      41
      40
      52
      35
      36
      49
      39
      39
      37
      33
      36
      26
      38
      29
      41
      42
      40
      32
      42
      40
      39
      45
      46
      29
      42
      40
      42
      26
      28
      29
      30
      23
      32
      37
      32
      29
      38
      33
      39
      32
      33
      33
      31
      26
      42
      40
      36
      36
      34
      37
      37
      32
      33
      39
      32
      30
      20
      21
      34
      36
      22
      28
      31
      28
      24
      32
      39
      33
      33
      42
      47
      26
      26
      33
      30
      28
      35
      26
      30
      25
      35
      33
      32
      28
      32
      44
      25
      37
      26
      33
      22
      26
      27
      31
      26
      33
      24
      31
      31
      24
      34
      27
      27
      30
      31
      27
      40
      24
      33
      24
      31
      41
      22
      32
      21
      25
      33
      26
      29
      30
      34
      29
      25
      31
      27
      28
      34
      25
      28
      29
      27
      30
      35
      19
      33
      31
      28
      24
      36
      30
      35
      30
      32
      23
      25
      35
      26
      30
      31
      34
      21
      24
      21
      32
      31
      28
      29
      26
      24
      39
      33
      27
      28
      18
      36
      32
      20
      18
      30
      25
      20
      39
      16
      25
      34
      24
      29
      28
      33
      26
      35
      26
      27
      27
      21
      27
      32
      34
      29
      27
      31
      29
      27
      32
      30
      31
      35
      21
      31
      31
      27
      27
      24
      32
      30
      27
      23
      22
      23
      30
      24
      25
      25
      21
      21
      25
      36
      31
      22
      31
      27
      24
      21
      19
      26
      18
      22
      28
      17
      16
      21
      32
      18
      27
      23
      24
      14
      27
      25
      16
      29
      27
      21
      23
      25
      30
      22
      31
      26
      25
      21
      31
      21
      28
      22
      27
      28
      34
      28
      29
      29
      31
      36
      32
      24
      12
      21
      29
      25
      29
      24
      28
      18
      25
      22
      34
      21
      16
      17
      23
      27
      28
      24
      23
      18
      24
      24
      24
      29
      22
      22
      27
      23
      24
      26
      35
      22
      26
      16
      22
      34
      25
      21
      29
      24
      23
      19
      28
      21
      27
      24
      28
      28
      21
      30
      25
      19
      20
      19
      20
      25
      33
      29
      23
      33
      32
      28
      30
      36
      26
      31
      15
      21
      31
      27
      35
      28
      37
      27
      33
      14
      42
      31
      30
      23
      30
      43
      38
      29
      39
      30
      42
      43
      38
      41
      42
      25
      40
      44
      33
      43
      54
      26
      44
      39
      46
      45
      65
      44
      54
      46
      56
      62
      46
      50
      58
      67
      71
      58
      72
      79
      85
      86
      98
      88
     110
     108
     123
     118
     103
     136
     139
     140
     135
     149
     141
     162
     179
     168
     148
     167
     168
     203
     165
     204
     191
     183
     152
     183
     175
     134
     157
     147
     136
     136
     110
     120
     110
      95
      72
      65
      82
      72
      65
      63
      57
      55
      50
      55
      66
      55
      41
      49
      48
      46
      58
      57
      43
      67
      56
      59
      61
      57
      55
      52
      45
      55
      57
      70
      71
      61
      63
      63
      61
      90
      81
      53
      69
      83
      90
      89
      77
      74
      94
      95
      78
      94
      86
      91
      88
      92
     101
      98
      98
     110
      96
     112
     103
     110
     125
     118
     100
     130
     126
     130
     119
     106
     130
     118
     124
     135
     118
     133
     125
     138
     120
     161
     110
     139
     133
     161
     152
     162
     141
     135
     175
     187
     191
     186
     196
     166
     192
     199
     194
     186
     193
     199
     191
     208
     226
     219
     187
     193
     225
     242
     230
     241
     235
     253
     253
     250
     289
     264
     295
     300
     278
     333
     345
     316
     351
     347
     354
     354
     443
     449
     479
     494
     501
     576
     686
     778
     850
     958
    1141
    1300
    1618
    1841
    2120
    2636
    3020
    3636
    4142
    4604
    5361
    5902
    6542
    6916
    7473
    8093
    8477
    8694
    9103
    9663
   10161
   10434
   11224
   11642
   12284
   12750
   12953
   13170
   12878
   12582
   12152
   11329
   10718
    9785
    8890
    7990
    7134
    6384
    5701
    4897
    4308
    3733
    3303
    2802
    2405
    1956
    1672
    1384
    1105
     925
     726
     589
     489
     425
     368
     318
     294
     258
     211
     207
     228
     184
     179
     170
     190
     143
     156
     159
     180
     157
     168
     180
     160
     176
     193
     181
     180
     180
     190
     194
     214
     216
     225
     243
     228
     248
     248
     240
     246
     274
     266
     319
     318
     314
     374
     322
     339
     379
     381
     415
     398
     466
     466
     487
     480
     482
     543
     565
     570
     592
     541
     603
     656
     720
     814
     847
     892
    1026
    1102
    1254
    1501
    1718
    1986
    2226
    2514
    2897
    3111
    3458
    3706
    4005
    4141
    4398
    4398
    4347
    4103
    3993
    3647
    3471
    3222
    2988
    2734
    2428
    2245
    2093
    1952
    1762
    1647
    1581
    1507
    1434
    1460
    1359
    1359
    1334
    1371
    1374
    1361
    1277
    1268
    1150
    1092
     964
     984
     842
     804
     721
     635
     607
     493
     465
     415
     372
     286
     269
     209
     220
     138
     129
     118
      88
      74
      62
      52
      65
      62
      45
      39
      38
      39
      56
      50
      32
      41
      34
      31
      27
      35
      43
      27
      34
      35
      31
      32
      47
      32
      30
      32
      29
      32
      34
      19
      27
      21
      25
      31
      30
      25
      32
      39
      45
      34
      30
      25
      33
      34
      33
      24
      25
      21
      33
      34
      37
      36
      22
      39
      24
      33
      43
      31
      31
      34
      25
      31
      33
      36
      22
      23
      25
      30
      51
      21
      41
      21
      29
      28
      22
      20
      24
      29
      29
      23
      28
      27
      24
      21
      21
      17
      25
      33
      26
      29
      28
      45
      29
      37
      37
      38
      49
      34
      41
      52
      75
      81
     113
     146
     122
     147
     205
     223
     238
     260
     296
     314
     331
     348
     322
     354
     320
     294
     269
     254
     247
     211
     182
     149
     145
     157
     135
     111
      84
      80
      76
      47
      51
      42
      42
      26
      20
      19
      16
      21
      16
       8
      10
      14
       7
       9
      13
      10
       9
       9
      10
      11
      15
      16
      13
      12
      12
      15
      11
       8
      15
       9
      12
       8
      19
      10
      14
      10
       9
      11
       5
       4
      12
      12
       9
      14
      15
       7
      10
      11
      14
      16
      11
       7
      10
      11
       3
      18
      11
      14
      10
      12
      10
       8
      19
      20
      10
      10
      15
      10
      15
      18
      17
      13
      13
       6
      20
      16
       8
      16
      14
       7
      12
      15
      16
      16
      17
      11
      11
      23
      16
       8
      11
      13
      12
      10
      15
      15
      13
      16
      24
      14
       8
      14
      13
      10
      11
      20
      11
      14
      10
      18
      12
      17
      13
      16
      11
      21
      14
      22
      17
      14
      19
      15
      23
      15
      17
      17
       6
      13
      14
      13
      11
      11
      21
      20
      14
      13
      19
      15
      20
      15
      10
      11
      16
      15
      16
      24
      20
      13
      17
      18
      15
      14
      20
      14
      19
      25
      14
      16
      17
      15
      25
      17
      14
      20
      16
      15
      18
      18
      20
      13
      22
      25
      21
      19
      18
      14
      17
      18
      35
      19
      12
      14
      14
      16
      13
      21
       9
      14
      15
      21
      16
      21
      20
      16
      13
      23
      13
      12
      19
      22
      12
      14
      18
      19
      13
      20
      22
      18
      23
      17
      12
      16
      24
      20
      29
      22
      18
      19
      26
      16
      21
      23
      19
      20
      24
      18
      25
      21
      14
      22
      22
      27
      19
      23
      22
      21
      20
      18
      20
      16
      21
      22
      14
      13
      17
      21
      22
      22
      25
      18
      29
      27
      26
      27
      25
      17
      29
      27
      18
      28
      28
      24
      26
      23
      21
      26
      24
      23
      18
      26
      16
      19
      20
      12
      11
      16
      24
      20
      18
      16
      22
      21
      11
      18
      25
      17
      20
      15
      16
      14
      13
      23
      11
      22
      17
      17
      17
      12
      21
      21
      18
      23
      13
      17
      15
      13
      25
      13
      15
      16
      21
      23
      19
      19
      15
      11
      18
      11
      18
      16
      11
      15
      16
      23
      17
      21
      18
      17
      13
      22
      20
      17
      33
      21
      20
      19
      22
      13
      23
      16
      15
      19
      16
      16
      21
      18
      22
      13
      22
      13
      12
      19
      14
      18
      21
      14
      17
      19
      15
      17
      18
      23
      18
      17
      23
      19
      12
      16
      18
      21
      19
      12
      23
      19
      22
      21
      22
      31
      20
      22
      20
      20
      22
      14
      19
      20
      19
      25
      21
      13
      21
      13
      23
      16
      17
      21
      19
      25
      18
      18
      29
      15
      17
      24
      17
      19
      23
      15
      16
      20
      27
      22
      17
      20
      19
      23
      15
      31
      12
      26
      27
      22
      23
      22
      29
      13
      31
      29
      26
      19
      30
      28
      29
      25
      27
      32
      27
      17
      22
      21
      29
      24
      24
      23
      27
      37
      21
      22
      27
      23
      22
      21
      25
      37
      24
      31
      25
      27
      26
      33
      37
      29
      31
      37
      19
      33
      33
      33
      34
      28
      33
      29
      31
      34
      29
      25
      26
      39
      37
      39
      27
      37
      24
      32
      30
      37
      38
      42
      26
      36
      32
      32
      44
      36
      27
      29
      35
      30
      27
      19
      27
      25
      18
      28
      25
      19
      20
      21
      27
      21
      23
      17
      15
      12
      17
      18
      13
       9
      11
       6
      18
      10
      20
      10
      14
       8
      12
      14
      21
      13
      11
      18
      14
      16
      19
       3
      14
      17
      16
       4
      15
      15
      14
      15
      10
      16
       8
       9
      14
      15
      17
      13
      11
      14
      13
      18
      13
      15
      21
       7
      12
      15
      17
      20
      13
      10
      15
      18
      10
      25
      15
      15
      16
      22
      18
      12
      12
      12
      16
      18
      16
      17
      13
      20
      19
      16
      19
      23
      16
      20
      18
      20
      20
      13
      12
      14
      29
      20
      26
      21
      10
      20
      22
      22
      14
       9
      16
      16
      20
      12
      11
      13
      13
       5
       6
       6
      11
      11
       5
       5
       8
       7
       9
       5
       3
       9
       7
      11
       6
       7
      10
       9
       3
       6
      12
       9
       5
       6
       8
       5
       5
       5
       4
       8
       5
       5
       5
       6
       8
       9
       3
       4
       9
       5
       7
       4
       4
       7
      10
       0
       2
       3
       4
       4
       6
       3
       2
       3
       4
       8
       4
       8
       9
       7
       4
       5
       4
       2
       7
       8
       7
       8
       2
       7
       4
       7
       3
       6
       2
       7
       6
       8
       5
       6
       5
      10
       3
       6
       6
       7
       4
       6
       2
       5
       4
       5
       6
       7
       3
       5
       5
       4
       7
       6
       7
       4
       3
       4
       7
       2
       4
       3
       4
       8
       4
       3
       8
       4
       2
       5
       5
       3
       3
       5
       4
       3
       4
       9
       6
       3
       6
       2
       2
       5
       7
       5
       4
       3
       7
       4
       2
       5
       5
       3
       6
       3
       3
       7
       4
       5
       1
       7
       3
       3
       5
       3
       6
       5
       4
       2
       3
       2
       1
       7
       4
       2
       2
       3
       3
       5
       2
       1
       3
       5
       3
       2
       5
       4
       0
       5
       2
       2
       0
       3
       0
       6
       3
       3
       1
       2
       2
       4
       0
       5
       0
       1
       4
       0
       5
       4
       3
       1
       2
       2
       2
       6
       7
       2
       4
       1
       1
       1
       3
       6
       3
       6
       2
       3
       1
       1
       3
       2
       3
       3
       3
       1
       4
       1
       3
       2
       3
       5
       2
       3
       4
       1
       4
       2
       0
       3
       4
       5
       3
       2
       4
       0
       2
       0
       4
       6
       3
       4
       1
       1
       3
       2
       3
       3
       3
       4
       7
       6
       2
       3
       4
       3
       2
       2
       2
       3
       3
       2
       2
       4
       5
       0
       5
       4
       2
       2
       5
       1
       3
       3
       4
       4
       3
       3
       2
       1
       0
       2
       2
       1
       3
       2
       3
       4
       1
       3
       3
       2
       3
       1
       2
       3
       0
       3
       4
       3
       2
       3
       1
       2
       4
       0
       5
       3
       2
       7
       6
       3
       4
       1
       1
       3
       4
       2
       3
       3
       4
       0
       7
       0
       3
       0
       0
       0
       0
       0
       0
       0
       0
       0
       0
       0
       0
       0
       0
       0
       0
       0
       0
       0
       0
       0
       0
       0
       0
       0
       0
       0
       0
       0
       0
       0
       0
$ROI:
1
11 2032
$PRESETS:
Live Time
100
0
$ENER_FIT:
0.000000 0.024067
$MCA_CAL:
3
0.000000E+000 2.406711E-002 0.000000E+000 keV
$SHAPE_CAL:
3
0.000000E+000 0.000000E+000 0.000000E+000
