$SPEC_ID:
No sample description was entered.
$SPEC_REM:
DET# 2
DETDESC# JLAB-20 MCB 129
AP# Maestro Version 7.01
$DATE_MEA:
02/18/2016 15:17:10
$MEAS_TIM:
100 110
$DATA:
0 2047
       0
       0
       0
       0
       0
       0
       0
       0
       0
       0
       0
       0
       0
       0
       0
       0
       0
       0
       0
       0
       0
       0
       0
       0
       0
       0
       0
       0
       0
       0
       0
       0
       0
       0
       0
       0
       0
       0
       0
       0
       0
       0
       0
       0
       0
       0
       0
       0
       0
       2
     134
     118
     144
     125
     118
     122
     119
     120
     131
     117
     136
     110
     119
      99
     134
     121
     120
     128
     107
     119
     124
     100
     103
     121
     108
     102
     119
     110
     101
     113
     103
      96
     101
     109
     107
     109
     121
      92
     104
     114
     118
      97
     134
     119
     103
     124
     100
      96
     112
     121
     106
     105
     111
      97
     131
      98
     115
     100
      96
     121
     100
     107
     123
     105
     122
     114
     107
     104
     108
     120
     108
     113
     112
     108
      89
     100
     103
     121
      97
      91
      97
      88
     106
     112
      99
      96
      72
      97
      86
      92
      81
      73
      94
      64
      78
      66
      81
      76
      82
      75
      68
      65
      78
      74
      82
      62
      72
      68
      66
      65
      59
      66
      74
      64
      58
      67
      72
      48
      66
      61
      73
      66
      63
      65
      53
      48
      41
      53
      54
      57
      52
      56
      60
      60
      69
      61
      60
      56
      54
      60
      42
      55
      59
      57
      58
      52
      56
      60
      57
      50
      58
      54
      59
      56
      44
      41
      65
      46
      58
      43
      45
      70
      34
      62
      41
      49
      46
      47
      49
      57
      54
      45
      52
      44
      63
      52
      51
      48
      46
      57
      52
      41
      58
      49
      57
      58
      56
      44
      47
      45
      55
      43
      40
      54
      46
      43
      43
      45
      46
      46
      46
      41
      50
      55
      57
      48
      53
      50
      51
      48
      45
      43
      44
      46
      60
      48
      48
      39
      45
      38
      43
      45
      53
      50
      44
      42
      40
      57
      46
      42
      42
      52
      36
      41
      39
      47
      44
      52
      45
      48
      45
      51
      46
      44
      43
      48
      49
      53
      44
      45
      36
      45
      50
      43
      48
      43
      39
      43
      38
      55
      40
      36
      45
      43
      45
      49
      51
      39
      32
      40
      36
      41
      39
      47
      48
      37
      33
      35
      40
      35
      33
      41
      39
      43
      35
      31
      29
      39
      41
      40
      45
      28
      38
      54
      35
      45
      39
      36
      38
      45
      45
      36
      39
      48
      39
      44
      44
      52
      45
      40
      36
      36
      33
      38
      39
      48
      30
      32
      49
      45
      35
      30
      43
      31
      47
      34
      31
      42
      33
      41
      46
      32
      30
      31
      47
      42
      33
      45
      43
      43
      36
      46
      52
      46
      49
      39
      21
      40
      30
      32
      37
      40
      43
      35
      40
      38
      35
      42
      40
      32
      34
      46
      28
      37
      40
      36
      26
      45
      39
      27
      38
      28
      27
      36
      43
      39
      33
      23
      42
      30
      42
      38
      31
      32
      37
      40
      40
      33
      35
      35
      37
      50
      34
      40
      45
      32
      29
      30
      24
      46
      38
      49
      46
      37
      40
      37
      26
      35
      35
      32
      40
      29
      38
      37
      44
      30
      38
      34
      40
      36
      26
      35
      35
      31
      45
      32
      31
      40
      34
      34
      37
      30
      37
      38
      31
      34
      32
      34
      41
      36
      45
      37
      36
      37
      40
      37
      33
      21
      46
      31
      30
      40
      32
      30
      46
      38
      34
      37
      34
      27
      43
      25
      38
      42
      31
      36
      26
      43
      31
      34
      37
      37
      37
      38
      41
      38
      36
      48
      43
      41
      33
      37
      33
      49
      31
      40
      32
      33
      32
      34
      46
      41
      49
      50
      46
      42
      42
      38
      40
      48
      48
      44
      44
      34
      54
      52
      39
      43
      57
      62
      60
      43
      58
      69
      68
      57
      72
      85
      71
      80
      61
      82
      70
      84
      97
      78
      89
      75
     103
      77
      99
      87
      95
      78
     118
      97
     118
     107
     133
     134
     136
     154
     159
     163
     179
     187
     180
     183
     232
     216
     189
     224
     241
     239
     233
     237
     247
     241
     257
     264
     280
     272
     246
     243
     226
     233
     192
     191
     207
     169
     161
     147
     136
     134
     119
     120
     100
     100
      79
      78
      77
      98
      94
      83
      76
      72
      75
      68
      73
      82
      73
      81
      81
      69
      75
      83
      84
      73
      87
      88
      86
      75
      85
      78
      96
      93
      87
     106
     119
      87
     106
     106
     115
     110
     118
     134
     122
     129
     102
     120
     147
     135
     140
     140
     166
     141
     145
     127
     164
     149
     178
     147
     185
     182
     175
     137
     173
     155
     182
     174
     173
     179
     186
     186
     197
     175
     197
     190
     213
     182
     181
     201
     203
     200
     223
     227
     190
     222
     237
     187
     230
     253
     246
     243
     255
     290
     253
     283
     266
     316
     282
     259
     257
     311
     300
     290
     293
     299
     304
     337
     354
     311
     355
     354
     415
     338
     362
     388
     403
     395
     379
     425
     429
     489
     498
     508
     485
     523
     596
     618
     657
     707
     811
     878
     930
     998
    1221
    1362
    1586
    1877
    2112
    2506
    3093
    3643
    4094
    4936
    5706
    6430
    7354
    8193
    9124
    9705
   10488
   11190
   11704
   12117
   12747
   13274
   13913
   14682
   15403
   16134
   16586
   17324
   17531
   17662
   17579
   17201
   16474
   15799
   14737
   13438
   12396
   11143
   10106
    9057
    7965
    7009
    6194
    5563
    4753
    4098
    3432
    2978
    2559
    2085
    1582
    1327
    1024
     914
     736
     640
     535
     465
     403
     375
     307
     350
     261
     280
     273
     255
     262
     218
     201
     232
     232
     212
     229
     233
     221
     238
     263
     250
     242
     235
     240
     237
     270
     270
     268
     320
     292
     323
     346
     321
     326
     372
     375
     361
     418
     403
     412
     422
     447
     483
     491
     515
     492
     593
     556
     603
     589
     652
     638
     691
     738
     697
     773
     821
     891
     933
     981
    1018
    1135
    1361
    1502
    1581
    1829
    2118
    2306
    2788
    3067
    3484
    3910
    4195
    4511
    4890
    5041
    5292
    5386
    5228
    5169
    5024
    4697
    4358
    4163
    3829
    3458
    3247
    2910
    2742
    2454
    2293
    2105
    1869
    1955
    1816
    1844
    1785
    1777
    1661
    1581
    1676
    1656
    1589
    1599
    1453
    1347
    1334
    1198
    1059
     980
     926
     768
     743
     671
     558
     508
     428
     373
     345
     285
     261
     210
     169
     159
     117
     106
      86
      82
      84
      55
      56
      35
      66
      45
      64
      44
      51
      30
      39
      51
      31
      47
      43
      33
      37
      51
      45
      36
      45
      30
      36
      43
      39
      35
      29
      37
      31
      37
      41
      47
      41
      44
      41
      47
      33
      33
      24
      37
      42
      42
      43
      35
      39
      42
      38
      33
      33
      35
      32
      32
      37
      39
      35
      45
      31
      30
      31
      35
      28
      27
      34
      40
      44
      27
      31
      36
      32
      36
      30
      29
      46
      32
      36
      40
      36
      25
      29
      25
      32
      30
      38
      35
      34
      38
      37
      37
      33
      35
      39
      41
      40
      45
      55
      53
      52
      64
      75
      88
     139
     147
     141
     181
     207
     233
     286
     287
     341
     374
     398
     365
     381
     372
     376
     374
     303
     304
     282
     238
     228
     218
     195
     146
     144
     127
     112
      94
      77
      67
      72
      56
      36
      31
      26
      31
      16
      26
      20
      17
      18
      11
      19
      19
      18
      23
      17
      21
      16
      14
      22
      16
      25
      11
      19
      16
      14
      20
      13
      20
      12
      19
      20
      16
      22
      18
      25
      20
      24
      25
      15
      23
      28
      16
      16
      20
      23
      21
      19
      15
      20
      16
      25
      13
      19
      29
      19
      21
      15
       8
      13
      21
      16
      23
      18
      26
      14
      15
      24
      16
      16
      25
      19
      16
      27
      21
      20
      26
      23
      22
      13
      28
      18
      25
      27
      23
      26
      24
      35
      18
      22
      16
      20
      18
      20
      24
      17
      23
      16
      23
      23
      15
      24
      31
      17
      25
      30
      22
      23
      27
      28
      21
      27
      39
      34
      27
      27
      26
      36
      25
      20
      39
      26
      20
      27
      28
      30
      36
      28
      34
      30
      22
      30
      15
      26
      31
      26
      27
      31
      38
      25
      22
      31
      17
      25
      20
      25
      19
      22
      24
      28
      27
      23
      35
      21
      30
      34
      36
      28
      23
      19
      33
      27
      34
      25
      23
      21
      34
      23
      19
      26
      28
      37
      28
      28
      37
      32
      25
      31
      23
      29
      20
      27
      21
      23
      23
      26
      25
      28
      23
      32
      32
      28
      25
      20
      28
      32
      29
      29
      30
      30
      33
      17
      25
      25
      35
      31
      33
      23
      31
      32
      41
      31
      34
      31
      41
      30
      39
      37
      35
      40
      41
      25
      33
      25
      36
      34
      39
      34
      41
      36
      22
      23
      27
      27
      17
      29
      26
      31
      37
      27
      40
      28
      34
      38
      45
      37
      32
      36
      37
      38
      45
      29
      39
      36
      36
      41
      33
      29
      38
      52
      41
      47
      36
      36
      39
      40
      33
      38
      32
      22
      37
      24
      28
      34
      36
      30
      26
      35
      28
      40
      33
      35
      37
      28
      36
      24
      33
      31
      29
      26
      25
      23
      28
      24
      34
      25
      19
      32
      26
      33
      31
      27
      23
      28
      27
      34
      27
      20
      34
      21
      28
      27
      42
      33
      37
      29
      30
      34
      27
      30
      31
      47
      28
      33
      28
      34
      26
      31
      32
      32
      28
      29
      33
      31
      34
      32
      29
      23
      30
      32
      34
      42
      34
      29
      29
      33
      38
      34
      30
      31
      37
      39
      27
      25
      28
      33
      30
      35
      36
      30
      34
      30
      33
      36
      26
      28
      35
      37
      36
      37
      25
      36
      33
      30
      35
      29
      47
      36
      27
      30
      30
      31
      45
      36
      28
      22
      35
      34
      39
      28
      38
      43
      35
      38
      32
      35
      42
      33
      36
      31
      31
      28
      41
      33
      36
      40
      33
      42
      33
      37
      36
      42
      35
      43
      43
      37
      53
      37
      33
      51
      27
      46
      37
      32
      42
      42
      53
      34
      34
      53
      44
      35
      46
      44
      43
      40
      30
      39
      43
      28
      41
      37
      35
      44
      46
      36
      49
      27
      41
      40
      51
      40
      31
      38
      45
      45
      42
      47
      39
      55
      48
      45
      40
      49
      44
      51
      55
      62
      45
      47
      58
      45
      42
      58
      51
      60
      54
      45
      50
      56
      53
      68
      56
      54
      64
      48
      59
      62
      65
      77
      64
      55
      62
      44
      53
      50
      46
      41
      48
      44
      47
      41
      31
      45
      30
      35
      29
      38
      32
      30
      23
      38
      24
      26
      32
      28
      22
      19
      22
      17
      28
      21
      17
      23
      26
      30
      29
      18
      12
      20
      25
      12
      21
      16
      29
      23
      19
      18
      15
      17
      20
      18
      21
      22
      31
      19
      16
      27
      20
      15
      18
      17
      21
      26
      23
      17
      15
      19
      16
      25
      25
      18
      27
      33
      21
      30
      24
      21
      24
      26
      23
      24
      22
      22
      27
      26
      31
      30
      26
      31
      29
      22
      31
      28
      37
      37
      26
      33
      28
      26
      26
      29
      26
      29
      35
      31
      27
      37
      28
      26
      33
      36
      35
      25
      27
      23
      29
      29
      22
      23
       7
      19
      22
      20
      21
      13
      15
      18
      16
      11
      16
      17
      13
       9
      10
      12
      12
      11
       9
      12
      16
       7
      11
       9
       7
       6
      10
       7
       5
      10
       9
       9
       5
       6
       7
       7
       7
       4
       8
       9
       7
       4
      12
       4
       2
       6
       5
       5
       7
       5
       7
       4
       7
       6
       5
       5
      11
       4
       6
      10
      11
       7
      12
       4
       6
       8
       8
      13
       1
      13
       9
       8
       8
       6
       6
       8
       9
       8
      12
      11
       5
      11
       8
       3
       9
       8
      10
       6
       9
       4
       6
      10
      12
       6
      13
       3
       7
       9
       5
       8
       4
       7
       9
       6
      11
       6
       4
       5
       3
       2
       8
       5
      12
       4
       4
       4
       8
       3
       8
       9
       6
       9
       7
       8
       6
       4
       1
       3
       3
       5
       6
       4
       6
       9
       3
       4
       7
       7
       3
       2
       9
       3
       2
       5
       6
       4
       2
       6
       6
       1
       4
       3
       6
       1
       3
       1
       6
       4
       6
       4
       3
       5
       1
       0
       3
       4
       2
       2
       1
       6
       4
       3
       6
       6
       1
       2
       2
       1
       4
       2
       5
       4
       4
       4
       7
       2
       2
       2
       6
       3
       6
       4
       3
       5
       2
       3
       2
       2
       3
       4
       3
       3
       3
       2
       1
       0
       1
       1
       1
       0
       2
       6
       0
       2
       9
       1
       7
      10
       7
       3
       4
       8
       5
       6
       2
       2
       2
       4
       3
       2
       3
       4
       4
       2
       4
       0
       4
       4
       1
       0
       2
       2
       3
       3
       5
       3
       2
       2
       4
       1
       4
       5
       4
       2
       3
       5
       2
       6
       4
       5
       3
       4
       4
       1
       4
       2
       5
       1
       1
       4
       4
       5
       2
       4
       1
       3
       4
       4
       3
       1
       1
       4
       7
       5
       3
       4
       1
       4
       3
       1
       4
       3
       7
       2
       5
       3
       0
       0
       1
       0
       3
       4
       2
       8
       1
       3
       4
       2
       2
       2
       3
       1
       1
       2
       3
       2
       3
       1
       3
       1
       4
       5
       1
       1
       2
       1
       2
       3
       3
       3
       2
       3
       2
       4
       0
       0
       0
       0
       0
       0
       0
       0
       0
       0
       0
       0
       0
       0
       0
       0
       0
       0
       0
       0
       0
       0
       0
       0
       0
       0
       0
       0
       0
       0
       0
       0
$ROI:
1
11 2032
$PRESETS:
Live Time
100
0
$ENER_FIT:
0.000000 0.024067
$MCA_CAL:
3
0.000000E+000 2.406711E-002 0.000000E+000 keV
$SHAPE_CAL:
3
0.000000E+000 0.000000E+000 0.000000E+000
