$SPEC_ID:
No sample description was entered.
$SPEC_REM:
DET# 2
DETDESC# JLAB-20 MCB 129
AP# Maestro Version 7.01
$DATE_MEA:
02/18/2016 15:30:19
$MEAS_TIM:
100 106
$DATA:
0 2047
       0
       0
       0
       0
       0
       0
       0
       0
       0
       0
       0
       0
       0
       0
       0
       0
       0
       0
       0
       0
       0
       0
       0
       0
       0
       0
       0
       0
       0
       0
       0
       0
       0
       0
       0
       0
       0
       0
       0
       0
       0
       0
       0
       0
       0
       0
       0
       0
       0
       2
      85
      90
      76
      77
      53
      76
      74
      83
      59
      75
      81
      66
      69
      70
      51
      66
      56
      69
      58
      67
      79
      69
      57
      75
      55
      70
      81
      77
      75
      54
      61
      63
      53
      54
      62
      56
      70
      67
      67
      67
      68
      72
      51
      59
      74
      59
      54
      69
      59
      67
      74
      58
      54
      58
      54
      59
      72
      62
      62
      62
      60
      61
      48
      73
      63
      54
      63
      65
      42
      54
      50
      67
      59
      66
      42
      55
      57
      39
      50
      47
      53
      52
      53
      49
      39
      49
      61
      51
      39
      40
      41
      45
      42
      41
      39
      35
      32
      38
      28
      47
      34
      58
      36
      42
      34
      39
      36
      44
      40
      39
      40
      37
      32
      51
      42
      36
      47
      24
      43
      33
      37
      31
      38
      28
      39
      27
      36
      45
      38
      36
      44
      24
      42
      33
      39
      38
      21
      28
      37
      23
      35
      35
      34
      34
      28
      38
      33
      22
      29
      37
      32
      33
      35
      41
      31
      33
      29
      26
      32
      34
      32
      28
      28
      36
      34
      22
      25
      34
      29
      34
      33
      35
      23
      32
      37
      28
      33
      29
      26
      24
      25
      26
      28
      27
      29
      17
      33
      33
      23
      26
      29
      27
      29
      22
      28
      30
      26
      25
      30
      29
      29
      31
      17
      35
      21
      33
      25
      21
      22
      27
      19
      27
      26
      18
      29
      21
      24
      23
      19
      27
      22
      25
      33
      27
      28
      36
      28
      31
      24
      19
      21
      25
      27
      19
      17
      20
      19
      28
      32
      23
      19
      21
      18
      26
      17
      16
      17
      22
      23
      30
      27
      26
      20
      13
      24
      21
      26
      27
      16
      21
      24
      19
      22
      33
      28
      18
      22
      19
      29
      30
      30
      19
      30
      23
      19
      22
      24
      36
      19
      23
      21
      29
      16
      27
      17
      30
      18
      17
      22
      25
      26
      23
      29
      25
      19
      20
      27
      32
      31
      28
      31
      34
      24
      21
      20
      33
      22
      14
      18
      12
      19
      21
      19
      28
      15
      19
      17
      24
      23
      12
      13
      17
      21
      19
      22
      23
      23
      19
      27
      20
      26
      29
      25
      23
      20
      23
      23
      28
      13
      27
      20
      25
      23
      37
      28
      27
      25
      24
      29
      23
      14
      24
      15
      26
      22
      13
      33
      15
      23
      13
      14
      19
      21
      15
      25
      15
      27
      21
      24
      22
      21
      29
      23
      31
      22
      23
      22
      22
      21
      22
      26
      21
      17
      20
      16
      18
      22
      23
      28
      13
      20
      26
      19
      21
      13
      23
      28
      11
      25
      15
      19
      19
      18
      19
      20
      16
      21
      26
      15
      19
      22
      23
      12
      22
      22
      19
      16
      23
      16
      20
      26
      13
      16
      23
      14
      20
      27
      22
      25
      21
      15
      19
      27
      27
      12
      24
      19
      24
      12
      26
      23
      26
      22
      20
      23
      25
      25
      27
      20
      19
      19
      23
      16
      23
      16
      14
      18
      18
      21
      23
      21
      24
      11
      19
      24
      30
      33
      18
      24
      18
      18
      17
      22
      14
      16
      20
      29
      24
      15
      17
      22
      29
      13
      13
      23
      21
      25
      34
      26
      32
      16
      21
      25
      22
      26
      26
      28
      24
      23
      24
      24
      24
      24
      23
      22
      25
      32
      27
      25
      28
      33
      24
      33
      25
      30
      37
      33
      31
      27
      41
      36
      35
      36
      44
      39
      38
      40
      46
      39
      45
      53
      46
      52
      60
      63
      57
      68
      67
      67
      86
      73
      76
     103
     102
     101
      99
     122
     118
     106
     112
     117
     113
     117
     119
     112
     142
     134
     131
     142
     153
     146
     153
     134
     151
     149
     112
     118
     109
      99
      90
      84
      79
      76
      74
      49
      74
      73
      66
      65
      53
      54
      45
      47
      49
      33
      44
      34
      47
      48
      33
      39
      43
      48
      44
      30
      41
      39
      54
      53
      45
      47
      49
      48
      55
      53
      59
      45
      49
      59
      50
      54
      56
      50
      59
      61
      71
      60
      68
      52
      79
      63
      83
      79
      74
      74
      75
      91
      85
      88
      92
      78
      80
      68
     102
      97
      92
      95
      80
      85
      93
     101
      92
     109
      76
     110
     107
     117
      96
     116
     118
     114
     109
     126
     127
     108
     112
     107
     137
     141
     140
     143
     153
     138
     164
     138
     165
     165
     162
     138
     174
     144
     158
     158
     139
     166
     161
     174
     189
     192
     179
     179
     176
     191
     201
     193
     179
     192
     218
     218
     244
     225
     259
     261
     276
     260
     275
     301
     297
     317
     353
     388
     405
     377
     469
     511
     602
     646
     696
     848
     954
    1137
    1370
    1584
    1877
    2201
    2643
    2944
    3547
    4009
    4635
    5004
    5344
    5767
    6061
    6447
    6946
    6979
    7389
    7880
    8123
    8440
    8920
    9169
    9765
    9780
   10077
    9898
    9709
    9099
    8808
    8180
    7498
    6670
    6272
    5511
    5053
    4328
    3894
    3377
    3012
    2493
    2247
    1864
    1561
    1387
    1107
     942
     737
     612
     476
     429
     356
     300
     243
     245
     230
     203
     178
     159
     159
     154
     131
     144
     130
     116
     152
     143
     150
     136
     141
     134
     148
     150
     147
     156
     181
     149
     143
     189
     162
     188
     209
     199
     181
     225
     215
     248
     245
     210
     244
     278
     255
     248
     279
     277
     315
     318
     321
     354
     346
     366
     400
     389
     387
     434
     424
     430
     475
     474
     500
     521
     545
     544
     670
     732
     813
     850
     996
    1132
    1352
    1476
    1796
    2000
    2370
    2474
    2749
    2975
    3185
    3291
    3408
    3304
    3309
    3405
    3110
    2937
    2766
    2473
    2383
    2144
    2017
    1859
    1589
    1488
    1449
    1341
    1247
    1223
    1102
    1116
    1092
    1029
    1131
    1052
    1088
     956
    1058
     993
     916
     893
     806
     753
     697
     665
     588
     478
     467
     405
     345
     333
     291
     256
     216
     191
     165
     124
      98
      85
      81
      73
      57
      73
      51
      45
      48
      52
      39
      43
      37
      31
      41
      36
      32
      33
      42
      25
      28
      30
      27
      34
      39
      29
      31
      36
      30
      29
      34
      35
      30
      35
      26
      35
      42
      29
      35
      35
      30
      31
      34
      36
      36
      38
      40
      47
      26
      39
      34
      31
      40
      42
      37
      40
      25
      38
      36
      23
      27
      43
      29
      39
      28
      39
      30
      27
      35
      37
      46
      37
      32
      27
      28
      29
      35
      39
      38
      32
      37
      38
      31
      28
      33
      27
      24
      30
      41
      37
      27
      29
      33
      29
      26
      38
      44
      29
      46
      38
      41
      50
      50
      69
      62
      81
     104
      92
     113
     144
     162
     168
     193
     225
     264
     264
     259
     281
     261
     292
     279
     274
     228
     203
     189
     193
     158
     145
     118
     124
     111
      85
      61
      68
      51
      41
      42
      36
      23
      22
      19
      16
      16
      11
       7
       7
      10
      11
       5
       7
      12
       9
       6
      17
       6
       8
       6
      12
       6
       4
      14
       6
       7
       5
      10
       3
       6
       6
       5
       5
      13
       6
      11
      10
       8
       7
       6
       4
       7
       8
       6
       9
       7
       9
      13
       7
       9
       7
       6
       9
       7
       9
       8
      10
       7
      15
       6
       4
      10
       7
       9
       9
       6
       6
       9
       5
       7
       4
      13
       8
       8
       5
       6
      13
      10
       8
       5
       7
       7
       4
       9
       5
       6
      16
      14
      14
      10
      10
       9
       7
       8
      10
      13
      12
       6
      13
      13
      11
      13
       6
      11
      12
       6
       9
      12
       7
      10
      14
       6
      11
      13
      17
      13
       8
      12
      16
      11
      11
       8
       6
      10
      14
       9
       9
      14
      11
       8
      13
      21
      14
      12
       9
      11
      10
       9
       5
      13
      13
      10
       6
      10
      11
      10
      12
       5
      10
       8
      10
       9
       7
       9
      12
      11
      11
      15
       7
      17
       8
      11
      15
      10
      20
      10
       9
      14
       7
      14
       5
      11
      16
       9
       6
      14
       8
       9
      15
       9
      12
      11
      11
      11
      12
      12
      20
      14
      15
      14
       6
       3
      13
      10
      12
      14
      16
      17
      17
      10
      14
      17
      13
      11
      16
      10
       5
      13
      10
      18
      12
      10
      14
      16
      18
      18
      11
      15
       8
      15
      14
      21
      14
      10
      13
      14
      12
       7
      21
      21
      16
      11
      16
      10
       8
      10
      13
      17
      16
       7
      10
      10
      16
      13
      10
      14
      19
      19
      22
      13
      17
      19
      12
      20
      21
      18
      12
      21
      16
      25
      16
      17
      19
      18
      15
      17
      18
      15
      14
      15
      17
      14
      19
      11
      10
      10
       9
      11
      13
      12
      12
       8
      11
      12
      12
      11
      11
      16
      11
       9
      13
      13
       9
      13
      17
      18
      10
       4
      13
      16
      12
      17
      11
       9
      14
       9
      16
       7
      18
      10
      11
      11
      10
      11
       7
      12
      18
      13
      13
      14
      11
      10
      13
      18
      14
       7
       8
      14
      19
      15
       8
      17
      11
       6
      12
      10
       9
       7
       9
      12
      13
      11
      15
       6
       6
      10
      13
      13
      11
       7
      14
       7
      12
      14
       9
      12
      15
       8
      11
       8
       8
      11
      15
      11
      14
       4
      13
       8
      13
      14
      17
       8
      15
      17
      12
      12
       9
      13
      16
      16
      13
      10
      13
      16
       8
      18
      12
      16
      17
      12
      10
      10
      18
      16
      15
      11
      11
      12
       8
      15
      10
      15
      10
      13
      16
      15
      20
      16
      11
      15
      16
       9
       9
      16
       9
       4
      15
      11
      13
      18
      11
      13
      17
       7
      19
      23
      11
      12
      15
      19
      15
      15
      13
      14
      16
      22
      17
      11
      18
      15
      11
      19
      12
      26
      12
      19
      16
      15
      13
      19
      16
      11
      11
      12
      17
      13
      16
      16
      12
      18
      19
      15
      18
      17
      12
      19
      14
      12
      18
      13
      19
      21
      14
      25
      13
      20
      25
      21
      17
      21
      27
      26
      22
      19
      23
      19
      20
      19
      20
      18
      23
      21
      18
      16
      16
      23
      16
      19
      10
      19
      22
      18
      15
      25
      11
      10
      14
      15
      13
      13
       9
       6
      13
       7
       8
      13
       9
       7
       8
       5
       6
      10
       9
       6
      10
       6
       4
       8
       6
      10
      12
       6
       8
       5
      14
       9
      11
       8
       9
       9
      14
       7
      11
       8
      10
      13
      15
      11
       7
       8
      14
      11
      12
      12
       5
       4
       9
       9
       5
       8
       5
       8
      12
       8
      10
       9
       3
      10
       8
      13
      10
       9
      14
      14
      10
      15
       9
       8
       4
       9
       9
      16
      22
       9
       9
      10
      12
      17
      10
      11
      13
      19
      18
      12
       8
      16
      10
      10
      10
       9
       9
       8
      12
       9
      13
       8
      10
      10
      14
      13
       5
      10
       7
      16
      11
       9
       7
       9
       6
       4
       8
       7
       6
       4
       5
       8
       6
       6
      10
       8
       4
       3
       0
       7
       4
       9
       3
       8
       4
       2
       5
       5
       3
       3
       5
       7
       1
       4
       4
       4
       3
       3
       3
       5
       7
       4
       4
       1
       4
       4
       4
       6
       1
       2
       2
       3
       5
       8
       2
       1
       3
       7
       6
       4
       3
       1
       2
       6
       6
       3
       9
       8
       8
       6
       3
       3
       4
       5
       2
       2
       2
       4
       4
       7
       4
       6
       6
       5
       0
       5
       5
       4
       6
       1
       4
       4
       3
       4
       3
       5
       3
       4
       6
       4
       1
       4
       7
       6
       1
       7
       6
       4
       5
       5
       2
       5
       4
       5
       6
       2
       4
       5
       6
       2
       2
       3
       2
       3
       5
       6
       4
       6
       3
       4
       6
       9
       1
       4
       2
       3
       3
       5
       1
       2
       4
       5
       3
       5
       5
       1
       5
       2
       1
       2
       3
       2
       7
       3
       3
       6
       4
       3
       1
       1
       2
       3
       3
       4
       6
       1
       5
       1
       3
       2
       7
       2
       6
       0
       5
       3
       1
       1
       6
       2
       1
       1
       3
       3
       3
       3
       1
       1
       3
       5
       1
       3
       3
       2
       3
       4
       3
       1
       2
       3
       4
       2
       2
       6
       5
       3
       3
       4
       1
       2
       1
       2
       3
       1
       3
       3
       5
       1
       4
       1
       3
       3
       2
       2
       3
       2
       2
       4
       3
       5
       5
       2
       2
       2
       2
       3
       3
       4
       3
       1
       1
       2
       3
       3
       2
       1
       3
       3
       1
       4
       2
       2
       0
       5
       2
       1
       4
       4
       1
       3
       6
       5
       2
       1
       1
       1
       1
       2
       5
       7
       3
       5
       4
       2
       2
       4
       4
       2
       0
       4
       7
       2
       4
       4
       0
       2
       1
       3
       1
       1
       2
       0
       5
       3
       2
       0
       1
       3
       0
       1
       6
       0
       3
       1
       1
       3
       2
       3
       1
       6
       3
       3
       3
       2
       1
       2
       2
       1
       3
       2
       3
       0
       1
       6
       5
       3
       4
       4
       3
       5
       0
       0
       0
       0
       0
       0
       0
       0
       0
       0
       0
       0
       0
       0
       0
       0
       0
       0
       0
       0
       0
       0
       0
       0
       0
       0
       0
       0
       0
       0
       0
       0
$ROI:
1
11 2032
$PRESETS:
Live Time
100
0
$ENER_FIT:
0.000000 0.024067
$MCA_CAL:
3
0.000000E+000 2.406711E-002 0.000000E+000 keV
$SHAPE_CAL:
3
0.000000E+000 0.000000E+000 0.000000E+000
