$SPEC_ID:
No sample description was entered.
$SPEC_REM:
DET# 2
DETDESC# JLAB-20 MCB 129
AP# Maestro Version 7.01
$DATE_MEA:
02/18/2016 14:49:00
$MEAS_TIM:
100 108
$DATA:
0 2047
       0
       0
       0
       0
       0
       0
       0
       0
       0
       0
       0
       0
       0
       0
       0
       0
       0
       0
       0
       0
       0
       0
       0
       0
       0
       0
       0
       0
       0
       0
       0
       0
       0
       0
       0
       0
       0
       0
       0
       0
       0
       0
       0
       0
       0
       0
       0
       0
       0
       1
     101
     129
     124
     134
     103
      98
     125
     115
      92
     117
      97
     101
     105
     108
     112
     111
      94
     104
      89
     101
     113
      86
      86
     116
      96
      81
     105
     105
     104
      96
      87
     102
      98
      98
      98
      92
      98
     106
      89
      89
      95
      92
     100
     101
     100
      80
      87
      92
     109
     108
      89
     100
      78
      85
      94
      84
      92
      75
      96
      82
      70
      89
     108
      89
      96
      83
      71
      71
      79
      74
      89
      77
      74
      82
      71
      82
      72
      71
      84
      73
      64
      69
      68
      53
      85
      56
      66
      80
      58
      59
      54
      64
      55
      56
      58
      57
      52
      54
      57
      56
      52
      65
      63
      79
      76
      55
      54
      55
      54
      71
      55
      62
      60
      62
      46
      41
      44
      61
      41
      56
      54
      73
      56
      40
      41
      52
      57
      61
      52
      45
      40
      50
      50
      55
      62
      53
      53
      54
      49
      48
      41
      45
      51
      36
      46
      40
      44
      43
      33
      46
      40
      54
      59
      44
      40
      38
      35
      31
      56
      52
      58
      40
      37
      43
      53
      57
      39
      48
      32
      38
      41
      53
      41
      43
      48
      42
      55
      44
      43
      39
      45
      59
      41
      48
      49
      39
      49
      46
      34
      38
      33
      39
      32
      35
      29
      30
      38
      40
      34
      47
      31
      36
      35
      37
      34
      34
      33
      37
      27
      45
      41
      40
      46
      41
      32
      29
      39
      39
      40
      32
      39
      39
      43
      35
      27
      32
      33
      41
      43
      38
      37
      45
      41
      31
      40
      31
      36
      33
      29
      37
      42
      31
      39
      41
      35
      30
      45
      36
      26
      33
      37
      44
      27
      31
      35
      40
      33
      45
      28
      41
      38
      36
      33
      40
      29
      41
      35
      38
      35
      38
      41
      34
      37
      36
      35
      39
      32
      32
      36
      35
      39
      33
      35
      40
      22
      38
      31
      34
      28
      39
      30
      30
      41
      28
      24
      31
      41
      30
      41
      30
      34
      30
      25
      34
      28
      41
      23
      27
      35
      35
      31
      25
      42
      36
      31
      29
      36
      36
      34
      25
      20
      25
      30
      27
      33
      29
      32
      45
      31
      32
      31
      21
      47
      30
      30
      30
      32
      50
      31
      33
      40
      25
      37
      47
      27
      28
      24
      21
      26
      30
      34
      35
      36
      28
      32
      29
      34
      28
      35
      30
      24
      28
      15
      33
      24
      33
      30
      35
      30
      25
      22
      21
      39
      29
      32
      32
      24
      26
      36
      32
      35
      19
      32
      25
      32
      30
      30
      31
      30
      29
      29
      38
      32
      29
      31
      34
      27
      28
      34
      23
      29
      24
      33
      30
      29
      31
      34
      24
      36
      24
      22
      24
      37
      31
      27
      32
      42
      26
      35
      28
      22
      35
      25
      31
      25
      28
      33
      29
      35
      36
      29
      31
      34
      35
      25
      29
      26
      27
      24
      27
      26
      30
      35
      28
      29
      30
      38
      26
      30
      29
      30
      35
      24
      33
      18
      21
      23
      29
      44
      31
      28
      17
      29
      24
      31
      41
      37
      35
      33
      26
      42
      24
      27
      41
      42
      40
      32
      32
      34
      31
      33
      19
      34
      31
      33
      43
      46
      34
      34
      34
      26
      22
      46
      38
      37
      38
      34
      21
      40
      30
      41
      44
      39
      39
      44
      48
      40
      36
      37
      42
      41
      46
      57
      43
      50
      49
      56
      42
      73
      58
      62
      53
      59
      54
      64
      55
      68
      71
      51
      58
      81
      73
      61
      77
      87
      84
      94
      88
     113
     118
     115
     119
     140
     128
     163
     154
     168
     163
     159
     188
     177
     143
     200
     175
     215
     179
     224
     191
     214
     225
     197
     211
     237
     200
     204
     198
     196
     176
     169
     134
     125
     122
     108
     102
     100
      91
      76
      90
      75
      80
      88
      61
      64
      54
      57
      69
      72
      56
      73
      65
      51
      65
      74
      74
      61
      49
      74
      70
      73
      77
      79
      53
      85
      62
      65
      73
      79
      88
      94
      77
      88
      89
      79
      90
      86
     104
     123
     107
      96
     110
     102
     110
     116
     116
     122
     106
     110
     120
     126
     128
     139
     139
     137
     152
     141
     150
     151
     145
     153
     134
     157
     132
     162
     172
     154
     154
     140
     149
     155
     152
     142
     165
     154
     157
     196
     189
     166
     149
     205
     205
     197
     235
     182
     215
     208
     201
     248
     227
     251
     262
     240
     265
     235
     253
     248
     285
     255
     262
     259
     262
     270
     275
     289
     263
     307
     324
     299
     304
     331
     332
     380
     352
     341
     402
     408
     410
     420
     474
     459
     492
     532
     574
     627
     707
     783
     887
     957
    1078
    1299
    1537
    1740
    2097
    2442
    2701
    3332
    3987
    4553
    5246
    6079
    6740
    7473
    8209
    8694
    9130
    9708
   10086
   10584
   11085
   11763
   12425
   12876
   13330
   13871
   14480
   14716
   14849
   14843
   14500
   14049
   13203
   12247
   11436
   10524
    9379
    8538
    7469
    6703
    6169
    5281
    4510
    4068
    3340
    2833
    2560
    1976
    1676
    1426
    1157
     904
     722
     648
     552
     431
     370
     367
     312
     306
     258
     239
     196
     227
     208
     224
     187
     180
     193
     181
     197
     212
     174
     199
     187
     208
     200
     219
     241
     233
     237
     233
     208
     262
     227
     270
     263
     245
     266
     312
     298
     323
     309
     345
     370
     375
     374
     408
     423
     456
     413
     474
     452
     475
     499
     586
     520
     581
     588
     623
     638
     601
     747
     699
     769
     829
     880
     989
    1071
    1176
    1350
    1516
    1754
    2036
    2334
    2702
    2990
    3374
    3577
    4200
    4293
    4440
    4593
    4635
    4579
    4523
    4226
    4206
    3867
    3558
    3287
    3072
    2898
    2518
    2265
    2152
    2020
    1921
    1784
    1687
    1542
    1580
    1498
    1510
    1482
    1500
    1395
    1497
    1421
    1394
    1305
    1276
    1142
     963
     986
     838
     843
     683
     661
     620
     517
     408
     380
     350
     310
     220
     210
     181
     140
     134
     106
      86
      74
      85
      47
      55
      53
      49
      50
      44
      31
      36
      35
      47
      36
      35
      45
      49
      28
      31
      29
      39
      25
      45
      36
      35
      34
      31
      29
      38
      26
      32
      36
      29
      38
      34
      36
      47
      37
      27
      39
      37
      54
      39
      37
      37
      37
      36
      46
      33
      44
      38
      32
      34
      34
      37
      42
      44
      45
      38
      42
      46
      34
      29
      37
      39
      45
      51
      40
      30
      51
      35
      34
      32
      27
      31
      29
      30
      35
      45
      43
      27
      28
      27
      30
      51
      32
      36
      33
      33
      36
      35
      40
      40
      34
      37
      42
      37
      35
      55
      51
      53
      75
      82
      86
     108
     125
     171
     176
     213
     224
     250
     271
     300
     374
     353
     346
     356
     328
     323
     302
     272
     294
     208
     180
     183
     166
     143
     128
     113
     109
      85
      71
      60
      46
      51
      31
      27
      25
      26
      18
      11
      15
      18
      12
      13
       7
      19
       8
       9
       9
      13
      14
      10
       9
      15
      12
      16
      12
      15
      21
      15
      10
      17
      11
      16
      14
      15
      16
      16
      12
      17
       8
       9
      17
      17
      13
      17
      17
      10
      18
      20
      16
      17
      13
      11
      21
      18
      19
      13
      14
      14
      11
      11
      18
      19
      13
      14
      14
      14
      18
      15
      17
      12
      19
      14
      16
      17
      17
      13
      16
      20
      19
      16
      18
      17
      17
      10
      20
      23
      10
      30
      17
      14
      10
      22
      22
      17
      25
      10
      17
      14
      13
      16
      16
      17
      16
      15
      11
      15
      12
      12
      21
      19
      20
      15
      36
      16
      16
      26
      15
      14
      21
      22
      15
      23
      28
      19
      15
      19
      13
      18
      23
      14
      17
      18
      12
      19
       9
      18
      16
      27
      19
      16
      21
      23
      25
      20
      21
      16
      28
      17
      31
      20
      18
      18
      14
      20
      21
      14
      20
      19
      15
      16
      18
      22
      22
      23
      21
      38
      14
      16
      17
      16
      19
      30
      13
      22
      26
      11
      19
      25
      15
      19
      16
      21
      26
      23
      18
      23
      25
      21
      21
      21
      21
      14
      30
      18
      25
      12
      18
      20
      14
      23
      22
      24
      17
      29
      20
      26
      21
      23
      18
      22
      20
      24
      27
      21
      35
      27
      25
      19
      30
      32
      31
      29
      23
      28
      34
      38
      26
      25
      21
      33
      33
      20
      28
      22
      25
      22
      17
      16
      17
      29
      22
      22
      27
      18
      17
      26
      28
      13
      27
      29
      31
      25
      38
      32
      35
      23
      27
      25
      35
      27
      28
      26
      34
      30
      28
      28
      19
      25
      28
      21
      25
      20
      23
      15
      22
      17
      23
      20
      20
      24
      30
      27
      24
      31
      26
      14
      18
      20
      26
      16
      28
      22
      29
      30
      20
      25
      20
      17
      16
      18
      16
      25
      24
      18
      27
      24
      23
      25
      26
      16
      15
      20
      29
      19
      23
      32
      23
      21
      26
      15
      25
      23
      22
      20
      23
      26
      24
      29
      21
      21
      26
      13
      16
      22
      23
      31
      33
      22
      21
      24
      17
      22
      22
      31
      29
      18
      27
      28
      19
      25
      26
      25
      24
      30
      25
      21
      24
      25
      19
      12
      17
      24
      26
      18
      22
      21
      23
      27
      26
      25
      29
      25
      27
      33
      30
      26
      23
      15
      21
      17
      25
      27
      28
      35
      28
      25
      23
      18
      22
      32
      26
      29
      31
      21
      34
      26
      27
      32
      21
      24
      19
      26
      34
      33
      37
      21
      18
      22
      18
      26
      25
      31
      34
      29
      33
      32
      26
      32
      26
      30
      31
      22
      26
      21
      41
      27
      32
      28
      29
      22
      33
      34
      26
      30
      27
      31
      32
      26
      25
      27
      43
      35
      28
      30
      18
      33
      29
      29
      35
      27
      23
      32
      32
      40
      25
      29
      45
      32
      28
      34
      29
      35
      35
      41
      45
      39
      30
      34
      39
      33
      39
      42
      43
      54
      37
      37
      40
      32
      38
      47
      55
      46
      47
      41
      46
      52
      58
      45
      37
      48
      43
      38
      47
      50
      34
      39
      48
      33
      33
      27
      41
      19
      25
      26
      22
      37
      29
      20
      24
      33
      19
      15
      23
      27
      17
      16
      15
      17
      21
      16
      17
      14
      16
      15
      23
      13
      19
      12
      20
      12
      19
      13
      23
      16
      10
      19
      17
      19
      12
      15
      16
      18
      16
      20
      13
      13
      23
      15
      12
      15
      20
      13
      27
      25
      18
      15
      15
      15
      17
      15
      26
      20
      22
      11
      21
      23
      21
      25
      18
      23
      19
      20
      12
      21
      19
      16
      17
      24
      20
      20
      21
      16
      14
      21
      26
      25
      20
      16
      21
      31
      29
      18
      33
      25
      22
      30
      26
      15
      24
      23
      20
      25
      29
      27
      23
      20
      24
      22
      17
      19
      12
      18
      13
      24
      15
      13
      11
      14
      10
       5
       7
      12
      12
      10
      12
      12
       7
       6
       9
      10
       6
       7
       5
       6
       6
       3
       7
       5
       5
       3
       6
       5
       7
       5
      10
       5
       2
       5
       7
       7
       2
       8
       2
       7
       4
       8
       3
       4
       8
       4
       5
       7
       2
       4
       6
       4
       6
       7
       8
       4
       7
       7
       5
       7
       6
      10
       8
       2
       4
       9
       5
       4
       8
       2
       4
       4
       9
       5
       8
       6
       8
       5
       3
       5
       4
       9
       4
      12
       3
       3
       4
      11
       8
       5
       3
       4
      13
       5
       3
       4
      11
       8
       4
       7
       3
      11
       6
       5
       7
       3
       5
       9
       4
       8
       4
       5
       8
       3
       4
       1
       5
       4
       7
       6
       6
       4
       6
       3
       5
       5
       8
       4
       0
       6
       2
       6
       1
       3
       3
       6
      10
       5
       5
      10
       7
       1
       4
       6
       1
       2
       5
       5
       3
       3
       3
       2
       2
       1
       6
       2
       3
       2
       4
       3
       2
       7
       3
       3
       1
       1
       2
       2
       5
       3
       4
       2
       7
       4
       2
       1
       5
       3
       3
       4
       1
       1
       4
       4
       2
       4
       5
       3
       3
       4
       2
       1
       5
       4
       5
       4
       1
       1
       6
       8
       4
       1
       3
       3
       4
       3
       1
       2
       1
       3
       3
       5
       1
       1
       7
       4
       1
       7
       2
       2
       3
       1
       2
       1
       2
       3
       6
       3
       4
       2
       4
       2
       3
       1
       4
       2
       3
       2
       1
       6
       2
       4
       5
       0
       3
       2
       6
       3
       1
       2
       3
       7
       2
       3
       1
       2
       3
       3
       1
       4
       7
       9
       0
       2
       4
       3
       4
       4
       2
       2
       4
       6
       5
       2
       3
       4
       4
       1
       0
       2
       4
       3
       0
       1
       4
       4
       2
       2
       4
       3
       4
       1
       3
       4
       8
       4
       3
       2
       6
       1
       7
       3
       0
       2
       3
       1
       1
       2
       6
       4
       5
       3
       4
       2
       2
       3
       1
       3
       1
       1
       3
       3
       1
       3
       2
       4
       2
       2
       3
       4
       3
       0
       0
       0
       0
       0
       0
       0
       0
       0
       0
       0
       0
       0
       0
       0
       0
       0
       0
       0
       0
       0
       0
       0
       0
       0
       0
       0
       0
       0
       0
       0
       0
$ROI:
1
11 2032
$PRESETS:
Live Time
100
0
$ENER_FIT:
0.000000 0.024067
$MCA_CAL:
3
0.000000E+000 2.406711E-002 0.000000E+000 keV
$SHAPE_CAL:
3
0.000000E+000 0.000000E+000 0.000000E+000
