$SPEC_ID:
No sample description was entered.
$SPEC_REM:
DET# 2
DETDESC# JLAB-20 MCB 129
AP# Maestro Version 7.01
$DATE_MEA:
02/18/2016 14:44:15
$MEAS_TIM:
100 109
$DATA:
0 2047
       0
       0
       0
       0
       0
       0
       0
       0
       0
       0
       0
       0
       0
       0
       0
       0
       0
       0
       0
       0
       0
       0
       0
       0
       0
       0
       0
       0
       0
       0
       0
       0
       0
       0
       0
       0
       0
       0
       0
       0
       0
       0
       0
       0
       0
       0
       0
       0
       0
       5
     118
     140
     123
      97
     124
     127
     121
     101
     102
     108
     106
      87
     106
      97
     100
      82
      99
     110
     107
     101
     108
      97
     109
      76
      89
     100
     104
     101
     117
      96
      95
      95
      93
      94
      72
      99
     111
     106
      81
      87
      87
      93
     100
     106
      98
     113
      91
     107
      98
      76
      84
      88
      78
      97
      85
      97
      85
      93
      80
      88
     101
      97
     104
      90
      77
     100
      87
      98
      81
      84
      88
      76
      87
      68
      75
      89
      83
      75
      72
      86
      74
      89
      84
      76
      74
      67
      74
      81
      61
      79
      75
      63
      78
      76
      59
      76
      60
      60
      73
      51
      49
      46
      53
      50
      64
      61
      55
      53
      42
      53
      57
      44
      67
      58
      59
      49
      53
      42
      59
      46
      48
      47
      43
      65
      60
      50
      44
      64
      62
      48
      65
      56
      53
      50
      40
      54
      47
      52
      46
      45
      46
      41
      36
      45
      40
      36
      55
      47
      51
      50
      52
      43
      40
      54
      37
      51
      53
      63
      33
      41
      50
      44
      37
      43
      43
      53
      37
      56
      46
      37
      58
      38
      54
      49
      43
      49
      41
      56
      43
      56
      37
      47
      49
      41
      41
      31
      41
      40
      40
      46
      38
      40
      34
      39
      35
      41
      37
      38
      34
      49
      39
      26
      38
      41
      40
      36
      38
      46
      32
      40
      41
      34
      36
      38
      41
      48
      29
      43
      40
      29
      32
      52
      35
      45
      30
      34
      44
      32
      33
      32
      26
      46
      34
      40
      33
      42
      44
      50
      28
      45
      43
      33
      34
      30
      55
      41
      38
      35
      44
      35
      48
      45
      41
      29
      34
      37
      32
      22
      46
      36
      36
      39
      49
      36
      33
      44
      36
      25
      42
      28
      29
      33
      26
      38
      43
      28
      36
      46
      26
      38
      34
      30
      48
      25
      40
      41
      34
      33
      38
      29
      33
      25
      27
      27
      40
      26
      38
      41
      41
      32
      29
      36
      40
      33
      35
      40
      47
      46
      41
      23
      35
      32
      36
      38
      27
      35
      31
      30
      31
      30
      29
      37
      34
      43
      23
      28
      31
      30
      26
      27
      42
      27
      39
      25
      19
      35
      44
      31
      33
      37
      49
      33
      39
      35
      25
      29
      45
      38
      49
      39
      33
      39
      30
      35
      32
      36
      31
      35
      45
      31
      40
      32
      24
      30
      27
      31
      27
      29
      45
      44
      36
      32
      39
      26
      32
      26
      28
      37
      27
      32
      36
      36
      28
      36
      32
      24
      32
      38
      26
      42
      30
      28
      30
      40
      27
      29
      32
      37
      40
      28
      29
      37
      37
      32
      22
      27
      28
      34
      31
      22
      28
      29
      21
      37
      35
      25
      32
      39
      34
      28
      35
      30
      28
      35
      38
      29
      33
      42
      38
      34
      37
      24
      26
      29
      40
      40
      29
      31
      37
      28
      26
      32
      30
      37
      24
      24
      32
      42
      29
      34
      35
      35
      28
      30
      38
      27
      37
      40
      37
      37
      32
      32
      36
      29
      27
      28
      26
      35
      41
      37
      40
      27
      33
      24
      26
      27
      31
      29
      33
      24
      29
      26
      45
      33
      33
      42
      29
      20
      32
      34
      25
      29
      27
      34
      44
      40
      45
      36
      42
      40
      35
      35
      42
      37
      46
      42
      41
      49
      44
      47
      57
      34
      55
      64
      54
      63
      52
      49
      60
      54
      62
      63
      60
      64
      79
      72
      71
      66
      84
      86
      75
      82
      85
      84
      88
      97
      98
      99
     108
     114
     134
     147
     154
     138
     140
     167
     163
     173
     179
     174
     181
     175
     192
     195
     199
     209
     211
     197
     211
     214
     244
     228
     218
     198
     203
     177
     187
     155
     183
     170
     159
     146
     100
      97
     101
      99
      95
      83
      79
      91
      68
      77
      74
      74
      68
      67
      65
      80
      63
      86
      77
      65
      78
      83
      58
      74
      74
      65
      79
      69
      64
      72
      79
      84
      70
      95
      88
      89
      93
      92
      88
     101
     109
      89
      84
     129
     112
     100
     132
      95
     125
     110
     122
     134
     107
     143
     141
     144
     112
     125
     123
     120
     145
     142
     146
     162
     169
     148
     168
     165
     160
     143
     183
     146
     159
     167
     173
     164
     171
     155
     187
     176
     187
     163
     187
     164
     208
     192
     187
     195
     212
     215
     206
     231
     217
     218
     255
     247
     239
     258
     264
     284
     256
     258
     267
     245
     280
     283
     268
     271
     273
     289
     320
     334
     355
     304
     333
     358
     354
     354
     363
     391
     381
     397
     470
     460
     496
     513
     498
     565
     547
     598
     630
     739
     791
     926
    1046
    1219
    1430
    1673
    1919
    2204
    2537
    3038
    3567
    4190
    5053
    5599
    6352
    7153
    7818
    8429
    9188
    9907
   10134
   10718
   11245
   11729
   12319
   12870
   13745
   14143
   14755
   15266
   15559
   15778
   15917
   15393
   14939
   14160
   13291
   11967
   11154
   10065
    9145
    8061
    7188
    6321
    5745
    4842
    4291
    3801
    3153
    2706
    2314
    1899
    1553
    1279
     988
     811
     695
     532
     460
     418
     363
     303
     292
     284
     243
     234
     207
     210
     241
     204
     190
     206
     209
     183
     203
     228
     208
     220
     209
     218
     218
     208
     248
     241
     263
     259
     265
     279
     281
     253
     291
     278
     331
     343
     309
     317
     362
     348
     377
     395
     412
     407
     418
     454
     500
     444
     476
     537
     545
     580
     572
     652
     608
     681
     727
     737
     714
     828
     885
     898
     979
    1100
    1301
    1403
    1620
    1939
    2139
    2498
    2814
    3158
    3522
    3914
    4198
    4444
    4670
    4828
    4930
    4890
    4744
    4548
    4281
    4011
    3881
    3551
    3272
    3003
    2658
    2516
    2260
    2138
    1940
    1869
    1832
    1670
    1608
    1594
    1591
    1545
    1589
    1549
    1485
    1411
    1491
    1307
    1271
    1211
    1095
    1018
     918
     838
     784
     671
     606
     519
     469
     429
     367
     286
     277
     229
     205
     162
     101
     122
      92
      81
      86
      71
      71
      67
      63
      46
      52
      45
      36
      45
      49
      41
      33
      41
      39
      55
      49
      33
      35
      36
      45
      33
      39
      42
      40
      39
      33
      36
      40
      35
      36
      40
      50
      35
      31
      35
      33
      43
      45
      40
      41
      36
      37
      41
      48
      39
      53
      36
      35
      27
      28
      31
      37
      42
      33
      46
      39
      29
      35
      39
      41
      37
      46
      37
      21
      41
      45
      28
      37
      28
      33
      36
      23
      32
      45
      40
      32
      32
      29
      36
      37
      29
      36
      29
      46
      26
      34
      21
      33
      26
      36
      37
      44
      32
      43
      49
      65
      52
      55
      62
      78
     110
     112
     121
     159
     210
     231
     228
     297
     311
     304
     360
     365
     359
     331
     372
     318
     282
     277
     252
     186
     219
     198
     189
     145
     134
     124
     103
      87
      86
      59
      62
      37
      36
      22
      28
      16
      27
      25
      18
      16
      11
      13
      21
       7
      11
       6
      14
      18
       9
      19
      18
      17
      18
      13
      20
      16
      21
      15
      18
      13
      11
      18
      14
      20
      12
      23
      19
      17
      11
      17
      14
      12
      18
      17
      17
      23
      13
      19
      21
      16
      10
      20
      16
      11
      21
      19
      15
      20
      17
      16
      15
      18
      13
      17
      16
      18
      19
      22
      12
      18
      20
      22
      28
      21
      20
      20
      15
      18
      21
      17
      21
      16
      18
      13
      12
      16
      19
      17
      12
      18
      15
      21
      17
      22
      16
      19
      20
      23
      19
      12
      26
      22
      19
      26
      19
      15
      10
      24
      15
      18
      18
      20
      20
      31
      25
      20
      27
      15
      26
      18
      22
      22
      27
      19
      30
      23
      19
      24
      24
      27
      29
      31
      17
      27
      23
      26
      21
      26
      21
      16
      34
      17
      23
      14
      18
      18
      14
      29
      21
      23
      28
      19
      18
      25
      27
      21
      20
      25
      24
      13
      26
      21
      17
      16
      28
      25
      25
      25
      24
      26
      18
      23
      27
      28
      19
      26
      19
      22
      27
      19
      25
      15
      28
      20
      19
      26
      20
      26
      23
      19
      19
      27
      30
      30
      23
      33
      25
      24
      17
      21
      23
      27
      32
      13
      23
      24
      18
      21
      16
      24
      27
      24
      27
      29
      21
      32
      36
      29
      29
      37
      37
      37
      24
      33
      29
      34
      34
      26
      26
      26
      40
      22
      26
      21
      34
      26
      33
      29
      31
      24
      21
      29
      30
      26
      19
      42
      26
      34
      29
      36
      32
      25
      28
      24
      32
      30
      25
      35
      26
      39
      29
      25
      28
      23
      31
      37
      30
      27
      35
      25
      23
      33
      20
      27
      23
      15
      23
      20
      12
      23
      29
      25
      28
      26
      28
      27
      20
      25
      19
      24
      31
      24
      18
      23
      32
      39
      24
      28
      22
      28
      29
      25
      27
      24
      33
      26
      32
      17
      24
      27
      25
      23
      29
      23
      19
      28
      33
      24
      27
      33
      29
      25
      25
      27
      30
      21
      20
      23
      22
      27
      24
      32
      28
      27
      22
      23
      28
      29
      23
      28
      33
      25
      21
      22
      27
      33
      23
      22
      21
      21
      22
      12
      31
      27
      26
      25
      22
      17
      27
      24
      35
      24
      36
      19
      18
      33
      28
      40
      20
      31
      32
      36
      34
      23
      34
      34
      29
      30
      38
      29
      31
      27
      32
      21
      24
      20
      21
      25
      28
      25
      34
      27
      32
      34
      38
      22
      24
      24
      33
      40
      18
      19
      30
      41
      29
      18
      29
      29
      36
      34
      32
      37
      30
      39
      37
      30
      38
      25
      30
      27
      30
      24
      27
      30
      28
      47
      25
      34
      40
      34
      35
      40
      36
      43
      37
      35
      35
      41
      33
      24
      42
      34
      36
      36
      31
      32
      35
      40
      26
      27
      33
      32
      35
      47
      42
      38
      39
      40
      33
      34
      31
      31
      47
      43
      38
      29
      39
      51
      39
      43
      39
      60
      45
      40
      46
      54
      41
      43
      51
      53
      43
      48
      54
      58
      41
      58
      50
      55
      44
      49
      42
      52
      47
      47
      48
      40
      49
      39
      37
      41
      39
      51
      31
      34
      36
      37
      37
      25
      30
      22
      26
      22
      21
      25
      19
      18
      20
      23
      24
      14
      14
      19
      15
      24
      20
      21
      20
      18
      16
      16
      11
      18
      23
      18
      13
      14
      26
      17
      16
      17
      14
       8
      18
       9
      16
      21
       9
      15
      19
      23
      18
      18
       8
      19
      22
      18
      14
      20
      14
      21
      18
      17
      18
      18
      24
      15
      18
      23
      16
      20
      16
      21
      21
      21
      13
      17
      14
      15
      22
      24
      24
      16
      19
      15
      25
      23
      20
      26
      36
      25
      20
      27
      23
      31
      20
      26
      27
      18
      35
      33
      19
      23
      20
      15
      21
      23
      21
      20
      17
      20
      22
      27
      14
      10
      15
      11
      15
      23
      12
      22
      16
      10
      12
       8
      17
      10
      12
       7
      10
      12
       9
      11
      11
       9
       5
       8
       7
       5
       6
      10
       6
       8
       8
       7
       2
       3
       5
       4
       6
       4
       8
       3
       3
      10
       4
       7
       6
       5
       3
       2
       1
       3
       4
      10
       4
       6
       8
       9
       4
       2
       5
      10
       6
       3
       5
       9
       3
       3
       7
       7
       3
       8
       7
       5
       5
       6
       8
       8
       7
      10
       4
       4
      11
       3
       6
      10
       7
      10
       6
       6
       6
      10
       7
       6
       4
       6
       5
       6
       7
       3
       6
       9
       7
       5
       4
       7
      10
       8
      12
       7
       5
       5
       4
       8
       8
       1
       5
       7
       2
       3
       2
       9
       5
       6
       3
       6
       3
       2
       6
       2
       2
       4
       6
       1
       7
       3
       1
       5
       5
       4
       0
       4
       8
       4
       6
       0
       2
       1
       2
       3
       0
       3
       4
       5
       7
       2
       4
       5
       5
       4
       4
       4
       3
       4
       2
       1
       0
       1
       9
       4
       6
       5
       6
       3
       4
       2
       2
       2
       2
       4
       1
       6
       1
       4
       3
       3
       1
       5
       4
       3
       0
       2
       3
       2
       2
       2
       7
       0
       3
       3
       1
       3
       3
       2
       3
       1
       4
       6
       5
       2
       2
       1
       3
       4
       4
       4
       3
       2
       3
       2
       6
       3
       0
       1
       4
       3
       3
       4
       2
       2
       3
       3
       8
       2
       2
       3
       5
       5
       3
       2
       4
       4
       2
       3
       4
       2
       6
       3
       3
       1
       5
       7
       5
       5
       2
       3
       4
       1
       1
       3
       6
       7
       3
       1
       4
       2
       4
       2
       1
       4
       3
       2
       5
       2
       1
       1
       3
       3
       3
       7
       0
       0
       3
       8
       0
       2
       4
       3
       3
       4
       3
       2
       5
       2
       2
       0
       2
       5
       1
       2
       6
       3
       1
       3
       5
       3
       1
       3
       1
       2
       2
       2
       3
       3
       0
       3
       1
       0
       4
       1
       2
       1
       0
       3
       2
       3
       0
       0
       1
       2
       4
       4
       5
       1
       2
       0
       0
       0
       0
       0
       0
       0
       0
       0
       0
       0
       0
       0
       0
       0
       0
       0
       0
       0
       0
       0
       0
       0
       0
       0
       0
       0
       0
       0
       0
       0
       0
$ROI:
1
11 2032
$PRESETS:
Live Time
100
0
$ENER_FIT:
0.000000 0.024067
$MCA_CAL:
3
0.000000E+000 2.406711E-002 0.000000E+000 keV
$SHAPE_CAL:
3
0.000000E+000 0.000000E+000 0.000000E+000
