$SPEC_ID:
No sample description was entered.
$SPEC_REM:
DET# 2
DETDESC# JLAB-20 MCB 129
AP# Maestro Version 7.01
$DATE_MEA:
02/18/2016 16:42:52
$MEAS_TIM:
100 106
$DATA:
0 2047
       0
       0
       0
       0
       0
       0
       0
       0
       0
       0
       0
       0
       0
       0
       0
       0
       0
       0
       0
       0
       0
       0
       0
       0
       0
       0
       0
       0
       0
       0
       0
       0
       0
       0
       0
       0
       0
       0
       0
       0
       0
       0
       0
       0
       0
       0
       0
       0
       0
       4
      73
      85
      76
      76
      98
      81
      74
      57
      72
      76
      70
      72
      64
      83
      86
      66
      70
      66
      90
      63
      50
      64
      85
      85
      59
      73
      77
      69
      70
      60
      74
      72
      68
      90
      71
      64
      79
      60
      73
      74
      60
      62
      86
      69
      72
      63
      75
      76
      71
      63
      64
      77
      65
      69
      68
      72
      61
      61
      73
      42
      69
      61
      66
      53
      70
      48
      49
      63
      45
      52
      61
      58
      58
      66
      52
      55
      52
      54
      40
      67
      51
      41
      56
      46
      42
      45
      55
      55
      52
      45
      53
      50
      50
      50
      49
      45
      35
      52
      41
      50
      53
      49
      37
      56
      49
      34
      31
      43
      51
      32
      35
      37
      42
      36
      41
      39
      44
      43
      40
      43
      38
      29
      45
      51
      39
      37
      35
      47
      38
      38
      45
      41
      33
      34
      30
      28
      44
      41
      34
      28
      37
      30
      33
      32
      34
      46
      38
      31
      33
      34
      30
      25
      35
      27
      32
      29
      30
      37
      40
      39
      27
      30
      37
      28
      32
      33
      33
      29
      51
      26
      43
      38
      22
      31
      26
      24
      34
      18
      40
      34
      34
      33
      26
      31
      26
      23
      21
      38
      27
      28
      30
      34
      28
      20
      29
      35
      35
      32
      24
      30
      26
      27
      32
      36
      28
      35
      36
      29
      29
      32
      26
      31
      28
      32
      40
      22
      29
      37
      27
      26
      27
      28
      24
      30
      28
      30
      28
      26
      30
      27
      24
      26
      26
      21
      21
      20
      33
      29
      19
      21
      26
      38
      23
      18
      35
      18
      25
      20
      23
      26
      24
      26
      28
      23
      27
      34
      23
      26
      26
      23
      29
      22
      20
      18
      19
      21
      29
      22
      30
      16
      22
      28
      26
      25
      25
      25
      25
      23
      23
      28
      22
      18
      17
      17
      28
      18
      21
      28
      26
      31
      19
      22
      31
      30
      20
      21
      25
      18
      22
      23
      26
      27
      20
      22
      19
      25
      21
      23
      34
      29
      22
      28
      25
      30
      25
      20
      19
      18
      24
      21
      18
      21
      18
      14
      24
      27
      29
      29
      21
      23
      21
      15
      19
      29
      26
      27
      28
      12
      30
      28
      24
      30
      28
      22
      20
      25
      29
      19
      32
      24
      24
      23
      22
      28
      20
      29
      21
      16
      23
      26
      23
      21
      15
      21
      14
      17
      27
      17
      14
      20
      21
      23
      22
      19
      22
      15
      25
      27
      19
      19
      22
      15
      17
      25
      23
      19
      28
      23
      19
      20
      20
      20
      17
      17
      20
      24
      26
      18
      24
      27
      17
      28
      17
      16
      15
      16
      26
      13
      23
      11
      18
      22
      25
      27
      19
      20
      29
      16
      21
      26
      16
      22
      19
      15
      31
      15
      26
      21
      22
      19
      18
      24
      16
      22
      21
      18
      30
      16
      27
      27
      24
      22
      23
      27
      23
      20
      27
      17
      20
      23
      25
      23
      21
      19
      22
      22
      18
      26
      23
      13
      19
      15
      17
      19
      30
      25
      25
      30
      20
      30
      23
      26
      19
      29
      16
      20
      28
      22
      22
      26
      24
      24
      20
      22
      18
      24
      24
      36
      29
      21
      19
      24
      33
      18
      21
      38
      28
      23
      25
      26
      30
      29
      29
      32
      20
      34
      31
      19
      28
      41
      41
      36
      36
      21
      28
      34
      26
      49
      45
      38
      34
      45
      49
      55
      51
      47
      40
      45
      40
      51
      45
      46
      62
      53
      68
      69
      55
      71
      79
      90
      92
      96
      96
     114
      99
     110
     110
     119
     116
     124
     138
     129
     130
     146
     156
     132
     142
     156
     147
     132
     151
     147
     153
     172
     135
     144
     128
     104
      99
      93
      93
      90
      89
      75
      69
      67
      83
      75
      49
      58
      47
      38
      37
      41
      60
      42
      36
      51
      45
      53
      46
      44
      55
      44
      50
      49
      62
      53
      45
      40
      56
      44
      51
      53
      56
      53
      63
      44
      65
      58
      54
      67
      60
      62
      65
      92
      69
      63
      72
      64
      74
      81
      70
      74
      75
      81
      84
      75
      87
      97
      76
      91
      90
     105
      94
     109
      83
      93
      93
      99
      97
      89
     113
     112
     102
      85
     108
     108
     108
     107
     125
     135
     138
     117
     137
     139
     126
     128
     119
     144
     158
     149
     151
     150
     143
     158
     184
     159
     162
     166
     150
     169
     190
     188
     183
     214
     208
     190
     180
     210
     196
     177
     208
     188
     179
     204
     218
     230
     213
     259
     252
     256
     273
     303
     282
     325
     341
     353
     394
     323
     375
     433
     439
     497
     585
     665
     704
     789
     936
    1066
    1303
    1575
    1744
    2155
    2547
    3033
    3394
    3984
    4537
    5029
    5591
    5862
    6296
    6702
    6972
    7325
    7638
    7887
    8352
    9009
    9359
    9888
   10230
   10373
   10718
   10816
   10653
   10384
    9941
    9308
    8838
    8142
    7346
    6640
    5735
    5178
    4658
    4095
    3601
    3097
    2650
    2290
    1939
    1600
    1305
    1124
     929
     719
     597
     496
     416
     369
     318
     263
     251
     210
     182
     180
     181
     158
     156
     161
     130
     145
     155
     149
     161
     156
     144
     129
     143
     147
     146
     173
     167
     158
     186
     176
     179
     192
     193
     186
     196
     221
     210
     234
     233
     229
     270
     261
     266
     277
     278
     299
     312
     312
     317
     363
     374
     371
     391
     421
     413
     442
     455
     461
     462
     528
     518
     577
     536
     622
     640
     739
     761
     851
     997
    1156
    1206
    1437
    1721
    1903
    2171
    2532
    2769
    3006
    3240
    3362
    3760
    3626
    3646
    3740
    3530
    3329
    3055
    2962
    2701
    2491
    2284
    2054
    1886
    1746
    1605
    1459
    1458
    1283
    1256
    1145
    1171
    1151
    1229
    1103
    1207
    1145
    1167
    1095
    1082
    1037
     900
     845
     851
     755
     636
     625
     518
     476
     444
     401
     338
     284
     248
     225
     180
     130
     126
     123
      87
      79
      64
      59
      59
      52
      39
      35
      31
      28
      33
      43
      33
      32
      31
      33
      43
      25
      29
      26
      31
      38
      30
      38
      24
      38
      41
      28
      33
      28
      38
      34
      31
      24
      39
      35
      34
      22
      35
      26
      31
      25
      31
      33
      24
      26
      33
      35
      30
      28
      39
      24
      38
      38
      33
      36
      37
      38
      47
      29
      23
      39
      29
      36
      44
      40
      43
      33
      25
      31
      39
      31
      28
      37
      34
      39
      33
      37
      35
      36
      32
      29
      35
      37
      50
      30
      34
      28
      30
      23
      36
      27
      27
      38
      28
      37
      41
      29
      32
      46
      37
      62
      50
      60
      56
      77
     108
     130
     140
     166
     196
     231
     229
     278
     277
     295
     293
     289
     270
     288
     274
     239
     209
     197
     179
     169
     165
     110
     104
     103
      84
      95
      66
      60
      46
      36
      33
      24
      14
      20
      11
      12
      19
      13
       7
      11
       8
       6
      10
       8
       5
      12
       5
       8
      13
       7
       6
       8
       7
      12
      11
      12
       7
       6
       9
       6
       6
       5
      10
       9
      12
       4
       9
       9
      14
       6
      12
      10
       7
       5
       7
      13
       6
      10
       8
      13
      12
       9
       4
       7
      10
       3
       7
       8
      15
       6
       9
       5
       6
      11
       8
       8
       9
      10
      11
      10
       7
       4
       9
      10
       9
       7
      10
      15
       8
      10
      17
       7
       9
      11
       8
      10
      12
      15
       9
      13
       9
      13
       5
       9
       8
      11
      13
       9
       8
      10
      13
       8
      12
       6
      15
       8
      14
      18
      11
       9
      11
      10
       6
      14
      16
      12
      10
      13
       4
      10
      10
      15
      11
       9
       9
      12
      14
      12
      18
      16
      12
       8
       9
      17
      14
      13
      13
      11
      12
      12
      14
      10
      12
      12
      14
      12
      10
      12
      19
      12
       9
      10
       8
      18
      17
      14
      10
      13
       9
      11
      17
      11
      13
      12
      13
       7
      11
      19
      15
      14
       9
      11
      11
      20
      13
      18
      15
      13
      16
      16
      10
      11
      18
      17
      13
      14
      12
      10
      10
      12
      13
      12
       8
      12
      12
      17
      10
      10
       8
      11
      15
      11
       7
      13
      11
      12
      21
      11
      19
      16
      13
      15
      21
      11
      19
      19
      20
      23
      20
      12
      15
      22
      10
      14
      21
      13
      17
      21
      19
      12
      15
      16
      15
      14
      12
      14
      13
       7
      18
      10
       8
      17
      20
      17
      21
      15
      20
      17
      17
      17
      18
      25
      26
      34
      22
      19
      23
      21
      14
      24
      21
      19
      27
      17
      21
      20
      19
      21
      16
      15
      10
      13
      12
      16
      12
      15
      19
      12
      10
      18
      11
      11
       9
      11
      17
      16
      13
       7
      11
       9
      14
      17
      10
      12
      17
      12
      12
      11
      11
      13
      13
       9
      10
      17
      12
       7
      13
      15
      13
      14
      19
      15
       8
      10
       5
      15
      15
       9
      20
      16
      13
      17
      14
      12
      11
       9
      12
      10
      16
      14
       5
      12
      12
      12
      11
      13
      15
      12
      16
      12
      14
      12
      15
      15
      10
       5
      17
      16
      16
      16
       8
      25
      14
       9
      19
      11
      11
      16
      23
      14
       9
      16
      14
      16
      13
      13
      12
      16
      14
      12
      10
      10
      14
      16
      12
      19
      16
      17
      11
      11
      12
      16
      15
      18
      10
      12
      22
      11
      19
      16
      17
      10
       8
       6
      20
      13
      13
      11
      15
      13
      18
      13
      15
      13
      12
       6
      18
      18
      18
      19
      16
      13
      14
      19
      17
      19
      10
      18
      21
      19
      21
      14
       9
      17
      24
      21
      22
      18
      27
       8
      25
      26
      18
      15
      18
      24
      16
      20
      21
      19
      29
      10
      20
      20
      13
      11
      22
      21
      19
      20
      13
      18
      17
      17
      22
      22
      24
       7
      16
      20
      24
      18
      16
      15
      18
      24
      25
      28
      23
      27
      31
      28
      23
      21
      29
      21
      28
      25
      27
      23
      28
      13
      21
      26
      35
      31
      28
      27
      26
      29
      19
      21
      22
      23
      31
      25
      25
      22
      25
      17
      26
      12
      12
      18
      13
      20
      21
      16
       6
      19
      11
       9
      12
      10
       8
       9
      14
      12
      10
       9
       6
       5
       9
      11
       8
       9
       7
       9
      11
       7
      10
      11
      11
       5
      10
      13
      13
       7
       9
      12
       8
       7
       7
      14
       7
      12
       9
      13
       7
      10
      11
      10
      11
      11
       9
       5
      10
      15
      10
      11
      14
      18
      10
      12
       8
       8
       8
       9
      12
       7
       7
       7
      16
       9
      12
      15
      11
      14
      11
      12
       9
      13
      10
      15
      14
      13
      16
      14
      15
      11
      16
       9
      18
      15
      20
      15
      13
      13
      20
      15
      18
       5
      12
      11
      10
      12
       8
      10
      13
      11
      10
       6
      11
      12
      10
       6
      11
       6
       6
       5
       1
       9
       5
       5
       4
       6
       6
      12
      10
       5
       9
       3
       6
       6
       4
       0
       3
       4
       4
       5
       5
       9
       5
       6
       5
      10
       4
       4
       4
       2
       6
       5
       4
       2
       3
       2
       5
       5
       2
       4
       6
       6
       3
       6
       6
       2
       2
       7
       0
       3
       6
       4
       3
       5
       3
       2
       3
       4
       6
       7
       4
       6
       7
       4
       3
       6
       7
       4
       3
       2
       6
       6
       2
       1
       6
       5
       6
       4
       6
       6
       5
       3
       6
      11
       4
       3
       4
       7
       5
       5
       5
       5
       3
       9
       7
       4
       3
       1
       5
       3
       4
       7
       9
       2
       6
       3
       2
       2
       7
       5
       1
       1
       6
       5
       2
       4
       4
      11
       6
       8
       1
       2
       6
       3
       6
       2
       5
       7
       7
       5
       4
       5
       0
       2
       7
       3
       1
       3
       1
       0
       3
       2
       1
       3
       3
       4
       1
       5
       3
       4
       3
       5
       2
       4
       2
       6
       8
       4
       5
       3
       1
       1
       4
       1
       2
       4
       2
       6
       3
       3
       5
       4
       3
       3
       3
       3
       5
       4
       6
       3
       2
       3
       0
       3
       0
       4
       3
       3
       1
       1
       2
       1
       2
       6
       5
       2
       1
       3
       1
       1
       3
       2
       2
       6
       1
       4
       6
       1
       3
       3
       2
       1
       5
       2
       4
       1
       5
       2
       2
       5
       4
       2
       2
       6
       5
       5
       3
       2
       4
       2
       4
       2
       2
       3
       1
       0
       3
       1
       4
       4
       5
       2
       2
       1
       0
       2
       3
       5
       2
       1
       4
       1
       7
       5
       1
       0
       2
       5
       2
       2
       5
       1
       4
       4
       1
       2
       3
       1
       2
       1
       3
       5
       3
       2
       1
       3
       1
       1
       5
       4
       3
       4
       3
       5
       2
       0
       3
       2
       2
       1
       3
       4
       3
       2
       2
       3
       2
       2
       3
       1
       3
       1
       3
       2
       0
       5
       3
       0
       5
       4
       5
       3
       3
       4
      10
       2
       5
       3
       4
       1
       4
       2
       2
       2
       0
       0
       0
       0
       0
       0
       0
       0
       0
       0
       0
       0
       0
       0
       0
       0
       0
       0
       0
       0
       0
       0
       0
       0
       0
       0
       0
       0
       0
       0
       0
       0
$ROI:
1
11 2032
$PRESETS:
Live Time
100
0
$ENER_FIT:
0.000000 0.024067
$MCA_CAL:
3
0.000000E+000 2.406711E-002 0.000000E+000 keV
$SHAPE_CAL:
3
0.000000E+000 0.000000E+000 0.000000E+000
