$SPEC_ID:
No sample description was entered.
$SPEC_REM:
DET# 2
DETDESC# JLAB-20 MCB 129
AP# Maestro Version 7.01
$DATE_MEA:
02/18/2016 16:45:45
$MEAS_TIM:
100 105
$DATA:
0 2047
       0
       0
       0
       0
       0
       0
       0
       0
       0
       0
       0
       0
       0
       0
       0
       0
       0
       0
       0
       0
       0
       0
       0
       0
       0
       0
       0
       0
       0
       0
       0
       0
       0
       0
       0
       0
       0
       0
       0
       0
       0
       0
       0
       0
       0
       0
       0
       0
       0
       4
      59
      85
      77
      50
      71
      63
      64
      52
      64
      46
      64
      73
      58
      59
      68
      54
      58
      74
      71
      55
      57
      68
      66
      53
      59
      56
      47
      74
      46
      52
      51
      58
      61
      57
      60
      56
      57
      59
      54
      68
      52
      65
      52
      68
      62
      49
      48
      52
      49
      53
      56
      51
      49
      52
      57
      59
      69
      57
      51
      53
      53
      48
      50
      61
      42
      51
      49
      63
      54
      40
      50
      32
      55
      47
      47
      45
      48
      50
      42
      39
      45
      41
      43
      30
      47
      42
      40
      39
      40
      38
      33
      46
      45
      48
      42
      32
      32
      34
      33
      35
      30
      33
      30
      35
      36
      39
      34
      36
      27
      32
      35
      31
      29
      30
      35
      31
      29
      22
      35
      28
      35
      33
      25
      32
      44
      29
      30
      25
      33
      35
      28
      32
      31
      26
      28
      28
      30
      27
      24
      32
      28
      28
      25
      31
      27
      28
      29
      30
      23
      26
      19
      18
      29
      24
      24
      27
      24
      31
      18
      24
      18
      20
      25
      25
      25
      31
      21
      31
      28
      29
      36
      18
      36
      36
      24
      31
      21
      22
      32
      19
      30
      33
      32
      25
      21
      24
      20
      15
      33
      22
      32
      27
      26
      27
      27
      25
      21
      23
      27
      30
      32
      23
      17
      27
      22
      18
      24
      33
      17
      30
      21
      17
      33
      31
      20
      14
      30
      22
      24
      21
      24
      19
      28
      23
      21
      19
      24
      14
      23
      19
      20
      18
      22
      26
      30
      20
      21
      25
      21
      21
      17
      17
      17
      18
      24
      21
      20
      18
      30
      25
      39
      17
      20
      23
      29
      27
      25
      21
      26
      21
      24
      16
      14
      18
      18
      23
      12
      19
      13
      11
      17
      14
      11
      17
      23
      21
      18
      28
      19
      11
      21
      19
      10
      12
      29
      14
      20
      27
      17
      20
      20
      28
      22
      22
      19
      15
      23
      16
      22
      20
      14
      24
      21
      27
      16
      22
      14
      15
      15
      16
      26
      22
      22
      18
      19
      21
      13
      19
      23
      19
      16
      12
      23
      19
      16
      16
      25
      14
      27
      20
      19
      22
      24
      18
      14
      17
      17
      23
      24
      14
      19
      20
      18
      17
      19
      12
      12
      18
      15
       9
      25
      22
       9
      21
      15
      18
      20
      20
      15
      12
      25
      19
      17
      15
       9
      20
      19
      15
      15
      12
      18
      14
      16
      20
      17
      21
      19
      16
      15
      13
      18
       9
      18
      23
      15
      18
      21
      15
      21
      17
      12
      22
      19
      15
      15
      12
      11
      13
      13
      21
      20
      26
      17
      20
      21
      14
      14
      18
      17
      28
      20
      23
      10
      13
      19
      23
      13
      15
      23
      27
      21
      19
      11
      18
       9
      18
      17
      15
      27
      13
      21
      19
      21
      14
      18
      14
      10
      13
      19
       8
      19
      10
      20
      15
      19
      16
      18
      11
      15
      14
      13
      24
      13
      13
      14
      12
      12
      22
      11
      15
      19
      18
      16
      11
      12
      14
      22
      14
      16
      15
      19
      21
      17
      27
      11
      21
      18
      35
      18
      13
      18
      11
      17
      20
      20
      17
      23
      16
      19
      17
      19
      19
      23
      21
      30
      23
      16
      13
      16
      22
      23
      21
      23
      24
      18
      28
      16
      30
      16
      40
      27
      33
      29
      17
      17
      30
      28
      24
      29
      32
      27
      31
      41
      28
      28
      47
      34
      28
      33
      44
      26
      47
      36
      37
      40
      39
      56
      62
      55
      70
      64
      70
      66
      93
      79
      91
      88
     113
      82
      81
     103
     110
      97
     105
     112
     100
     117
      96
     114
     127
     121
     134
     148
     118
     126
      88
      92
      73
      66
      56
      80
      73
      75
      61
      52
      51
      45
      44
      44
      27
      50
      39
      38
      42
      42
      26
      27
      33
      32
      30
      35
      35
      34
      26
      36
      29
      43
      37
      42
      44
      39
      37
      32
      48
      42
      40
      49
      57
      44
      51
      43
      42
      56
      37
      44
      49
      57
      50
      55
      63
      61
      49
      52
      47
      67
      69
      67
      59
      59
      89
      71
      74
      61
      84
      66
      78
      78
      68
      63
      75
      67
      70
      72
      78
      75
      87
      95
      91
     102
      83
      74
      71
      84
     101
     104
     118
      90
     100
     133
     111
      91
     130
     123
     129
     124
     118
     128
     140
     141
     142
     137
     136
     144
     164
     145
     164
     160
     152
     166
     155
     172
     141
     151
     183
     144
     156
     182
     168
     176
     205
     221
     187
     208
     231
     262
     276
     246
     271
     275
     333
     307
     364
     358
     379
     408
     480
     545
     631
     736
     852
     963
    1204
    1347
    1661
    1895
    2223
    2735
    3104
    3367
    3813
    4274
    4587
    4965
    5174
    5339
    5772
    5977
    6262
    6676
    6990
    7266
    7669
    7958
    8282
    8363
    8508
    8307
    8201
    7785
    7356
    6702
    6183
    5673
    5060
    4487
    4007
    3598
    3166
    2821
    2344
    2203
    1728
    1461
    1219
    1039
     851
     709
     587
     457
     378
     332
     264
     237
     211
     198
     173
     155
     144
     159
     140
     122
     108
     127
     118
     132
     117
     137
     126
     120
     115
     160
     139
     143
     143
     135
     134
     157
     158
     121
     133
     148
     170
     165
     165
     192
     186
     198
     194
     197
     214
     228
     271
     215
     261
     266
     282
     292
     285
     307
     306
     309
     337
     330
     348
     413
     394
     411
     429
     457
     450
     451
     526
     515
     537
     608
     714
     784
     951
    1064
    1215
    1279
    1620
    1797
    2042
    2389
    2563
    2648
    2792
    3016
    3049
    3064
    2990
    2962
    2820
    2611
    2420
    2340
    2066
    1807
    1719
    1563
    1476
    1266
    1223
    1193
    1067
    1053
    1034
     934
     972
    1023
     936
     972
     947
     972
     941
     881
     849
     836
     707
     646
     659
     522
     491
     447
     383
     374
     345
     265
     208
     190
     151
     170
     151
      91
      94
      60
      79
      53
      57
      41
      47
      40
      30
      35
      39
      30
      32
      27
      37
      24
      23
      33
      38
      24
      34
      32
      24
      29
      20
      24
      29
      21
      27
      14
      34
      28
      29
      39
      23
      26
      28
      25
      33
      35
      33
      33
      28
      29
      20
      34
      37
      38
      23
      31
      28
      27
      30
      32
      31
      35
      28
      36
      37
      37
      23
      33
      26
      32
      27
      29
      31
      20
      41
      36
      24
      40
      33
      37
      25
      33
      31
      22
      41
      33
      31
      28
      33
      32
      36
      31
      27
      32
      30
      29
      24
      25
      24
      29
      25
      27
      33
      24
      31
      39
      40
      33
      48
      64
      66
      50
      74
      84
      96
     128
     157
     154
     200
     228
     255
     263
     239
     240
     269
     280
     222
     241
     238
     225
     188
     160
     127
     142
     120
      84
      86
      79
      50
      50
      55
      43
      40
      23
      24
      22
      19
      15
      10
       8
       8
       8
      12
       6
       6
       6
       5
       2
       5
       6
       8
       8
       8
       7
       2
       8
       3
       6
       8
       8
       5
       7
       7
       5
       4
       7
       8
       7
       5
       2
       5
       8
       6
       3
       1
       8
       8
       6
       5
       5
       4
       8
       3
       8
       4
       3
       6
       4
      10
       7
       3
       5
       5
      10
       4
       4
       7
       5
       7
       5
       4
       4
       5
       7
       8
       4
       4
      12
      10
       2
       3
       7
       5
       4
       5
       4
       8
       9
       6
       6
      10
       8
       5
       6
       4
       6
       3
       8
       7
       8
      10
       3
      10
       9
       7
       9
       4
       8
       7
       9
       6
      12
       9
      12
       5
       8
       9
      13
       8
      12
       7
       8
       7
      11
       7
       9
      10
      11
      11
      10
      11
       9
      10
      10
       6
       6
       6
       6
       7
       6
       1
      11
      13
       9
       6
      10
      11
      11
       8
       8
       9
       8
      10
       4
       7
       7
      11
      11
      11
       8
      10
       9
      11
       7
      10
       7
       4
       8
       5
       8
       7
       6
       5
       7
      13
      10
       6
      10
       8
      12
       9
       7
       7
      10
       5
       2
      13
       9
       5
       9
       9
      14
       7
      12
       8
       6
       7
       8
       8
      10
       4
       8
      12
      10
      11
       7
      11
      10
       7
      13
      11
      11
      12
      13
      14
       9
      17
      16
      18
      11
      19
      15
      16
      14
       9
      17
       7
      16
       9
       6
      11
      12
      13
       8
       9
       6
       4
       8
      10
       9
       6
       7
       7
      14
       9
      13
      11
      12
      15
      11
      13
      19
      22
      12
      16
      18
      12
      12
      18
      19
      15
      17
      14
      17
       9
      15
      12
      13
      10
      13
      17
      14
      11
      10
       8
       7
      15
       7
      12
      10
      18
      12
       9
      10
       8
       3
       5
       8
      10
      14
      10
      10
      12
       7
       4
       5
       8
       6
       5
       7
      11
      14
       8
      11
      10
       6
       4
       9
      17
      13
       8
       5
      10
      10
       7
       7
       8
       9
      12
      10
       7
       9
       8
      11
       8
      11
       7
       9
       3
      10
       9
      13
       6
       9
       9
      13
      10
       6
      10
       9
       7
       5
      13
      10
       7
       9
       2
       9
      13
      10
       8
      11
      15
       9
       4
       9
       7
      10
       4
      14
      10
       7
       8
       8
      12
      11
       5
      12
       7
       9
       5
      14
      11
      15
      12
      13
       9
      10
      10
       9
       5
      15
       8
       6
      13
       5
       9
       8
      12
       4
       9
      13
       6
      11
      14
       9
      10
      11
      14
       8
       9
      13
       7
       9
       3
      11
       9
       6
       9
       7
       8
       7
       7
      13
       9
      10
      13
       7
       7
       8
      16
      14
      14
      12
      15
      11
      17
      18
       8
       9
      11
      13
      19
      14
      15
       9
      20
      13
      11
      11
       6
      16
      13
      12
      13
       8
       9
       5
      13
      16
      20
      16
      11
       8
      11
      13
      10
      15
      13
      12
       9
      20
      12
       4
       9
      13
      11
       8
      16
      11
      12
       9
      14
      21
      16
      13
      15
      21
      22
      17
      15
      14
      16
      16
      19
      23
      17
      16
      14
      13
      18
      16
      20
      14
      21
      12
      15
      14
       8
      23
      11
      14
      16
       9
      12
      17
       9
      12
       4
       9
       7
      11
      10
      12
       5
       8
       6
       5
      12
       7
       8
      10
      11
      10
       9
      11
      11
       6
      12
       5
       8
       8
      12
       8
       5
       8
       3
       6
      11
       5
       8
      12
       7
       8
       7
       7
       7
       9
       2
       7
       9
      10
       5
       8
       3
       3
      11
       4
      10
       6
       7
       8
      10
       6
       5
       9
       8
       8
      14
       6
       9
       5
       8
      13
      11
      10
       2
      10
       7
       6
       9
      11
      10
       5
       5
      13
      12
      17
      10
      14
      17
      12
       7
      12
       8
       6
      10
       9
       8
      15
       6
       8
       7
      13
      13
      15
       8
       7
       9
      11
       5
       9
       5
       8
       4
      14
       2
       2
       5
       7
       9
       9
       6
       9
       4
       5
       6
       4
       9
       2
       5
       5
       7
       7
       2
       8
       7
       5
       3
       4
       3
       3
       4
       5
       4
       4
       3
       3
       4
       2
       4
       1
       4
       4
       7
       2
       2
       4
       6
       1
       4
       5
       4
       3
       6
       5
       2
       1
       5
       4
       6
       3
       7
       3
       4
       4
       2
       2
       4
       6
       2
       4
       2
       5
       1
       4
       8
       3
       2
       3
       3
       4
       6
       6
       1
       5
       4
       3
       2
       4
       1
       4
       2
       4
       2
       2
       5
       3
       1
       5
       4
       6
       4
       6
       3
       3
       2
       4
       1
       2
       3
       5
       7
       4
       5
       6
       6
       7
       3
       3
       3
       3
       4
       3
       2
       3
       1
       3
       7
       4
       3
       3
       3
       5
       4
       2
       3
       7
       2
       4
       6
       1
       4
       2
       1
       3
       0
       4
       2
       1
      10
       4
       4
       2
       1
       4
       5
       5
       2
       5
       2
       1
       2
       3
       1
       2
       3
       3
       2
       4
       3
       2
       5
       3
       1
       2
       4
       2
       1
       3
       3
       1
       3
       4
       5
       2
       4
       3
       4
       2
       1
       3
       3
       6
       1
       0
       3
       3
       2
       2
       3
       5
       1
       2
       0
       4
       0
       0
       0
       1
       0
       3
       4
       2
       4
       0
       3
       2
       2
       3
       2
       2
       1
       5
       1
       2
       1
       3
       3
       2
       3
       5
       0
       8
       2
       3
       3
       3
       4
       1
       0
       4
       2
       2
       3
       3
       2
       3
       0
       2
       3
       3
       2
       2
       4
       6
       2
       3
       3
       4
       2
       2
       4
       5
       4
       5
       3
       1
       7
       5
       3
       3
       4
       4
       2
       1
       4
       7
       2
       1
       1
       1
       2
       3
       5
       1
       1
       1
       0
       4
       4
       2
       3
       3
       1
       1
       2
       0
       1
       4
       0
       1
       3
       4
       0
       1
       3
       0
       2
       3
       5
       3
       4
       2
       4
       4
       1
       2
       2
       1
       4
       3
       6
       6
       2
       4
       4
       1
       1
       1
       3
       4
       1
       3
       5
       2
       3
       0
       0
       0
       0
       0
       0
       0
       0
       0
       0
       0
       0
       0
       0
       0
       0
       0
       0
       0
       0
       0
       0
       0
       0
       0
       0
       0
       0
       0
       0
       0
       0
$ROI:
1
11 2032
$PRESETS:
Live Time
100
0
$ENER_FIT:
0.000000 0.024067
$MCA_CAL:
3
0.000000E+000 2.406711E-002 0.000000E+000 keV
$SHAPE_CAL:
3
0.000000E+000 0.000000E+000 0.000000E+000
