$SPEC_ID:
No sample description was entered.
$SPEC_REM:
DET# 2
DETDESC# JLAB-20 MCB 129
AP# Maestro Version 7.01
$DATE_MEA:
02/18/2016 15:51:50
$MEAS_TIM:
100 105
$DATA:
0 2047
       0
       0
       0
       0
       0
       0
       0
       0
       0
       0
       0
       0
       0
       0
       0
       0
       0
       0
       0
       0
       0
       0
       0
       0
       0
       0
       0
       0
       0
       0
       0
       0
       0
       0
       0
       0
       0
       0
       0
       0
       0
       0
       1
       0
       0
       0
       0
       0
       0
       5
      73
      76
      59
      66
      61
      54
      70
      64
      80
      81
      59
      60
      55
      59
      68
      76
      54
      73
      73
      49
      50
      56
      61
      66
      57
      73
      66
      68
      63
      70
      46
      60
      63
      65
      53
      61
      55
      66
      55
      66
      63
      60
      59
      64
      50
      39
      63
      64
      57
      51
      54
      54
      67
      57
      50
      42
      66
      59
      55
      58
      57
      58
      45
      72
      41
      48
      62
      58
      66
      46
      51
      40
      55
      45
      48
      58
      52
      39
      40
      40
      49
      42
      46
      53
      33
      42
      40
      44
      31
      31
      37
      37
      43
      33
      44
      29
      36
      44
      32
      33
      34
      34
      37
      30
      29
      24
      45
      42
      33
      27
      34
      31
      32
      28
      35
      37
      37
      33
      30
      33
      40
      37
      36
      27
      31
      31
      31
      24
      31
      33
      32
      35
      31
      30
      20
      38
      37
      31
      30
      25
      30
      32
      34
      15
      31
      33
      31
      30
      28
      23
      31
      31
      36
      28
      31
      25
      18
      32
      33
      24
      31
      24
      31
      21
      24
      20
      30
      26
      18
      27
      32
      26
      22
      25
      28
      40
      25
      18
      23
      25
      25
      23
      21
      25
      32
      16
      21
      22
      37
      24
      30
      17
      21
      22
      27
      24
      28
      30
      29
      25
      20
      20
      17
      26
      25
      21
      18
      30
      25
      19
      36
      21
      22
      14
      28
      26
      28
      27
      22
      24
      32
      18
      25
      19
      19
      21
      25
      21
      26
      23
      18
      22
      25
      24
      32
      24
      25
      25
      14
      29
      20
      21
      25
      23
      25
      21
      20
      25
      22
      27
      31
      18
      17
      12
      21
      29
      17
      26
      15
      20
      26
      21
      18
      15
      25
      21
      18
      19
      21
      21
      21
      18
      22
      27
      20
      20
      17
      16
      25
      15
      24
      30
      20
      22
      15
      21
      22
      24
      17
      14
      15
      18
      14
      26
       9
      18
      19
      15
      16
      19
      16
      21
      19
      18
      25
      25
      26
      18
      15
      18
      18
      17
      20
      24
      10
      19
      23
      21
      22
      26
      25
      19
      25
      15
      20
      16
      28
      22
      21
      18
      13
      25
      23
      20
      13
      27
      22
      33
      21
      18
      20
      19
      26
      25
      21
      28
      22
      16
      22
      19
      16
      18
      22
      18
      20
      20
      22
      29
      17
      20
      23
      16
      26
      11
      19
      18
      28
      16
      14
      15
      10
      28
      21
      20
      25
      14
      16
      19
      19
      18
      14
      14
      20
      21
      18
      17
      15
      24
      18
      22
      19
      25
      20
      13
      14
      14
      25
      19
      15
      20
      17
      15
      18
      20
      14
      19
      21
      14
      23
      14
      17
      18
      17
      16
      25
      22
      23
      20
      19
      17
      20
      18
      17
      27
      23
      17
      12
      18
      22
      18
      10
      23
      27
      12
      18
      20
      26
      18
      21
      19
      19
      18
      15
      13
      21
      11
      19
      17
      12
      21
      23
      18
      17
      16
      29
      20
      22
      17
      14
      20
      12
      13
      15
      14
      24
      23
      14
      20
      15
      18
      23
      20
      27
      13
      17
      17
      18
      23
      19
      20
      20
       9
      16
      11
      19
      22
      26
      22
      23
      23
      23
      15
      23
      24
      20
      17
      10
      21
      19
      33
      18
      31
      18
      23
      24
      16
      21
      28
      25
      28
      29
      15
      28
      28
      23
      21
      27
      27
      33
      34
      24
      29
      41
      32
      35
      42
      38
      25
      39
      39
      46
      52
      57
      45
      53
      39
      69
      51
      53
      67
      70
      78
      85
      99
      97
      91
      97
      96
     100
      90
     109
      96
     104
     110
     113
     118
     122
     127
     120
     125
     144
     127
     127
     123
     123
     105
      96
      96
      95
      72
      85
      86
      66
      77
      76
      56
      50
      56
      41
      44
      44
      32
      36
      32
      38
      51
      42
      49
      39
      43
      33
      47
      36
      39
      36
      40
      38
      45
      50
      43
      40
      38
      39
      48
      38
      40
      44
      48
      51
      48
      54
      50
      40
      68
      64
      65
      63
      72
      59
      71
      64
      80
      57
      63
      56
      62
      69
      79
      69
      79
      72
      95
      80
      74
      61
      89
      92
      77
      75
      85
      79
      99
      81
      80
      79
      84
      75
     112
      99
      77
      99
     100
     115
     111
     100
     116
     128
     104
     109
     120
     116
     139
     139
     111
     148
     130
     145
     141
     139
     158
     152
     134
     146
     156
     161
     152
     144
     174
     163
     169
     167
     169
     180
     163
     175
     185
     174
     211
     195
     218
     248
     212
     212
     246
     243
     249
     279
     287
     276
     304
     328
     340
     388
     421
     449
     522
     588
     702
     755
     945
     971
    1216
    1480
    1709
    2010
    2339
    2784
    3167
    3618
    4004
    4414
    4912
    5188
    5548
    5663
    5850
    6265
    6510
    6831
    7262
    7716
    7932
    8435
    8705
    8906
    8879
    8836
    8498
    8310
    7907
    7262
    6642
    6131
    5365
    4799
    4238
    3786
    3329
    2951
    2587
    2251
    1954
    1550
    1375
    1130
     939
     735
     633
     460
     442
     349
     313
     253
     240
     215
     162
     185
     138
     143
     140
     128
     133
     136
     143
     114
     131
     107
     104
     127
     120
     151
     121
     141
     147
     151
     169
     149
     156
     151
     171
     151
     190
     161
     198
     198
     216
     196
     222
     227
     209
     236
     252
     270
     284
     270
     246
     238
     293
     342
     330
     362
     345
     328
     379
     408
     425
     408
     452
     448
     451
     476
     492
     542
     604
     669
     752
     823
     945
    1101
    1247
    1323
    1586
    1810
    2112
    2304
    2600
    2750
    2970
    3069
    3130
    3085
    3136
    3003
    2846
    2723
    2512
    2229
    2166
    1973
    1804
    1638
    1512
    1414
    1274
    1181
    1167
    1086
    1092
    1017
     991
    1063
    1003
    1012
    1010
     974
     933
     908
     917
     841
     769
     731
     612
     580
     568
     418
     416
     421
     359
     290
     252
     224
     182
     151
     131
     113
     105
      82
      77
      62
      48
      52
      53
      55
      39
      45
      40
      30
      39
      32
      22
      19
      22
      35
      24
      25
      29
      27
      30
      35
      30
      27
      24
      34
      26
      23
      25
      32
      36
      27
      13
      35
      29
      39
      43
      21
      34
      23
      31
      28
      34
      26
      38
      24
      30
      38
      34
      30
      31
      29
      37
      24
      34
      34
      34
      36
      41
      35
      38
      33
      40
      40
      29
      20
      46
      38
      34
      37
      36
      25
      36
      43
      27
      42
      35
      33
      41
      34
      32
      26
      31
      32
      35
      39
      20
      43
      27
      22
      34
      34
      32
      17
      29
      32
      43
      38
      33
      44
      43
      50
      47
      66
      74
     105
     111
     148
     154
     179
     169
     247
     228
     218
     251
     252
     248
     250
     233
     223
     231
     224
     175
     140
     164
     132
     116
      90
      87
      86
      74
      66
      37
      41
      31
      23
      31
      18
      13
      13
      10
       6
       6
       7
       9
       7
       9
       5
      10
       8
       4
       2
       6
       6
       7
       3
      10
      11
       6
       4
       6
       2
      10
       3
       5
       3
       5
       3
       5
       4
       8
       5
       7
      10
       6
       6
       6
       4
       4
       5
       5
       6
       5
       7
       4
       5
       9
       5
       5
       2
      10
       6
       4
       7
       4
       5
       3
       6
      10
       8
       8
       4
       5
       4
       5
       7
       8
      11
       3
      11
      12
       6
      10
       7
      14
       7
       6
       9
      14
       5
       5
       4
       7
       3
      14
       9
      14
       8
       9
       7
      12
       4
      11
       8
       7
       9
      13
       7
       7
      10
      13
       8
      10
       6
       5
      12
      10
      11
       9
       8
      14
       7
       9
       8
      11
       6
      13
       4
       6
       9
      11
       8
       7
      12
      11
      11
       9
       9
      14
       5
       9
      11
      10
       6
       8
       6
       9
       6
       4
       8
       4
      10
       9
       7
       8
      10
       6
      10
       8
      11
      13
       2
      11
       9
      10
      10
       7
      11
       7
       3
       9
      10
      15
       7
      10
       5
       9
       8
       7
       9
       9
      10
       8
      14
       8
      13
       8
       8
      11
      11
      11
      10
      10
       9
       8
       7
      18
      12
      16
      10
      10
      10
       4
       6
      13
      11
      10
       9
      13
      10
      16
       7
       7
       8
      19
      10
      13
       9
      13
      16
      11
      15
      14
      14
      14
      14
      20
      13
       9
       7
      13
      16
      17
      13
      14
      14
       8
      12
      12
      10
      14
      16
      11
       8
      14
      11
      14
      17
       9
      10
      18
      16
      17
      21
      17
      26
      21
      22
      18
      10
      13
      21
      22
      12
      20
      15
      14
      17
      16
      11
      11
      10
      16
      10
       8
       7
      12
      11
      11
       7
      17
      10
       8
       9
      10
       9
      11
       7
      16
      14
      11
      13
      12
       7
      14
       7
       8
       5
      15
       9
       9
       9
       9
      11
       7
       4
      11
       5
      15
      11
       7
      13
      12
       7
      12
       8
       5
      11
      14
       7
      12
      13
       9
       9
       3
      10
       2
      10
      10
      12
      12
      13
      12
       8
      13
      15
      11
       9
       8
       8
      10
       9
       6
       9
       6
       7
       7
      13
      10
       8
      11
       4
       9
       8
       6
      10
      12
      10
       8
       6
      14
      12
      12
      13
      13
      16
      11
       7
       7
      10
      10
      13
      14
       9
       7
       9
      11
      12
      13
       6
       8
      11
       5
      17
      10
       3
      11
      15
       7
       7
       9
      10
      11
      13
      16
      10
      14
      14
      13
       9
       8
      16
       8
      13
       8
      12
      11
      11
       6
       9
      14
      11
      13
      11
      11
      12
      12
       9
      19
      13
      16
       9
      11
      15
      14
       5
      10
      14
      16
      13
      13
      15
      18
      10
      17
      20
      15
      21
      25
      12
      12
      10
      16
      18
      24
      13
      16
      15
      10
      14
      15
       9
       2
      17
      16
      17
      13
      11
      15
      12
      13
      12
      17
      14
      15
      23
      17
      12
      11
      13
      16
      10
      10
      16
      18
      18
      14
       9
      13
      20
      15
      20
      14
      13
      12
      14
      23
      18
      15
      21
      21
      15
      15
      14
      13
      16
      16
      16
      12
      16
      16
      17
      16
      17
       9
       6
      10
       9
      11
       8
      12
      11
      10
       8
       9
       6
      10
       5
       9
      10
       8
       8
       6
      12
      11
      10
       6
       7
       8
       8
       7
       9
      15
       9
       3
       7
       7
      12
      12
      11
      11
       8
       8
       6
       6
      12
       8
       9
       6
       6
       9
       6
       5
       9
       7
       8
      13
       8
      10
       7
       6
       5
       5
       4
       9
      17
      10
       5
       9
      11
       6
      11
       6
       8
       7
       3
       9
       9
       7
      10
       7
       9
       8
       8
      12
      11
      12
      13
       9
       5
      15
      17
       8
       8
      12
       7
      11
       9
       9
      12
      10
      14
       9
      12
       8
       7
       6
       7
       8
      10
       9
       6
      10
       7
       3
      12
      12
       7
       8
       4
       7
       3
       9
       4
       5
       5
       7
       2
       4
       3
       3
       4
       1
       6
       4
       5
       5
       5
       6
       4
       4
       5
       3
       5
       6
       5
       3
       3
       1
       2
       3
       4
       2
       5
       7
       5
       4
       4
       3
       4
       5
       1
       2
       6
       4
       1
       3
       5
       7
       7
       3
       5
       3
       2
       2
       2
       3
       3
       4
       3
       6
       7
       1
       3
       5
       5
       5
       7
       1
       4
       5
       3
       3
       4
       4
       3
       3
       3
       4
       5
       7
       3
       2
       2
       4
       1
       4
       4
       3
       3
       4
       3
       0
       4
       2
       4
       1
       5
       3
       3
       3
       2
       3
       4
       5
       6
       3
       4
       7
       0
       3
       2
       6
       2
       3
       1
       2
       2
       7
       2
       1
       2
       2
       1
       3
       4
       5
       3
       4
       2
       4
       1
       2
       4
       6
       3
       7
       2
       0
       4
       1
       5
       2
       6
       5
       4
       8
       3
       5
       5
       2
       2
       4
       4
       3
       3
       0
       4
       3
       4
       3
       3
       3
       1
       4
       3
       3
       0
       3
       1
       7
       1
       4
       0
       2
       2
       2
       1
       3
       3
       3
       0
       0
       2
       3
       3
       1
       4
       2
       3
       1
       4
       3
       4
       0
       2
       1
       2
       0
       2
       2
       2
       5
       5
       4
       0
       6
       4
       3
       4
       5
       1
       2
       3
       2
       1
       1
       3
       1
       3
       4
       2
       4
       2
       2
       4
       6
       2
       2
       2
       3
       2
       0
       1
       2
       6
       5
       1
       2
       3
       3
       1
       5
       3
       4
       4
       3
       2
       4
       3
       1
       3
       4
       3
       1
       3
       4
       1
       2
       0
       3
       1
       2
       3
       4
       1
       1
       4
       3
       3
       2
       2
       7
       2
       1
       0
       1
       2
       3
       5
       4
       3
       1
       2
       2
       1
       0
       3
       5
       3
       3
       3
       2
       3
       2
       1
       2
       2
       2
       0
       2
       1
       4
       2
       4
       1
       6
       1
       0
       2
       1
       3
       1
       1
       3
       1
       0
       3
       1
       5
       0
       3
       2
       5
       3
       2
       1
       2
       3
       0
       0
       0
       0
       0
       0
       0
       0
       0
       0
       0
       0
       0
       0
       0
       0
       0
       0
       0
       0
       0
       0
       0
       0
       0
       0
       0
       0
       0
       0
       0
       0
$ROI:
1
11 2032
$PRESETS:
Live Time
100
0
$ENER_FIT:
0.000000 0.024067
$MCA_CAL:
3
0.000000E+000 2.406711E-002 0.000000E+000 keV
$SHAPE_CAL:
3
0.000000E+000 0.000000E+000 0.000000E+000
