$SPEC_ID:
No sample description was entered.
$SPEC_REM:
DET# 2
DETDESC# JLAB-20 MCB 129
AP# Maestro Version 7.01
$DATE_MEA:
02/18/2016 16:00:07
$MEAS_TIM:
100 109
$DATA:
0 2047
       0
       0
       0
       0
       0
       0
       0
       0
       0
       0
       0
       0
       0
       0
       0
       0
       0
       0
       0
       0
       0
       0
       0
       0
       0
       0
       0
       0
       0
       0
       0
       0
       0
       0
       0
       0
       0
       0
       0
       0
       0
       0
       0
       0
       0
       0
       0
       0
       0
       4
     126
     127
     111
     117
     116
     107
     104
     109
     106
     100
     101
     131
     116
     107
     112
     117
      97
      87
     129
      88
      97
      84
      94
      73
      90
     106
      91
     102
     101
      93
      93
      83
     105
      89
      99
      93
     102
      68
      86
     103
      93
      87
      94
      97
      84
     106
     103
      91
      79
      76
      81
      95
      85
      92
      95
      99
      80
      97
      90
     104
      99
      83
      77
      99
     102
      74
      73
      88
     103
      73
      84
      94
      70
      73
      67
      91
      89
      74
      78
      72
      69
      76
      73
      84
      59
      72
      64
      90
      71
      66
      69
      88
      72
      73
      60
      81
      63
      59
      80
      64
      60
      59
      76
      46
      58
      77
      75
      54
      71
      60
      28
      65
      59
      63
      55
      42
      52
      55
      47
      35
      44
      54
      45
      65
      54
      54
      47
      44
      50
      53
      52
      52
      49
      47
      49
      60
      43
      41
      46
      48
      55
      44
      43
      52
      43
      46
      47
      44
      51
      46
      49
      48
      49
      44
      40
      51
      38
      46
      41
      46
      53
      45
      38
      37
      42
      34
      31
      47
      51
      34
      50
      30
      44
      46
      39
      35
      35
      47
      36
      37
      41
      37
      35
      54
      40
      42
      33
      49
      28
      38
      46
      35
      43
      38
      37
      39
      31
      44
      34
      35
      50
      40
      37
      34
      31
      39
      43
      45
      47
      53
      38
      36
      31
      33
      39
      29
      40
      31
      38
      42
      34
      32
      43
      34
      30
      35
      48
      45
      36
      29
      37
      34
      37
      41
      27
      40
      35
      32
      32
      29
      32
      26
      49
      44
      33
      39
      34
      38
      29
      38
      22
      32
      30
      38
      35
      32
      26
      36
      26
      24
      35
      28
      31
      33
      26
      28
      30
      36
      23
      23
      24
      37
      38
      27
      27
      44
      29
      41
      31
      40
      37
      33
      30
      34
      37
      28
      40
      31
      37
      32
      35
      37
      33
      42
      25
      28
      31
      37
      38
      37
      39
      32
      36
      26
      33
      36
      36
      28
      34
      35
      29
      37
      31
      51
      23
      36
      39
      38
      35
      31
      28
      34
      19
      44
      33
      30
      37
      24
      34
      37
      46
      34
      35
      31
      21
      30
      29
      26
      40
      34
      34
      46
      22
      40
      36
      37
      33
      35
      27
      29
      41
      37
      32
      30
      42
      23
      30
      27
      29
      25
      29
      31
      32
      27
      34
      32
      36
      39
      27
      24
      26
      34
      40
      34
      31
      19
      38
      30
      21
      32
      30
      27
      18
      23
      28
      37
      19
      25
      33
      29
      36
      35
      25
      24
      27
      33
      25
      28
      32
      34
      32
      36
      36
      24
      38
      26
      35
      36
      29
      28
      28
      33
      30
      29
      23
      30
      32
      24
      31
      25
      28
      29
      34
      36
      34
      39
      25
      27
      21
      30
      25
      21
      30
      32
      34
      26
      40
      31
      31
      28
      27
      30
      30
      32
      35
      36
      30
      31
      21
      34
      23
      30
      31
      21
      25
      39
      40
      24
      36
      28
      39
      24
      30
      33
      26
      28
      37
      33
      32
      25
      27
      17
      27
      20
      28
      33
      42
      26
      32
      31
      36
      25
      32
      37
      27
      32
      42
      24
      24
      28
      40
      36
      36
      34
      36
      37
      38
      29
      41
      31
      43
      47
      43
      61
      35
      39
      35
      48
      45
      48
      39
      46
      41
      38
      55
      46
      53
      47
      51
      62
      46
      54
      48
      76
      57
      71
      59
      69
      73
      66
      76
      75
      77
      71
      82
      89
      80
      91
     100
     122
     134
     122
     120
     166
     139
     167
     156
     155
     172
     171
     184
     175
     167
     192
     178
     204
     220
     208
     215
     200
     200
     222
     218
     201
     187
     173
     182
     185
     154
     134
     136
     126
     111
     110
     101
      84
      82
      89
      69
      82
      89
      67
      57
      74
      69
      63
      55
      48
      54
      60
      66
      67
      61
      52
      83
      68
      68
      77
      57
      74
      70
      57
      61
      71
      85
      81
      78
      70
     111
      82
      82
     105
      95
      81
      85
      95
     101
      77
     100
      97
     111
     102
     126
     105
     116
     120
     121
     125
     116
     116
     126
     118
     135
     130
     113
     130
     131
     131
     132
     131
     146
     146
     124
     139
     157
     158
     163
     157
     166
     178
     155
     167
     167
     150
     168
     187
     181
     183
     205
     204
     214
     195
     189
     210
     230
     239
     247
     209
     201
     245
     252
     247
     232
     232
     243
     258
     247
     259
     263
     289
     316
     271
     304
     298
     320
     310
     310
     315
     315
     357
     374
     375
     404
     394
     450
     424
     450
     470
     454
     541
     555
     632
     636
     732
     785
     928
    1033
    1173
    1366
    1530
    1793
    2135
    2516
    3018
    3489
    4128
    4810
    5522
    6158
    7006
    7566
    8310
    9000
    9448
    9970
   10414
   10734
   11406
   12081
   12614
   13108
   13585
   14123
   14634
   15039
   15051
   14945
   14700
   14150
   13531
   12556
   11335
   10476
    9328
    8376
    7499
    6751
    5904
    5152
    4519
    3951
    3427
    2870
    2399
    2062
    1662
    1337
    1139
     904
     758
     596
     522
     453
     380
     353
     309
     267
     236
     255
     232
     239
     199
     197
     197
     198
     196
     204
     209
     198
     166
     201
     203
     206
     199
     228
     198
     217
     226
     227
     250
     252
     278
     294
     292
     280
     281
     298
     340
     310
     353
     343
     348
     377
     423
     399
     449
     448
     454
     477
     513
     503
     489
     522
     540
     551
     588
     665
     690
     672
     716
     760
     788
     866
     880
     995
    1234
    1275
    1442
    1620
    1855
    2246
    2473
    2721
    3217
    3502
    3848
    4297
    4466
    4615
    4826
    4750
    4801
    4589
    4497
    4223
    3981
    3640
    3315
    3137
    2681
    2630
    2373
    2158
    1978
    1815
    1727
    1708
    1663
    1567
    1484
    1566
    1560
    1552
    1446
    1485
    1478
    1329
    1347
    1236
    1121
    1041
     982
     828
     842
     715
     640
     613
     532
     429
     419
     301
     283
     252
     206
     187
     138
     122
     114
      87
      84
      70
      70
      54
      45
      45
      62
      52
      50
      42
      45
      39
      44
      35
      23
      35
      33
      39
      31
      26
      38
      37
      36
      27
      28
      32
      38
      33
      28
      30
      42
      31
      32
      37
      37
      24
      35
      39
      38
      33
      47
      37
      36
      32
      29
      34
      35
      25
      23
      38
      36
      36
      30
      41
      32
      21
      31
      41
      24
      26
      34
      30
      30
      35
      29
      36
      42
      32
      38
      41
      30
      32
      47
      29
      45
      29
      18
      32
      29
      40
      23
      21
      31
      30
      29
      27
      41
      26
      26
      28
      28
      36
      27
      37
      30
      50
      36
      45
      61
      65
      69
     100
     101
     106
     124
     157
     209
     230
     271
     307
     287
     357
     321
     362
     362
     352
     349
     347
     283
     297
     244
     300
     185
     175
     152
     161
     143
     119
      99
      75
      73
      67
      55
      29
      48
      30
      21
      23
      15
      21
      17
      20
      13
      11
       7
      21
      12
      21
       9
       4
      17
      25
       8
      11
       8
      12
      20
      12
      11
      10
      19
       6
      16
      15
      18
       9
      17
      18
       9
      20
      16
      15
      17
      18
      13
      11
      14
       8
      13
      11
      16
      14
      10
      16
      17
      11
      19
      12
      14
      13
      12
      16
      14
      14
      21
      19
      12
      15
      17
      14
      12
      11
      15
      21
      18
      15
      13
      23
      16
      18
      17
      11
      13
      10
      12
      18
      21
      12
      15
      23
      15
       9
      29
       8
      19
      24
      11
      14
      19
      13
      21
      20
      14
      14
      25
      16
      13
      20
      16
      15
      16
      25
       8
      19
      18
      15
      25
      19
      25
      24
      15
      22
      18
      17
      18
      20
      21
      18
      19
      21
      21
      20
      20
      28
      16
      23
      18
      21
      18
      25
      33
      21
      11
      14
      21
      26
      24
      28
      25
      19
      29
      25
      18
      20
      16
      25
      21
      16
      21
      16
      13
      16
      18
      22
      29
      32
      17
      29
      16
      17
      24
      29
      23
      27
      25
      16
      17
      22
      25
      18
      15
      28
      27
      19
      18
      24
      19
      25
      20
      27
      15
      20
      24
      23
      24
      21
      33
      19
      21
      31
      28
      25
      24
      30
      17
      17
      21
      19
      25
      26
      21
      23
      41
      25
      26
      25
      30
      18
      27
      33
      26
      20
      29
      25
      30
      32
      30
      26
      24
      19
      31
      29
      21
      24
      22
      18
      28
      20
      20
      23
      22
      17
      12
      14
      16
      21
      26
      16
      27
      20
      20
      38
      36
      33
      32
      40
      33
      30
      27
      31
      34
      32
      27
      24
      21
      33
      26
      24
      39
      27
      25
      22
      30
      25
      18
      23
      24
      25
      32
      19
      25
      19
      22
      26
      33
      23
      24
      17
      20
      31
      26
      20
      25
      22
      27
      25
      14
      15
      20
      21
      17
      19
      27
      15
      23
      24
      19
      16
      19
      18
      24
      19
      24
      21
      26
      24
      13
      28
      31
      30
      20
      25
      28
      23
      25
      26
      21
      19
      21
      23
      24
      18
      17
      29
      16
      23
      19
      18
      18
      13
      20
      21
      38
      34
      23
      16
      22
      18
      25
      30
      14
      29
      21
      21
      21
      17
      20
      33
      26
      24
      25
      24
      22
      24
      27
      21
      25
      19
      20
      34
      29
      17
      31
      21
      28
      25
      35
      21
      27
      38
      25
      23
      30
      32
      27
      23
      20
      32
      31
      20
      30
      24
      26
      26
      28
      34
      23
      20
      20
      29
      13
      23
      21
      32
      31
      27
      33
      28
      40
      30
      33
      27
      35
      30
      25
      37
      34
      31
      33
      21
      26
      26
      31
      29
      34
      32
      35
      30
      43
      29
      39
      42
      34
      22
      41
      31
      26
      30
      39
      25
      41
      31
      33
      27
      25
      28
      39
      24
      25
      28
      45
      28
      42
      31
      36
      29
      34
      33
      30
      35
      38
      31
      41
      41
      29
      35
      37
      41
      41
      42
      38
      45
      35
      37
      38
      41
      43
      47
      47
      44
      49
      41
      42
      41
      56
      53
      52
      34
      38
      44
      44
      37
      44
      25
      44
      43
      42
      47
      31
      36
      37
      26
      32
      39
      34
      23
      28
      29
      29
      18
      28
      28
      21
      24
      28
      12
      25
      16
      18
      17
      20
      11
      18
      14
      19
      21
      12
      19
      14
      12
      13
      11
      10
      15
      18
      20
      12
      15
      14
      13
      18
      20
      15
       9
      12
      18
      17
      17
      17
      14
      22
      24
      23
      25
      17
      16
      15
      15
      23
      20
      16
      17
      20
      25
      20
      11
      14
      18
      20
      18
      21
      19
      16
      21
      21
      21
      29
      17
      14
      20
      21
      15
      24
      25
      19
      12
      23
      28
      21
      24
      18
      38
      20
      27
      14
      31
      26
      26
      20
      21
      24
      23
      16
      26
      25
      30
      22
      19
      18
      19
      18
      14
      24
      22
      16
      19
      16
      15
      18
      18
       9
      17
       7
      13
       9
       8
      13
       7
       5
       9
       8
       8
       8
       9
       8
       8
       8
       5
      12
      10
       5
       5
       7
      10
       3
       7
       7
       7
       6
       9
       6
       5
       5
       7
       6
       7
       5
       5
       6
       5
       5
       6
       3
       6
       6
       2
       5
       5
       4
       7
       1
       4
       4
       3
       3
       5
       5
       6
       6
       5
       3
       5
       6
       9
       9
      12
       4
       8
       6
       5
       7
       4
       7
       5
       6
       8
       3
       6
       7
       5
       5
       6
       8
       7
       4
       9
       6
       5
       8
       4
       6
       8
       6
       4
       7
       8
       2
       5
       5
       9
       9
       9
       9
       7
       8
       6
       6
       7
       6
      11
       6
       5
       4
       2
       9
       7
      10
       6
       7
       6
       4
       6
       6
       3
       4
       7
       6
       4
       5
       9
       1
       9
       5
       4
       1
       4
       4
       8
       5
       4
       2
       9
       3
       8
       1
       3
       2
       4
       5
       2
       7
       4
       4
       5
       3
       2
       2
       4
       2
       3
       4
       2
       3
       0
       0
       3
       2
       6
       3
       8
       3
       3
       2
       8
       1
       2
       1
       4
       2
       3
       3
       3
       2
       4
       1
       1
       1
       3
       2
       2
       5
       4
       4
       2
       1
       1
       5
       3
       0
       4
       3
       2
       5
       1
       4
       2
       2
       3
       1
       1
       7
       1
       2
       2
       3
       5
       2
       3
       5
       3
       2
       4
       4
       4
       4
       4
       3
       6
       1
       2
       5
       1
       0
       3
       4
       3
       3
       5
       3
       3
       4
       2
       4
       1
       3
       2
       2
       2
       1
       2
       1
       2
       7
       3
       2
       2
       2
       4
       4
       4
       1
       1
       3
       5
       5
       8
       0
       4
       5
       3
       2
       2
       1
       1
       1
       2
       5
       2
       6
       3
       3
       6
       1
       4
       3
       1
       0
       3
       2
       3
       1
       3
       5
       6
       2
       2
       3
       5
       5
       5
       2
       4
       2
       9
       1
       2
       4
       4
       1
       4
       5
       2
       1
       3
       5
       2
       2
       1
       3
       1
       2
       0
       4
       2
       3
       4
       4
       0
       0
       0
       0
       0
       0
       0
       0
       0
       0
       0
       0
       0
       0
       0
       0
       0
       0
       0
       0
       0
       0
       0
       0
       0
       0
       0
       0
       0
       0
       0
       0
$ROI:
1
11 2032
$PRESETS:
Live Time
100
0
$ENER_FIT:
0.000000 0.024067
$MCA_CAL:
3
0.000000E+000 2.406711E-002 0.000000E+000 keV
$SHAPE_CAL:
3
0.000000E+000 0.000000E+000 0.000000E+000
