       0
       0
       0
       0
       0
       0
       0
       0
       0
       0
       0
       0
       0
       0
       0
       0
       0
       0
       0
       0
       0
       0
       0
       0
       0
       0
       0
       0
       0
       0
       0
       0
       0
       0
       0
       0
       0
       0
       0
       0
       0
       0
       0
       0
       0
       0
       0
       0
       0
       0
       0
       0
       0
       0
       0
       0
       0
       0
       0
       0
       0
       0
       0
       0
       0
       0
       0
       0
       0
       0
       0
       0
       0
       0
       0
       0
       0
       0
       0
       0
       0
       0
       0
       0
       0
       0
       0
       0
       0
       0
       0
       0
       0
       0
       0
       0
       0
       0
       0
       0
       0
       0
       0
       0
       0
       0
       0
       0
       0
       0
       0
       0
       0
       0
       0
       0
       0
       0
       0
       7
      60
      45
      92
     105
      94
      92
     103
     109
      85
      95
      85
      92
      96
      84
      78
      89
      79
      86
      87
      89
      79
      89
      96
      83
      72
      87
      92
      69
      97
      81
      85
      78
      79
      67
      73
      70
      87
      61
      84
      83
      68
      94
      82
     111
      92
      89
      85
      69
      91
      78
      90
      66
      96
      69
      64
      73
      84
      68
      77
      68
      72
      72
      70
      59
      77
      73
      63
      75
      78
      62
      79
      59
      61
      68
      64
      53
      52
      67
      67
      58
      59
      67
      68
      75
      66
      61
      63
      69
      62
      57
      49
      74
      61
      67
      62
      61
      64
      58
      67
      53
      57
      55
      58
      56
      58
      60
      59
      60
      63
      69
      58
      61
      56
      53
      57
      74
      52
      65
      57
      74
      53
      66
      56
      49
      47
      46
      42
      58
      53
      45
      42
      46
      55
      58
      62
      54
      53
      44
      70
      60
      50
      53
      49
      55
      50
      55
      49
      55
      41
      54
      40
      45
      46
      48
      40
      46
      38
      45
      39
      45
      51
      46
      45
      41
      46
      41
      47
      39
      52
      47
      38
      42
      37
      59
      44
      50
      48
      51
      44
      47
      45
      42
      30
      40
      37
      36
      40
      43
      39
      41
      31
      37
      38
      37
      29
      29
      37
      46
      31
      41
      38
      31
      44
      36
      42
      30
      43
      39
      36
      44
      36
      38
      31
      35
      41
      44
      38
      35
      40
      34
      45
      34
      43
      37
      29
      35
      31
      34
      36
      33
      33
      35
      42
      26
      35
      26
      37
      42
      34
      30
      42
      39
      47
      36
      28
      35
      41
      44
      37
      39
      27
      23
      29
      34
      29
      32
      23
      34
      30
      34
      25
      27
      24
      29
      22
      46
      28
      30
      27
      27
      35
      33
      39
      31
      30
      31
      24
      31
      31
      35
      29
      28
      27
      31
      30
      23
      24
      36
      33
      23
      27
      31
      31
      20
      30
      22
      20
      24
      30
      33
      29
      20
      31
      24
      24
      30
      15
      25
      15
      28
      24
      19
      25
      29
      24
      25
      23
      21
      38
      23
      22
      23
      26
      29
      20
      22
      17
      19
      18
      21
      20
      17
      22
      22
      20
      17
      26
      15
      24
      17
      18
      24
      24
      19
      18
      25
      20
      23
      27
      19
      17
      24
      23
      18
      29
      23
      12
      30
      30
      17
      24
      17
      21
      23
      17
      14
      22
      19
      25
      16
      16
      18
      16
      16
      15
      15
      21
      27
      19
      18
      21
      15
      17
      17
      17
      20
      21
      14
      17
      20
      12
      10
      13
      11
      18
      12
      17
      17
      22
      17
      14
      18
       8
      13
      21
      16
      14
      15
      20
      14
      11
      12
      11
      13
      11
      13
      14
      16
      19
      18
      16
      16
       5
      16
      22
      10
      19
      16
      14
       9
      18
      14
      20
      22
      11
      15
      11
      10
      15
      15
      10
      14
      14
      14
      20
      11
      16
      20
      20
      11
      14
      11
      17
      18
       8
      11
      13
      16
       8
      14
       6
      15
      18
       6
      12
       5
      17
      15
      10
      12
      11
      16
      21
      14
      13
       8
       4
      11
      24
      12
      11
      10
      11
       8
       9
      13
       5
       9
      13
       8
      14
       8
      15
       8
       8
      13
       5
      23
      10
      16
      15
       9
      12
       8
      11
      13
      10
       8
       6
       6
       6
      10
       9
      11
      10
      14
       9
      11
       9
      11
       8
       9
      10
      15
       9
       6
       9
       8
      11
      10
      14
      13
       9
       8
       5
      10
       9
       9
      14
       9
       7
      13
       8
       7
      11
      14
       5
      12
       5
       7
       5
       8
       7
      10
      10
       6
      10
      13
       7
      10
       8
       8
       6
      15
      10
       4
       4
       8
       9
       8
      13
      12
       2
       8
       7
       5
      13
       5
       5
       5
       5
       9
      10
       5
       4
       5
       8
       7
       5
       7
       7
       3
      11
       7
       4
      10
       4
       7
       6
       4
       6
      10
      11
       8
      11
       6
       5
       5
       6
       8
       4
       3
       4
       6
      11
       7
       6
       5
      12
       9
       5
       6
       2
      10
      11
      10
       5
       5
       4
       4
       5
       2
       5
       2
      10
       5
       4
       6
       3
      10
       6
       5
       3
      11
       5
       3
       8
       6
       9
       4
       4
       7
       3
       7
       8
       3
       8
       7
       7
       5
       3
       4
       6
       2
       4
       4
       3
       9
       9
       4
       3
       6
       5
      10
       3
       6
       6
       5
       6
       7
       7
       2
      13
       4
       3
       8
       5
      10
       9
       6
       7
       9
       7
       4
       8
       6
       1
       6
       5
       6
       4
       5
       5
       7
      10
       2
       6
       4
       2
       4
       4
       4
       6
       3
       3
       3
       5
       4
       7
       8
       8
       3
       6
       1
       4
       3
       7
       5
       2
       3
       1
       2
       7
       7
       2
       3
       4
       4
       4
       3
       9
       2
       3
       7
       2
       1
       4
       3
       4
       4
       1
       5
       4
       5
       6
       6
       7
       5
       4
       6
       2
       4
       2
       3
       3
       8
       3
       2
       3
       6
       2
       1
       3
       4
       5
       1
       1
       3
       5
       5
       5
       3
       7
       2
       3
       3
       5
       5
       5
       2
       7
       2
       1
       2
      10
       5
       3
       1
       3
       5
       3
       5
       2
       3
       2
       3
       4
       6
       5
       4
       5
       1
       4
       3
       3
       1
       5
       2
       3
       3
       2
       4
       1
       4
       4
       1
       5
       5
       4
       2
       7
       5
       3
       5
       3
       1
       3
       3
       4
       5
       3
       5
       1
       3
       2
       6
       3
       2
       3
       3
       2
       2
       2
       4
       7
       3
       4
       3
       3
       5
       2
       4
       1
       4
       3
       3
       2
       2
       5
       5
       5
       2
       1
       0
       0
       0
       2
       2
       1
       1
       0
       3
       4
       4
       3
       2
       5
       1
       6
       3
       5
       5
       3
       0
       1
       4
       3
       2
       2
       1
       1
       2
       2
       3
       2
       0
       7
       3
       6
       1
       7
       1
       1
       3
       4
       0
       3
       2
       2
       2
       2
       2
       3
       3
       2
       2
       2
       1
       3
       2
       0
       7
       1
       2
       0
       2
       1
       1
       2
       5
       1
       4
       8
       2
       1
       1
       3
       1
       3
       2
       0
       0
       2
       0
       1
       4
       1
       1
       2
       4
       2
       2
       1
       3
       2
       2
       4
       3
       1
       0
       2
       0
       2
       3
       3
       1
       0
       0
       5
       1
       0
       3
       7
       0
       2
       2
       0
       0
       2
       1
       2
       0
       3
       2
       2
       3
       2
       2
       4
       4
       0
       4
       3
       0
       1
       2
       1
       1
       1
       1
       0
       0
       1
       2
       0
       1
       5
       3
       0
       3
       4
       1
       2
       3
       1
       5
       3
       1
       2
       4
       2
       1
       1
       1
       1
       1
       1
       2
       2
       2
       2
       5
       4
       2
       2
       4
       4
       1
       2
       1
       3
       2
       3
       3
       4
       2
       1
       0
       2
       1
       2
       3
       0
       1
       2
       1
       4
       1
       2
       0
       1
       3
       1
       3
       2
       2
       1
       0
       3
       1
       2
       1
       0
       1
       3
       0
       1
       1
       0
       1
       2
       1
       4
       3
       2
       1
       2
       2
       2
       1
       1
       2
       2
       1
       3
       3
       2
       1
       2
       1
       2
       1
       5
       2
       1
       1
       1
       4
       2
       0
       3
       3
       1
       2
       1
       0
       0
       0
       2
       1
       3
       3
       2
       2
       1
       2
       3
       1
       2
       2
       0
       2
       3
       4
       1
       0
       1
       1
       3
       1
       0
       0
       3
       2
       2
       0
       2
       2
       0
       2
       0
       3
       3
       4
       2
       2
       1
       2
       3
       0
       0
       0
       1
       0
       0
       1
       0
       1
       2
       1
       0
       3
       2
       1
       1
       0
       0
       1
       1
       1
       0
       1
       1
       0
       1
       1
       0
       4
       0
       0
       0
       0
       1
       3
       0
       1
       1
       2
       1
       2
       1
       2
       1
       1
       0
       1
       1
       2
       2
       1
       1
       1
       1
       0
       0
       2
       1
       3
       0
       2
       2
       0
       2
       0
       1
       0
       1
       1
       0
       2
       2
       0
       5
       1
       1
       2
       0
       2
       2
       1
       0
       0
       0
       2
       2
       1
       2
       1
       0
       0
       1
       0
       3
       1
       1
       0
       0
       0
       1
       0
       2
       1
       0
       2
       1
       1
       0
       1
       1
       0
       2
       1
       1
       1
       2
       4
       1
       0
       1
       2
       0
       1
       1
       2
       1
       2
       1
       1
       1
       0
       1
       0
       1
       0
       3
       1
       3
       2
       2
       2
       0
       2
       0
       1
       0
       1
       2
       2
       3
       2
       1
       0
       1
       0
       3
       1
       2
       0
       3
       1
       0
       1
       0
       1
       0
       1
       1
       0
       1
       1
       2
       0
       0
       0
       1
       2
       0
       2
       1
       1
       1
       1
       2
       1
       1
       0
       1
       1
       0
       1
       0
       2
       1
       0
       0
       0
       2
       0
       3
       0
       1
       1
       3
       1
       1
       1
       2
       1
       0
       0
       2
       1
       1
       2
       1
       1
       1
       0
       0
       1
       2
       0
       0
       0
       0
       0
       1
       0
       4
       1
       1
       3
       1
       0
       0
       1
       1
       2
       1
       1
       0
       2
       3
       1
       1
       2
       0
       2
       1
       1
       0
       3
       1
       0
       1
       2
       1
       2
       0
       0
       0
       0
       0
       4
       2
       1
       0
       1
       0
       3
       0
       3
       1
       0
       1
       1
       0
       2
       0
       1
       1
       0
       2
       3
       2
       1
       1
       4
       1
       1
       0
       0
       2
       0
       1
       0
       1
       2
       1
       0
       2
       1
       2
       0
       3
       2
       1
       3
       1
       1
       2
       3
       0
       1
       1
       1
       2
       1
       0
       1
       2
       2
       1
       2
       1
       0
       0
       1
       2
       2
       1
       2
       2
       0
       0
       2
       0
       1
       0
       1
       2
       2
       0
       1
       0
       1
       0
       1
       1
       0
       1
       1
       0
       1
       0
       0
       3
       0
       1
       1
       2
       1
       0
       1
       0
       1
       2
       0
       1
       0
       1
       0
       0
       0
       0
       1
       0
       1
       0
       1
       0
       2
       2
       3
       1
       5
       1
       2
       1
       3
       1
       2
       3
       1
       1
       1
       0
       5
       3
       1
       1
       1
       1
       1
       2
       1
       2
       1
       2
       1
       0
       2
       0
       0
       0
       1
       0
       1
       2
       0
       0
       0
       2
       0
       1
       1
       2
       0
       3
       2
       1
       0
       0
       0
       0
       1
       0
       2
       5
       0
       1
       0
       1
       0
       0
       2
       0
       0
       3
       0
       0
       0
       4
       0
       2
       2
       0
       0
       0
       2
       2
       0
       3
       0
       0
       1
       1
       2
       0
       2
       1
       1
       1
       2
       0
       0
       0
       2
       1
       6
       1
       1
       2
       1
       3
       1
       2
       1
       1
       1
       0
       0
       1
       1
       0
       0
       0
       1
       0
       2
       0
       1
       0
       2
       4
       0
       3
       1
       0
       2
       2
       0
       0
       0
       1
       1
       2
       3
       1
       1
       1
       1
       2
       0
       1
       0
       4
       0
       1
       0
       2
       0
       1
       0
       0
       1
       0
       0
       2
       1
       1
       0
       0
       0
       1
       0
       1
       2
       4
       1
       0
       0
       1
       0
       4
       1
       0
       0
       2
       1
       2
       0
       0
       2
       0
       0
       1
       1
       2
       1
       2
       1
       0
       1
       1
       2
       1
       1
       2
       0
       0
       0
       0
       1
       1
       1
       1
       1
       1
       0
       1
       5
       2
       1
       1
       2
       1
       0
       0
       1
       0
       1
       1
       0
       1
       0
       2
       0
       2
       3
       0
       1
       1
       0
       2
       2
       1
       2
       1
       1
       1
       1
       2
       2
       2
       0
       1
       0
       0
       1
       0
       0
       2
       0
       0
       1
       0
       0
       0
       0
       2
       1
       0
       0
       0
       1
       0
       1
       1
       1
       1
       3
       0
       0
       2
       1
       0
       1
       0
       1
       1
       1
       1
       0
       1
       0
       0
       0
       1
       2
       0
       0
       0
       2
       2
       1
       1
       2
       4
       1
       1
       1
       0
       3
       1
       0
       0
       0
       1
       1
       0
       2
       1
       1
       1
       2
       3
       1
       1
       1
       0
       0
       0
       1
       2
       2
       2
       1
       0
       1
       0
       2
       1
       0
       2
       3
       2
       1
       0
       0
       0
       1
       1
       0
       2
       5
       0
       0
       0
       0
       0
       0
       0
       0
       0
       0
       0
       0
       0
       0
       0
       0
       0
       0
       0
       0
       0
       0
       0
       0
       0
       0
       0
       0
       0
       0
       0
       0
