$SPEC_ID:
No sample description was entered.
$SPEC_REM:
DET# 2
DETDESC# JLAB-20 MCB 129
AP# Maestro Version 7.01
$DATE_MEA:
02/25/2016 14:21:26
$MEAS_TIM:
1000 1004
$DATA:
0 2047
       0
       0
       4
       2
       0
      36
    1083
     464
     490
     591
     498
     488
     492
     469
     462
     523
     507
     524
     457
     500
     456
     542
     487
     495
     495
     438
     458
     431
     460
     488
     451
     469
     449
     508
     499
     436
     442
     470
     428
     472
     503
     418
     494
     402
     427
     435
     417
     402
     446
     431
     430
     424
     415
     448
     430
     425
     408
     390
     435
     433
     424
     407
     417
     374
     416
     421
     403
     400
     424
     409
     391
     395
     416
     383
     410
     430
     372
     391
     375
     385
     397
     424
     394
     390
     373
     389
     392
     405
     399
     379
     379
     401
     407
     418
     389
     455
     387
     402
     407
     451
     434
     374
     395
     432
     432
     581
     698
     506
     674
     966
     530
     393
     391
     372
     378
     377
     397
     363
     397
     353
     371
     390
     512
     666
     532
     397
     415
     443
     423
     415
     397
     360
     373
     407
     385
     437
     403
     386
     364
     352
     362
     427
     401
     377
     398
     427
     377
     384
     364
     398
     370
     429
     403
     391
     369
     416
     393
     381
     447
     394
     388
     364
     384
     407
     413
     415
     410
     400
     390
     390
     398
     380
     408
     423
     441
     386
     409
     408
     428
     426
     397
     432
     378
     379
     406
     411
     394
     408
     380
     413
     383
     426
     389
     404
     363
     404
     409
     408
     416
     432
     398
     411
     380
     392
     398
     377
     383
     421
     369
     374
     372
     365
     404
     402
     365
     397
     386
     374
     377
     390
     412
     367
     405
     386
     375
     403
     407
     409
     387
     393
     402
     391
     401
     388
     408
     407
     399
     396
     370
     415
     399
     427
     352
     393
     395
     410
     430
     401
     464
     447
     438
     504
     426
     441
     438
     456
     449
     472
     470
     442
     475
     444
     430
     425
     441
     433
     427
     473
     482
     468
     452
     493
     448
     415
     445
     447
     436
     446
     439
     422
     388
     474
     446
     451
     429
     414
     451
     429
     457
     409
     444
     398
     428
     432
     390
     413
     381
     377
     441
     405
     364
     407
     410
     415
     404
     377
     391
     381
     405
     390
     420
     425
     399
     407
     412
     365
     376
     410
     408
     385
     407
     402
     396
     401
     429
     365
     422
     366
     397
     360
     384
     385
     349
     381
     405
     392
     378
     342
     382
     354
     338
     369
     390
     340
     344
     322
     384
     401
     348
     328
     371
     375
     361
     363
     366
     354
     367
     343
     363
     362
     353
     344
     363
     321
     345
     373
     355
     357
     363
     381
     354
     370
     356
     347
     344
     332
     360
     334
     352
     331
     395
     347
     316
     322
     365
     347
     328
     321
     375
     348
     324
     338
     334
     345
     362
     350
     343
     302
     331
     327
     356
     345
     369
     312
     345
     335
     340
     373
     342
     354
     329
     339
     367
     343
     347
     355
     336
     362
     341
     332
     377
     357
     391
     301
     337
     348
     381
     397
     329
     354
     386
     330
     338
     388
     345
     366
     358
     383
     349
     340
     356
     378
     345
     388
     385
     388
     354
     353
     368
     354
     382
     407
     361
     375
     371
     377
     410
     389
     447
     410
     354
     423
     405
     421
     412
     430
     386
     385
     397
     456
     407
     404
     428
     444
     394
     446
     456
     439
     442
     428
     420
     462
     430
     438
     421
     450
     455
     468
     470
     420
     426
     387
     400
     417
     392
     413
     361
     341
     331
     312
     266
     298
     272
     265
     232
     272
     232
     221
     232
     258
     214
     252
     262
     260
     193
     205
     186
     214
     203
     202
     209
     210
     253
     209
     204
     205
     226
     216
     226
     198
     213
     206
     175
     190
     190
     184
     185
     198
     184
     176
     170
     176
     175
     168
     152
     169
     178
     179
     177
     175
     166
     161
     175
     161
     181
     159
     148
     140
     145
     134
     162
     153
     139
     140
     139
     134
     132
     132
     119
     126
     145
     133
     119
     118
     125
     137
     128
     124
     124
     135
     111
     123
     136
     111
     125
     106
     112
     139
     140
     132
     125
     109
     128
     114
      95
      94
     103
      99
     109
     111
      81
      94
      86
      97
     123
      91
     104
      98
      85
     110
     121
     103
     110
      94
      78
      90
      87
      96
      99
      75
     102
      85
      90
      89
      89
     109
      94
      87
     101
      94
      90
      92
      94
     101
      86
     103
      84
      97
      85
      97
     100
      91
      88
      72
      99
      93
      90
      99
     108
      93
      94
      72
      81
      92
      85
      90
      79
      82
      99
      90
      64
      95
      67
      76
      94
      74
      81
      78
      83
      72
      87
      86
      90
      81
      93
      84
      84
      72
      55
      69
      89
      78
      93
      71
      83
      82
      65
      74
      80
      81
      66
      80
      78
      67
      81
      73
      65
      79
      76
      56
      76
      90
      88
      68
     101
      78
      87
      70
      96
      70
      69
      76
      98
      81
      82
      82
      76
      86
      94
      75
      74
      74
      77
      95
      81
     102
      81
      93
      91
      91
      97
      99
     102
      91
     110
      98
     112
     119
     165
     259
     588
    1636
    3890
    7376
    9877
    8948
    5924
    2775
    1019
     350
     126
      86
      42
      49
      64
      57
      60
      54
      42
      38
      40
      47
      53
      48
      49
      60
      42
      57
      42
      37
      46
      60
      47
      54
      37
      57
      47
      47
      46
      43
      42
      64
      41
      55
      38
      43
      51
      48
      43
      59
      41
      46
      55
      50
      46
      30
      34
      50
      50
      43
      43
      46
      45
      54
      45
      61
      41
      44
      44
      36
      39
      51
      51
      38
      43
      43
      52
      48
      41
      52
      52
      54
      51
      38
      34
      50
      36
      58
      55
      44
      55
      39
      47
      51
      39
      51
      47
      45
      37
      47
      43
      48
      48
      40
      53
      39
      44
      46
      55
      65
      44
      52
      52
      47
      49
      43
      39
      59
      46
      46
      35
      40
      44
      56
      48
      46
      39
      47
      34
      33
      49
      46
      41
      45
      36
      47
      47
      48
      42
      46
      39
      43
      54
      59
      50
      48
      51
      54
      65
      49
      45
      43
      38
      42
      38
      42
      53
      49
      30
      33
      28
      37
      43
      48
      43
      37
      34
      35
      40
      44
      34
      46
      39
      48
      36
      46
      44
      42
      48
      56
      32
      51
      42
      43
      37
      48
      43
      30
      48
      49
      50
      53
      38
      54
      42
      39
      41
      47
      52
      60
      37
      43
      49
      29
      33
      42
      32
      52
      47
      47
      45
      41
      40
      37
      56
      46
      47
      43
      34
      48
      47
      53
      46
      47
      57
      49
      49
      50
      48
      34
      35
      57
      52
      46
      40
      46
      35
      39
      44
      45
      50
      52
      42
      31
      36
      50
      41
      47
      55
      44
      46
      46
      42
      44
      48
      48
      47
      45
      59
      62
      48
      57
      50
      41
      56
      45
      41
      49
      49
      54
      43
      41
      37
      52
      42
      38
      54
      40
      39
      34
      40
      47
      39
      41
      49
      47
      35
      40
      40
      42
      47
      48
      48
      47
      45
      45
      38
      42
      52
      41
      41
      46
      47
      50
      56
      36
      39
      40
      44
      53
      37
      36
      41
      50
      48
      49
      42
      38
      44
      50
      53
      34
      43
      46
      40
      31
      47
      48
      41
      38
      49
      41
      53
      53
      40
      44
      49
      33
      42
      42
      45
      46
      40
      46
      39
      45
      54
      35
      44
      41
      44
      49
      39
      42
      53
      47
      50
      39
      48
      41
      34
      50
      49
      42
      52
      46
      47
      50
      49
      44
      54
      45
      44
      47
      42
      55
      46
      42
      44
      45
      53
      30
      63
      41
      49
      47
      48
      38
      41
      41
      32
      49
      51
      50
      49
      54
      48
      29
      36
      46
      46
      50
      37
      55
      44
      43
      41
      59
      39
      42
      41
      56
      39
      45
      46
      51
      33
      45
      36
      42
      50
      42
      53
      47
      44
      43
      42
      53
      49
      40
      42
      53
      29
      43
      53
      47
      50
      48
      43
      40
      51
      46
      50
      53
      49
      57
      39
      42
      47
      51
      49
      48
      44
      52
      40
      47
      53
      43
      41
      43
      36
      34
      39
      43
      56
      54
      43
      45
      53
      47
      49
      41
      34
      43
      39
      51
      48
      50
      56
      43
      33
      36
      45
      49
      46
      42
      36
      54
      38
      42
      44
      42
      45
      32
      43
      35
      57
      47
      47
      46
      56
      41
      45
      33
      49
      48
      45
      50
      44
      50
      48
      37
      41
      47
      51
      58
      43
      41
      48
      47
      63
      58
      48
      46
      38
      36
      35
      51
      46
      43
      58
      37
      52
      53
      49
      51
      51
      46
      40
      51
      55
      45
      41
      42
      41
      51
      43
      44
      52
      38
      56
      37
      49
      49
      55
      48
      47
      55
      52
      52
      44
      57
      47
      41
      45
      48
      57
      48
      47
      54
      44
      43
      36
      60
      58
      48
      56
      54
      61
      52
      40
      40
      39
      53
      38
      54
      49
      53
      60
      51
      46
      47
      49
      56
      47
      61
      39
      59
      51
      42
      57
      40
      44
      43
      57
      42
      46
      48
      48
      40
      55
      50
      51
      60
      47
      47
      51
      56
      50
      46
      56
      52
      46
      59
      42
      53
      59
      48
      55
      63
      39
      57
      53
      54
      63
      50
      59
      53
      59
      65
      38
      55
      62
      62
      52
      51
      51
      44
      51
      66
      51
      57
      56
      62
      47
      50
      46
      58
      72
      44
      51
      48
      54
      58
      70
      54
      71
      47
      54
      52
      54
      60
      66
      50
      55
      65
      57
      71
      48
      74
      50
      73
      54
      54
      61
      65
      59
      67
      60
      62
      72
      64
      60
      50
      63
      61
      77
      63
      67
      72
      49
      69
      67
      76
      64
      68
      70
      65
      78
      65
      47
      58
      85
      67
      51
      64
      56
      70
      65
      69
      66
      72
      73
      68
      62
      70
      76
      63
      65
      65
      68
      60
      65
      70
      74
      74
      62
      58
      76
      57
      74
      93
      61
      72
      61
      71
      75
      64
      78
      69
      81
      87
      75
      81
      69
      74
      71
      83
      82
      78
      67
      59
      90
      88
      64
      76
      71
      79
      79
      88
      84
      85
      78
      98
      88
      96
      85
      82
      91
      73
      82
     112
      84
      77
      84
      83
      76
      78
      84
      74
      76
      87
      72
      80
     107
      63
      86
      77
      82
      97
     102
      75
      81
      74
      79
      77
      84
      89
      52
      75
      62
      57
      57
      56
      60
      70
      56
      45
      42
      49
      48
      49
      56
      42
      38
      47
      53
      55
      40
      38
      49
      43
      54
      48
      42
      51
      48
      35
      54
      45
      52
      36
      62
      45
      26
      36
      43
      43
      46
      31
      47
      42
      46
      39
      44
      45
      44
      48
      36
      42
      40
      45
      38
      44
      42
      42
      39
      43
      35
      37
      55
      31
      47
      38
      45
      35
      36
      34
      43
      40
      32
      32
      34
      27
      40
      28
      33
      32
      33
      26
      37
      29
      47
      48
      22
      25
      30
      27
      29
      31
      27
      33
      24
      27
      39
      29
      43
      24
      34
      29
      19
      21
      30
      30
      24
      26
      26
      23
      34
      18
      32
      25
      29
      26
      27
      20
      20
      28
      21
      20
      21
      15
      34
      38
      23
      25
      18
      21
      21
      26
      28
      20
      26
      24
      23
      14
      19
      15
      17
      17
      26
      17
       8
      20
      20
      21
      23
      27
      18
       9
      22
      19
      15
      12
      25
      16
      14
      17
      12
      19
      15
      17
      24
      14
      11
      14
      14
      15
      18
      19
      16
      17
      11
      13
      17
      11
      18
      12
       8
      15
      12
       8
      10
      14
       6
      15
      17
       7
      12
      16
      15
       8
      13
       8
      13
       9
      14
       4
      11
      12
      12
      11
      16
      15
      20
       9
       9
      21
      15
      17
      14
       7
      10
      14
      10
      21
      10
      17
       8
      13
      19
      14
      12
      15
      20
       6
      10
      12
       8
      14
      12
      10
      14
       9
       9
      11
      11
      10
       7
      10
      14
      12
      11
      16
       4
      13
      18
       8
      11
       9
      16
      20
      17
      18
      22
       9
      11
       7
      13
      10
       9
      16
      15
      11
       9
      11
      10
       6
      10
      14
      10
       9
       7
      13
      11
      10
      18
      13
      10
       9
      13
      15
       9
      11
       9
       6
      16
      12
      15
      10
      15
      12
      10
      11
       6
      12
      12
      15
      15
      22
      14
      20
      51
     111
     385
    1305
    2332
    2305
    1105
     322
      62
      12
       8
       9
       4
       9
      12
      14
      11
      11
       9
       7
       9
       9
       8
      12
      11
       9
       8
      11
      10
       7
       6
      14
      11
      11
       9
      10
       6
       7
       6
       4
      10
      10
       7
       9
      10
      13
       9
       5
       5
      14
      10
      10
      14
       9
       8
      10
      11
       9
       7
       6
      10
       6
       7
       6
      11
      15
       8
      10
       7
      13
       4
      10
      11
       7
      14
      14
       5
      12
       9
       6
       6
       5
       7
       4
       7
      11
      14
       6
      12
      10
       2
       5
       8
      10
      10
       7
       8
       8
       7
       9
       5
       4
       7
       3
       7
       6
      10
       7
       8
       6
      10
      13
      11
       5
       6
       8
       7
       4
       7
       8
       4
       3
       5
      12
       6
       4
       7
      10
       7
      11
       8
       8
       8
       6
       6
       8
       6
      10
       5
       7
      10
       4
       4
      10
       9
       7
      12
       7
       2
       6
       6
       4
       7
       6
       7
       8
      10
       8
       6
      10
      11
       6
       3
       7
       0
       0
       0
       0
       0
       0
       0
       0
       0
       0
       0
       0
       0
       0
       0
       0
       0
       0
       0
       0
       0
       0
       0
       0
       0
       0
       0
       0
       0
       0
       0
       0
$ROI:
1
11 2032
$PRESETS:
Live Time
1000
0
$ENER_FIT:
0.000000 0.024067
$MCA_CAL:
3
0.000000E+000 2.406711E-002 0.000000E+000 keV
$SHAPE_CAL:
3
0.000000E+000 0.000000E+000 0.000000E+000
