104
103
111
108
106
98
129
103
96
91
95
93
116
113
123
117
112
90
90
104
108
86
93
78
93
93
114
96
83
104
109
86
78
96
98
98
99
99
101
101
100
108
94
101
102
92
101
92
101
85
111
92
93
97
94
107
95
88
109
93
100
83
103
97
95
96
115
99
64
106
97
81
103
98
102
103
99
84
106
106
97
84
117
112
109
99
112
111
104
100
86
96
93
111
103
106
90
117
97
103
108
105
63
100
122
76
83
87
102
83
98
96
105
96
95
104
102
93
97
92
93
110
98
104
101
116
96
96
107
111
80
110
109
101
98
102
96
108
87
99
107
103
72
79
99
92
97
98
85
96
97
95
114
99
91
95
109
103
104
103
94
111
75
96
102
115
99
98
104
107
97
99
104
106
103
108
82
87
83
90
110
101
91
116
101
110
95
93
105
100
94
81
90
108
100
98
88
103
89
102
91
100
96
92
88
90
111
106
74
109
93
112
110
96
95
90
97
95
109
94
110
91
96
96
102
99
83
97
101
85
92
107
103
109
80
78
97
92
102
109
107
115
100
101
104
111
91
105
91
92
107
101
75
117
112
111
100
101
82
107
107
102
97
100
101
99
89
104
104
107
95
109
95
94
94
107
95
96
104
82
90
98
92
107
104
110
92
98
106
88
98
100
105
115
90
84
103
93
101
105
99
104
109
111
105
94
95
91
102
108
87
98
103
107
100
84
98
108
124
110
85
107
106
107
92
95
102
120
99
100
119
107
121
92
82
90
106
108
104
96
104
83
111
87
116
97
89
95
113
108
91
91
113
107
108
92
91
104
88
100
105
90
97
109
113
90
106
101
91
105
95
103
93
100
107
103
93
104
95
88
104
116
110
90
105
104
100
98
97
110
93
94
101
103
99
111
117
109
106
88
86
110
96
113
102
84
92
90
98
112
87
115
115
94
82
99
102
106
96
85
112
109
97
107
98
100
101
93
89
103
103
93
111
88
112
97
95
107
94
100
93
84
109
88
101
103
68
90
77
107
105
96
104
87
109
98
87
87
88
103
92
98
109
95
94
109
92
104
102
101
95
89
89
110
99
93
108
105
90
89
104
104
104
91
109
103
115
104
93
84
83
106
93
89
83
109
110
93
107
94
96
95
85
86
100
97
98
103
104
103
96
106
105
102
112
118
111
95
104
113
105
133
100
94
105
127
92
98
90
93
97
96
115
99
101
100
109
109
88
103
107
94
94
99
97
99
98
93
89
94
96
93
80
99
113
104
89
93
108
106
109
115
91
101
94
98
93
96
90
73
97
94
91
102
106
106
100
95
99
95
105
115
94
99
97
95
97
112
117
75
102
108
103
88
105
87
102
110
93
91
83
109
81
96
91
100
100
111
102
90
113
104
100
109
94
112
101
87
99
95
101
117
96
81
106
95
104
100
111
107
97
100
102
100
106
106
91
99
100
90
108
90
100
93
103
99
93
101
87
101
110
106
101
104
111
101
114
101
111
99
90
93
103
98
103
93
115
105
104
97
104
99
124
87
99
105
116
103
103
104
90
93
101
93
100
108
104
82
92
97
114
103
92
96
94
97
112
101
95
104
103
87
96
116
114
93
94
108
97
112
99
100
97
97
99
106
106
96
99
97
85
122
102
99
120
105
100
96
98
92
101
118
91
107
110
113
103
102
107
94
77
94
101
92
114
88
94
99
104
110
103
109
102
100
108
98
84
123
107
102
96
102
113
110
111
87
108
97
95
81
105
110
84
93
117
88
118
96
112
94
106
84
88
111
98
101
106
118
85
88
89
108
90
100
105
124
103
94
101
101
113
86
122
113
116
104
106
87
89
109
110
87
107
95
93
110
98
104
82
106
129
97
101
108
90
113
95
105
99
104
105
93
101
90
113
102
110
120
108
101
111
94
116
124
114
83
102
98
83
115
107
85
106
94
118
90
102
99
98
112
92
101
116
104
82
97
111
97
107
106
93
114
91
110
98
107
96
112
111
89
105
90
98
101
101
107
106
113
99
97
116
87
101
95
116
103
99
112
106
102
87
80
86
99
91
86
95
92
96
101
119
92
97
124
99
122
100
123
101
89
96
106
98
115
85
97
101
107
106
97
113
91
112
93
98
74
101
96
104
115
102
93
113
79
92
106
87
106
93
98
94
90
95
103
80
103
92
97
99
108
92
97
113
89
83
105
95
128
91
101
102
100
99
90
93
106
128
101
104
105
117
96
99
89
86
101
104
110
102
85
106
90
86
84
86
92
97
94
90
103
