11
9
9
8
14
11
6
6
4
15
9
9
10
7
4
11
10
7
7
11
12
10
10
9
10
12
8
12
6
10
9
14
9
15
9
8
14
10
9
10
8
8
7
10
13
13
11
17
17
11
12
9
12
5
9
9
6
17
9
9
12
9
10
11
5
9
16
11
15
15
12
10
13
4
12
6
5
7
10
3
13
10
7
8
5
7
10
10
9
9
8
10
18
12
9
10
9
9
9
12
9
11
13
6
7
15
17
8
8
13
13
9
9
8
8
19
5
11
10
6
10
12
16
10
15
18
10
9
6
13
9
12
10
10
8
7
6
13
9
11
6
11
6
8
9
12
14
13
8
9
16
8
7
12
8
8
2
10
9
7
12
10
8
9
8
10
5
11
5
13
9
6
11
11
12
12
13
11
14
11
12
12
11
15
16
8
6
13
11
7
10
15
7
11
7
11
11
9
11
9
13
12
9
11
11
14
19
12
10
5
6
13
14
11
10
16
6
9
4
11
10
4
11
9
4
17
7
10
13
11
5
9
9
12
23
8
14
5
8
12
10
10
8
6
10
14
11
9
7
7
17
16
9
12
10
12
17
5
9
10
7
9
14
6
6
7
11
8
12
8
12
8
11
7
15
9
9
7
10
9
5
14
14
12
10
13
14
11
6
6
9
12
11
10
5
7
15
11
10
7
16
9
10
13
12
9
11
16
11
8
12
10
17
8
10
8
6
6
6
19
11
12
13
13
15
5
7
12
14
9
7
10
4
5
15
9
12
8
11
14
11
15
19
7
4
14
7
6
12
7
7
10
15
12
11
6
8
15
13
14
11
7
7
12
15
11
10
11
8
13
12
11
9
10
9
19
9
16
4
12
9
11
8
15
8
9
8
5
11
13
11
9
7
6
17
10
6
8
7
8
14
10
7
7
5
13
17
15
9
14
10
10
7
6
11
8
10
7
2
13
9
4
12
7
11
8
8
7
9
12
14
12
8
9
15
11
8
11
11
9
7
8
11
11
8
5
10
7
10
14
11
8
13
7
8
11
8
13
8
10
12
12
11
8
12
9
8
6
3
15
14
9
12
11
6
7
14
14
9
8
11
11
4
13
10
14
6
15
15
6
9
8
13
15
12
11
11
8
12
7
12
6
16
11
14
7
18
8
8
9
12
13
9
9
12
8
14
11
17
7
7
8
12
9
11
9
10
9
11
4
13
9
12
16
10
11
9
13
11
10
9
11
6
5
14
11
11
9
10
7
6
11
7
10
3
9
8
11
10
11
7
7
4
15
11
10
8
5
13
11
4
15
3
11
12
10
8
11
9
10
7
12
7
6
14
13
14
6
12
7
13
12
12
12
5
11
14
10
10
8
16
10
16
5
7
10
11
9
11
9
13
10
11
8
6
5
14
12
13
9
6
7
8
6
13
7
11
10
7
12
11
7
9
11
8
11
15
10
11
17
14
11
17
7
10
11
13
9
5
10
7
9
11
6
12
5
13
14
7
11
20
5
7
8
10
11
12
10
11
5
7
12
8
12
13
6
11
12
10
8
14
15
10
12
13
7
6
11
4
5
6
13
9
8
9
7
12
8
8
12
11
12
9
7
10
10
9
8
16
8
10
9
8
3
11
14
9
13
15
9
7
7
8
13
10
13
6
11
10
8
2
8
13
14
19
3
12
6
11
13
13
10
8
12
7
8
3
9
4
13
7
13
5
8
5
12
12
15
14
13
22
13
8
4
12
10
9
13
5
9
7
5
12
14
9
8
14
12
14
15
15
20
9
11
13
11
12
10
10
12
5
14
12
11
12
8
7
11
15
13
9
8
12
12
13
15
8
11
11
6
7
9
8
9
6
10
11
6
8
17
14
4
13
8
9
7
7
12
6
9
11
7
12
11
10
8
9
12
5
11
6
9
17
13
5
12
6
10
14
4
13
12
7
14
11
14
12
10
13
6
4
9
10
8
10
11
13
14
9
9
9
8
9
16
10
10
4
7
14
9
6
9
7
8
11
17
15
5
14
7
18
8
8
15
13
15
12
14
14
9
7
13
11
9
15
15
5
8
6
13
9
10
9
16
11
11
13
9
6
14
11
13
11
12
14
11
8
19
7
8
13
12
7
12
11
16
10
10
11
17
9
8
11
12
6
9
6
8
9
7
5
9
8
7
10
4
13
7
9
12
10
8
12
16
6
4
9
5
6
6
8
7
11
9
12
16
12
6
14
9
13
12
8
15
13
11
8
11
18
9
8
1
14
11
12
12
11
7
13
12
