109
107
100
121
100
103
105
92
119
94
98
121
131
124
101
115
116
101
98
92
90
110
83
88
97
120
123
84
78
98
107
91
103
96
105
102
110
93
120
97
105
112
94
126
102
102
103
105
111
96
99
90
107
99
99
95
82
79
118
90
101
94
108
97
118
99
107
80
111
87
96
98
106
117
103
91
103
98
103
105
87
93
89
89
97
107
100
101
99
99
110
101
109
104
85
114
102
94
125
97
110
99
103
103
102
71
85
100
106
95
95
99
98
95
103
112
101
113
93
106
102
99
119
103
111
99
85
104
95
97
94
106
106
112
96
110
85
108
109
91
97
105
79
107
90
98
99
100
110
98
117
91
103
91
100
102
95
106
114
118
101
120
121
108
116
91
97
106
123
107
99
101
115
109
100
92
109
105
116
113
90
124
104
102
85
108
107
110
99
106
126
90
113
106
105
108
88
93
102
107
