14
1
11
17
14
10
9
8
4
7
8
17
11
7
11
13
10
12
8
2
14
19
6
18
12
5
7
14
9
10
12
13
7
15
9
13
5
6
4
15
10
10
9
4
12
13
6
6
9
8
8
15
12
8
15
15
6
16
9
9
10
12
11
15
11
8
9
8
8
10
9
6
9
8
9
14
5
11
10
12
10
7
16
8
9
10
8
5
14
11
8
9
9
12
10
12
13
7
7
11
10
8
7
9
12
9
12
9
7
6
10
9
14
8
14
11
10
13
11
12
8
4
10
12
8
13
12
6
7
7
7
14
12
7
9
7
6
12
8
9
12
12
9
11
11
16
9
4
7
15
15
13
5
9
6
9
12
11
9
9
11
9
13
13
11
10
10
12
8
12
11
6
9
10
14
12
11
6
8
8
6
15
11
11
10
10
16
11
9
13
9
10
5
10
13
4
13
11
14
14
