0.000   694
3.899   694
5.123   692
6.228   692
7.696   690
8.618   690
9.935   690
10.960  688
12.508  688
14.168  688
17.016  686
18.562  678
20.236  660
22.838  646
24.733  580
25.363  556
26.940  534
27.746  508
30.086  428
31.010  380
32.816  364
34.131  338
35.347  306
35.976  268
36.940  258
37.572  220
38.784  182
40.128  158
42.657  142
43.348  120
44.472  106
45.046  92
47.278  62
49.044  48
51.130  46
52.995  50
54.749  50
55.068  58
57.384  72
58.509  98
61.119  102
62.628  112
64.654  126
66.302  144
68.899  168
69.617  178
71.512  194
72.539  202
76.315  226
78.462  234
82.220  230
84.845  238
87.927  214
89.324  208
91.183  190
93.137  178
96.629  150
98.619  138
101.024 130
103.006 104
104.956 94
107.428 80
109.446 62
111.334 60
112.339 56
115.206 50
117.803 48
120.55  50
122.97  50
124.89  52
127.42  52
130.34  56
132.46  58
134.93  64
140.21  66
143.86  90
148.61  90
152.04  88
157.06  78
159.08  66
161.03  66
164.69  58
167.59  58
171.14  56
173.83  52
175.70  50
181.11  42
184.01  42
189.29  42
194.11  42
200.22  44
-3.920  696
-4.653  698
-5.433  698
-6.628  698
-8.092  698
-9.956  698
-11.010 698
-12.660 698
-14.118 696
-15.773 696
-16.979 696
-20.046 694
-22.969 694
-25.110 694
-26.683 694
-28.345 694
-31.009 692
-33.050 692
-35.286 692
-36.664 678
-37.437 672
-39.662 636
-42.219 586
-44.033 502
-48.855 408
-49.364 380
-53.018 284
-56.017 206
-57.916 168
-59.264 134
-60.997 108
-62.177 90
-63.606 76
-64.762 64
-65.555 56
-67.313 52
-69.900 46
-72.306 48
-74.307 54
-76.701 58
-78.909 72
-80.503 84
-82.992 94
-85.949 102
-88.266 128
-91.015 134
-94.151 140
-97.387 140
-99.418 140
-101.498 138
-103.749 130
-106.563 118
-109.100 106
-111.971 94
-113.929 88
-116.535 72
-119.410 58
-122.41 54
-124.41 50
-125.57 50
-127.02 48
-130.57 48
-132.62 48
-134.58 48
-136.71 48
-139.35 50
-141.38 52
-143.80 54
-145.64 54
-147.66 56
-149.45 56
-151.87 56
-154.20 56
-157.81 58
-160.47 60
-163.36 58
-166.75 58
-169.25 58
-172.35 56
-175.56 54
-177.78 52
-180.95 48
-183.69 48
-186.18 48
-189.11 46
-192.88 46
-195.25 46
-198.82 46
-201.08 46